ORDERKEY,CUSTKEY,PARTKEY,SUPPKEY,NATIONKEY,REGIONKEY
1,36901,67310,7311,13,4
33,66958,137469,9983,18,2
261,46072,1349,6350,22,3
293,29929,8960,6461,0,0
353,1777,116803,1826,24,1
450,47380,78048,8049,24,1
519,62953,150926,5957,12,2
646,50417,98738,3757,23,3
709,36029,197250,9770,21,2
738,20752,187016,7017,14,0
771,44542,160505,3022,18,2
896,1646,176862,1897,24,1
1121,28006,199422,9423,17,1
1152,48952,41846,4351,0,0
1159,68326,108033,8034,22,3
1220,48490,48992,4001,13,4
1504,1762,177148,9666,15,0
1637,72703,92629,5139,0,0
1702,65312,194425,4426,13,4
1889,24268,167656,2689,17,1
2087,49189,58738,6254,21,2
2181,74026,87791,2808,1,1
2304,44923,18186,5690,15,0
2435,71318,120686,5711,14,0
2533,49547,93767,8786,22,3
2628,55228,89996,2505,15,0
2720,29966,44483,4484,22,3
2816,56695,120406,2919,17,1
2913,42205,21727,9234,22,3
3175,43813,532,3033,13,4
3271,33058,56433,3949,20,4
3494,47188,197161,4719,17,1
3526,55723,116383,3917,13,4
3617,39386,136286,1313,12,2
3943,39691,16818,1821,21,2
3968,24110,60159,5172,15,0
4000,69568,195697,5698,16,0
4162,21148,89349,9350,1,1
4384,24016,88695,6220,24,1
4832,33817,14730,4731,12,2
4868,74312,72576,5084,18,2
4868,74312,179044,9045,18,2
4934,38041,10672,3174,1,1
4995,38707,155462,5463,16,0
5248,69604,80249,7774,16,0
5285,69970,33846,1356,20,4
5285,69970,42130,9643,20,4
5314,33004,117209,7210,13,4
5377,62254,103123,5634,1,1
5856,36020,34305,9312,1,1
5863,64003,160562,3079,19,3
5891,45104,29674,4679,16,0
6049,44543,73845,8860,19,3
6054,1417,174891,4892,1,1
6178,64981,134312,4313,14,0
6375,21685,1101,6102,1,1
6631,47977,64343,4344,1,1
6692,24715,76322,3844,13,4
7143,40273,199887,4926,17,1
7331,23530,17646,7647,19,3
7361,39829,26885,9388,24,1
7495,18754,175320,2872,24,1
7527,39133,33642,8649,14,0
7685,45055,48014,5527,16,0
7811,24868,114566,9589,15,0
7874,32864,86600,4125,13,4
7907,56449,486,2987,22,3
8129,19435,134390,1930,21,2
8257,34921,197722,2761,18,2
8290,73339,97542,2561,22,3
8965,73013,100371,5392,0,0
9190,45931,122380,4893,0,0
9443,30230,131544,4058,12,2
9639,72124,110576,3088,24,1
9639,72124,180852,3371,24,1
9666,22060,95963,5964,24,1
9766,23398,180225,5262,18,2
9863,24659,170852,8404,14,0
9863,24659,174462,4463,14,0
10437,30484,116442,6443,19,3
10565,61282,39431,4438,19,3
10855,60718,1927,9428,1,1
11232,66049,52442,2443,16,0
11239,47387,66906,6907,0,0
11269,19825,78038,3053,23,3
11334,24406,130911,8451,17,1
11424,34207,167541,2574,17,1
11428,62794,114029,9052,0,0
11554,34351,85601,3126,24,1
11649,71788,71731,1732,18,2
11718,68755,76551,1566,24,1
11874,47932,133463,5977,24,1
11904,41387,16991,6992,18,2
11905,34168,116763,9275,24,1
11973,62983,96564,4092,22,3
12129,41660,91681,4191,21,2
12225,65554,28777,8778,18,2
12259,24806,13881,8884,13,4
12577,61483,42203,4708,24,1
12806,52534,195941,8461,16,0
12928,63346,160901,3418,22,3
12964,55510,61871,6884,24,1
13985,39626,36502,1509,1,1
14179,45796,176468,8986,23,3
14375,73198,72469,7484,21,2
14406,40757,81979,6996,20,4
14725,56842,118076,8077,12,2
14790,61280,24169,4170,18,2
15265,41099,70892,3400,19,3
15302,67121,45633,5634,1,1
15302,67121,191590,9148,1,1
15362,38278,73158,3159,13,4
15489,28831,103278,3279,18,2
15616,1387,11772,1773,19,3
15745,65230,68181,5700,18,2
15843,36130,52259,9775,18,2
15909,32572,71119,8641,24,1
16000,73354,84366,1891,24,1
16006,60806,48548,3557,16,0
16006,60806,54085,9096,16,0
16167,67330,179688,7240,23,3
16261,71287,170328,2846,20,4
16326,23005,150798,8344,14,0
16448,20428,55791,8297,14,0
16578,28108,43861,8870,16,0
16672,24170,6998,1999,21,2
16966,46528,29732,2235,14,0
17031,69373,178047,3082,23,3
17220,44104,44156,1669,16,0
17639,23093,145414,5415,12,2
17698,29800,100103,2614,18,2
17828,65710,121725,4238,0,0
17859,58214,79720,2228,16,0
17956,64051,174712,9747,19,3
17984,41206,134717,7231,23,3
18147,18884,92030,9558,22,3
18212,70861,93857,8876,20,4
18404,41614,41911,1912,15,0
18819,24229,193389,5909,21,2
18979,41068,134777,4778,13,4
19271,74038,43014,8023,1,1
19392,69877,42068,2069,21,2
19397,23057,149444,1959,17,1
19457,24823,55030,2546,20,4
19460,19466,101498,1499,12,2
19462,34502,76121,8629,17,1
19462,34502,117131,4665,17,1
19494,26167,114358,4359,1,1
19557,62071,154928,2474,0,0
19588,64256,30153,5160,15,0
19620,74263,43581,6086,24,1
19650,56803,103019,3020,19,3
19650,56803,179908,2426,19,3
19745,38048,199994,5033,22,3
19815,63991,170141,7693,1,1
19904,59870,192876,2877,16,0
19910,33709,43688,6193,1,1
20710,49817,72586,5094,0,0
20710,49817,125896,8409,0,0
20710,49817,169318,4351,0,0
20961,66592,89762,9763,14,0
21060,56549,82376,2377,16,0
21125,30548,39907,2411,16,0
21444,19855,121569,1570,12,2
21606,68309,39675,4682,19,3
21795,37948,52201,4707,13,4
21859,70645,156642,4188,24,1
21863,65029,94519,4520,0,0
22499,19996,28305,5812,13,4
22848,45985,22302,9809,17,1
22914,40835,37319,9823,13,4
23107,34315,78270,8271,13,4
23202,20068,105348,5349,0,0
23361,24490,79943,2451,16,0
23394,59510,113374,5886,23,3
23426,49492,9024,6525,23,3
23655,69494,139846,7386,22,3
23844,65597,43417,8426,24,1
23907,28069,134590,2130,13,4
23970,27664,139762,9763,14,0
24357,43391,72408,2409,21,2
24673,19475,111830,1831,14,0
24678,1670,94357,6867,18,2
24901,36614,65748,3267,20,4
25028,43411,157410,2441,15,0
25056,36613,66568,6569,20,4
25057,31876,146495,4038,14,0
25058,73784,23930,3931,0,0
25058,73784,99037,1547,0,0
25283,36961,67972,5491,15,0
25283,36961,197324,9844,15,0
25315,58441,57767,2778,14,0
25954,33952,173845,8880,16,0
25985,46741,158899,8900,20,4
25989,31085,148860,8861,12,2
26017,21434,60345,5358,23,3
26017,21434,167771,7772,23,3
26149,31456,11466,6469,23,3
26179,59782,122036,2037,12,2
26180,51086,3859,1360,1,1
26212,19478,182614,7651,23,3
26244,42196,120256,5281,14,0
26274,24589,186549,4104,21,2
26276,71876,36125,6126,19,3
26501,53504,163983,9016,22,3
26565,40315,179925,2443,16,0
26627,31166,146426,1455,12,2
26726,35804,184325,9362,14,0
27108,55042,133543,6057,23,3
27302,69601,58675,3686,14,0
27491,50776,197582,7583,23,3
27588,56479,165639,8156,14,0
27909,38192,171408,6443,19,3
27910,35644,74723,7231,23,3
27942,40094,81917,4426,13,4
28007,55963,77891,5413,20,4
28007,55963,159363,6909,20,4
28324,40618,156532,6533,22,3
28454,56893,179021,6573,21,2
28581,61366,79379,1887,0,0
28611,43501,20994,5999,0,0
28802,61840,6896,1897,24,1
29221,20528,198606,3645,20,4
29287,49831,134170,4171,22,3
29287,49831,192210,4730,22,3
29507,26437,19609,2111,1,1
29762,60830,191502,1503,24,1
29762,60830,193596,8635,24,1
29764,53617,116294,6295,19,3
29861,20459,183913,1468,23,3
29890,41218,151002,8548,0,0
29954,21932,11997,1998,23,3
29954,21932,134865,4866,23,3
30018,65999,82331,4840,20,4
30050,49705,70548,8070,22,3
30180,33361,41227,3732,17,1
30304,52496,113090,3091,14,0
30340,68554,137515,2542,22,3
30593,70951,177241,7242,0,0
30626,66157,63807,1326,0,0
30656,65542,171367,8919,23,3
30754,48916,57135,9641,24,1
30852,66346,133295,3296,0,0
31172,39757,51725,9241,22,3
31172,39757,161654,4171,22,3
31175,58190,108243,8244,12,2
31239,73456,67575,2588,19,3
31239,73456,126565,9078,19,3
31523,62452,26075,8578,13,4
31744,38576,71893,6908,22,3
31910,24244,99350,1860,18,2
32000,48793,149353,9354,16,0
32133,53812,178765,1283,21,2
32192,33364,50893,3399,16,0
32192,33364,110893,3405,16,0
32292,56945,130883,3397,19,3
32389,65107,10355,5358,23,3
32420,70465,53150,8161,21,2
32449,39599,169261,9262,16,0
32482,47257,40308,7821,24,1
32583,25106,177610,7611,19,3
32965,22159,46145,6146,15,0
32967,70889,57310,2321,19,3
33031,61007,128341,8342,16,0
33060,72910,114295,6807,16,0
33061,35686,6613,6614,15,0
33285,73468,147239,7240,23,3
33511,57904,190915,3435,13,4
33953,74558,48276,3285,14,0
33953,74558,112353,4865,14,0
34213,21032,100709,3220,20,4
34339,20059,90941,3451,16,0
34406,66550,84025,9042,14,0
34432,42442,40559,5568,20,4
34470,24527,155301,5302,0,0
34727,27526,96267,8777,12,2
34883,28546,67872,2885,12,2
34883,28546,185268,7787,12,2
35045,69715,137369,7370,20,4
35104,49255,134281,6795,20,4
35108,26782,23471,8476,0,0
35239,30190,17040,2043,19,3
35361,38782,109394,6925,20,4
35623,29671,52640,2641,24,1
35712,66628,10697,5700,18,2
35809,58516,36880,9384,24,1
35811,58481,9023,6524,19,3
35815,60896,52810,5316,20,4
35879,47215,14253,9256,16,0
35968,71734,148205,5748,23,3
36006,68072,46494,4007,21,2
36006,68072,106472,4003,21,2
36355,63109,106131,3662,17,1
36484,49139,102515,5026,17,1
36549,22187,140503,8046,0,0
36641,35078,6901,9402,19,3
36646,73330,189905,9906,24,1
36647,48229,94394,4395,21,2
36708,1190,61857,1858,15,0
36865,56339,58503,3514,23,3
37093,54376,86575,9084,0,0
37186,44050,27109,4616,16,0
37254,28372,170594,5629,15,0
37284,23485,32278,4782,16,0
37347,37330,53530,3531,15,0
37703,55973,131705,4219,19,3
37703,55973,194130,9169,19,3
37891,51245,78651,8652,15,0
38017,55565,60319,2826,15,0
38052,60107,108477,6008,19,3
38148,25363,101583,6604,18,2
38179,40942,94374,6884,24,1
38214,26890,79722,4737,23,3
38214,26890,153735,1281,23,3
38407,28973,185747,8266,12,2
38657,61510,103310,8331,20,4
38852,64166,39547,7057,0,0
38852,64166,47726,7727,0,0
38854,48425,174241,4242,18,2
39044,60595,104990,7501,13,4
39079,66379,36834,6835,23,3
39427,47740,184538,2093,19,3
39648,65296,6029,6030,1,1
39812,73601,196231,8751,17,1
39876,23485,117800,5334,16,0
40003,51470,2215,2216,12,2
40295,53087,13243,8246,0,0
40419,68581,163675,3676,13,4
40420,35644,25983,8486,23,3
40611,67369,6509,4010,12,2
40742,20840,134263,9290,16,0
40802,43607,56580,9086,24,1
40962,52279,152054,4570,18,2
41123,29849,189658,4695,24,1
41219,37007,37105,4615,14,0
41317,46991,177768,2803,1,1
41666,65983,127536,2561,22,3
41666,65983,174007,4008,22,3
41766,34709,149364,6907,0,0
41766,34709,165411,7928,0,0
41794,33946,70442,7964,0,0
41861,51835,9512,7013,14,0
42084,72214,173152,5670,24,1
42148,31655,181847,6884,24,1
42179,63508,187175,7176,0,0
42242,69689,174604,4605,1,1
42243,48691,70306,2814,20,4
42279,70081,152685,7716,13,4
42566,18979,52534,5040,0,0
42592,71831,29620,2123,14,0
42691,62419,137275,4815,17,1
42759,67478,21407,3910,17,1
42759,67478,193656,3657,17,1
42848,68569,152789,5305,13,4
42855,37871,109302,6833,18,2
43173,71773,164423,6940,24,1
43590,19975,147509,2538,21,2
43623,64598,125582,3119,1,1
43683,68297,22811,5314,1,1
43685,36328,101191,3702,19,3
43719,55072,104145,4146,15,0
43942,19799,26719,9222,18,2
43975,33113,98627,3646,20,4
44098,42647,20894,3397,19,3
44160,40009,171938,6973,19,3
44195,31855,42487,4992,18,2
44290,21787,66800,4319,13,4
44864,43147,144593,4594,24,1
45026,19981,59492,4503,1,1
45031,52483,140398,5427,18,2
45153,55765,103344,8365,22,3
45155,74324,87073,4598,23,3
45412,21520,68286,3299,24,1
45602,54608,45958,8463,23,3
45639,32363,3882,8883,16,0
45728,43462,153245,8276,19,3
45893,72283,47588,5101,16,0
45922,74650,70691,5706,17,1
45922,74650,125312,2849,17,1
46151,47899,128891,3916,1,1
46180,47764,187111,4666,18,2
46243,32807,112466,2467,16,0
46307,71216,197791,7792,15,0
46499,56017,13507,3508,24,1
46499,56017,85141,5142,24,1
46529,21521,14549,4550,1,1
46754,69437,135471,5472,21,2
46754,69437,140521,8064,21,2
46979,42793,54597,2113,17,1
47073,40684,48809,3818,21,2
47140,21209,78047,5569,18,2
47203,69116,171302,8854,22,3
47460,64825,163223,8256,12,2
47617,41954,123082,3083,18,2
47648,66716,131457,8997,21,2
47717,40138,113313,8336,23,3
47718,35626,20520,3023,22,3
47776,69193,31495,3999,22,3
47941,25051,138008,8009,24,1
48614,69665,198706,6264,13,4
48711,70990,135732,3272,12,2
48934,51016,12848,7851,23,3
49319,21691,191862,1863,17,1
49539,21790,104683,7194,19,3
49667,68959,169981,5014,1,1
49697,23188,37771,5281,14,0
49734,40796,81521,1522,24,1
49828,21113,157279,2310,13,4
49860,42971,81547,9072,14,0
49892,34502,153384,8415,17,1
50118,69935,5452,2953,16,0
50215,63781,154973,4974,15,0
50373,72389,104358,1889,19,3
50689,26962,76934,4456,16,0
50691,64247,43678,6183,22,3
50754,37825,135622,3162,0,0
50913,21754,185447,5448,13,4
51236,62467,100090,2601,0,0
51238,19337,115499,8011,23,3
51269,60502,29817,2320,1,1
51298,25261,51090,8606,16,0
51298,25261,64436,6943,16,0
51716,52502,186585,6586,22,3
51744,47512,39727,2231,18,2
51780,73027,44342,6847,13,4
51782,70231,178328,8329,0,0
51810,43352,55812,5813,15,0
51905,42787,127462,4999,18,2
52004,57455,143157,8186,13,4
52067,48188,27172,4679,16,0
52454,65056,119332,6866,22,3
52512,47113,44274,1787,24,1
52547,25696,134925,9952,22,3
52641,74287,61986,9505,19,3
52805,35158,69781,2288,23,3
52806,22075,135832,3372,20,4
52898,44518,3999,6500,23,3
53925,62309,40200,5209,19,3
54183,45230,62298,2299,14,0
54501,36811,92463,9991,13,4
54533,1787,84228,6737,20,4
54725,34933,188261,3298,23,3
54725,34933,198051,5609,23,3
54789,43837,147155,2184,18,2
54977,32813,187789,2826,15,0
55269,19570,197353,9873,19,3
55302,69604,145470,7985,16,0
55329,33952,119246,4269,16,0
55527,48125,54695,7201,16,0
55588,56602,4858,9859,24,1
55655,20771,116592,4126,19,3
55713,57173,77797,7798,19,3
55845,55429,187386,7387,20,4
55873,49043,114238,1772,14,0
55938,47401,61397,3904,17,1
55938,47401,195185,7705,17,1
56128,54884,155337,7853,0,0
56132,43448,49751,7264,16,0
56132,43448,164894,2443,16,0
56288,59717,59748,9749,23,3
56487,55141,126056,6057,23,3
56615,68533,141677,1678,16,0
56710,32845,133820,1360,1,1
56768,68422,39837,9838,18,2
56900,35629,156362,8878,19,3
56930,49007,197631,2670,18,2
56992,48598,74555,9570,1,1
57030,38785,107162,9673,14,0
57094,21631,131192,6219,12,2
57635,1342,1703,9204,16,0
57732,71788,14713,9716,18,2
57764,42508,184536,4537,13,4
57924,51337,4878,7379,12,2
58049,52751,51308,1309,21,2
58049,52751,83526,8543,21,2
58405,31756,114486,4487,18,2
58437,30674,108153,5684,0,0
58464,40466,152186,9732,0,0
58624,30272,131613,1614,12,2
58755,51664,168826,3859,1,1
58823,65450,59371,6887,18,2
58849,25063,142145,9688,17,1
59169,40786,186755,6756,20,4
59204,71213,106139,6140,0,0
59460,70234,48167,5680,23,3
59559,62536,74144,9159,16,0
59559,62536,142707,5222,16,0
59907,71392,97213,7214,1,1
60324,60785,133329,3330,14,0
60480,21746,127683,7684,0,0
60835,34198,22140,9647,20,4
60835,34198,197678,2717,20,4
60963,41422,195849,5850,24,1
60966,51196,107449,7450,19,3
61190,21796,24586,9591,23,3
61255,41252,155323,2869,20,4
61315,58820,174382,1934,23,3
61382,37204,182728,5247,23,3
61442,69193,182887,5406,22,3
61506,47642,199872,7430,24,1
61537,74246,164914,7431,13,4
61569,44591,142359,4874,16,0
61892,51625,184663,9700,1,1
61893,36427,104200,6711,12,2
61953,34705,7889,2890,15,0
62373,56557,191108,8666,12,2
62406,36464,113922,6434,16,0
62566,40519,19546,2048,0,0
62624,25541,70753,5768,16,0
62627,1663,37148,7149,16,0
62851,47726,51694,9210,24,1
63043,64027,115182,2716,12,2
63141,29233,125083,5084,18,2
63143,28559,137920,2947,0,0
63268,23861,154397,6913,0,0
63298,35404,127403,9916,13,4
63333,54392,46660,4173,18,2
63335,43397,28019,3024,19,3
63366,28237,196593,6594,1,1
63427,58744,178835,3870,23,3
63494,74197,141807,6836,24,1
63554,56182,73926,1448,21,2
63620,56809,52856,7867,1,1
63718,50527,72018,7033,15,0
63782,59071,60759,5772,18,2
63874,72265,87049,9558,22,3
63874,72265,135134,5135,22,3
63969,40070,71814,4322,21,2
64033,28537,187105,4660,13,4
64034,42589,99804,4823,0,0
64067,44989,58493,3504,0,0
64357,44795,90799,3309,12,2
64453,53146,17974,7975,24,1
64483,51244,84964,7473,23,3
64516,41042,92634,7653,22,3
64645,50734,153304,3305,21,2
64673,73366,45642,8147,20,4
64674,42428,50751,8267,22,3
64674,42428,139378,9379,22,3
64677,59935,171459,3977,24,1
64901,49382,80827,5844,12,2
65218,36073,149935,7478,23,3
65281,62525,24244,9249,22,3
65472,35066,140005,7548,23,3
65633,59245,97254,9764,17,1
65636,59069,109916,9917,1,1
65920,47176,47087,4600,12,2
66436,36184,26813,4320,23,3
66598,59897,9701,7202,14,0
66721,22070,98909,3928,14,0
66726,55429,181455,1456,20,4
66882,67999,95213,5214,1,1
66919,41354,91350,8878,19,3
67746,25312,91945,6964,1,1
67779,50993,93038,5548,21,2
67783,40061,32233,7240,23,3
67972,54265,152733,2734,1,1
68065,64162,111363,1364,14,0
68069,44048,46797,6798,16,0
68448,25270,62549,2550,21,2
68455,68878,42466,9979,0,0
68484,69415,188845,3882,24,1
68544,34966,10501,5504,16,0
68609,37375,152849,2850,23,3
69030,44773,91693,9221,24,1
69126,47200,175758,5759,1,1
69443,40537,51169,3675,20,4
69477,22250,159227,4258,23,3
69571,57421,64693,7200,14,0
69698,40195,124225,4226,12,2
69795,73678,64730,2249,22,3
69921,28367,106756,6757,20,4
69921,28367,188393,8394,20,4
70016,43088,82439,2440,23,3
70016,43088,198729,6287,23,3
70278,70723,107895,2916,22,3
70339,21352,128993,6530,24,1
70403,47176,108704,3725,12,2
70595,47953,4582,9583,13,4
70755,32620,137704,5244,20,4
70755,32620,147496,7497,20,4
70853,38717,199896,2416,13,4
70946,51752,183228,5747,19,3
71012,26590,42905,5410,23,3
71044,31474,157606,7607,0,0
71109,56269,127174,7175,17,1
71270,68863,134420,1960,20,4
71463,19774,189686,4723,23,3
71714,38932,189946,7501,13,4
71810,21571,106609,6610,24,1
72097,64574,70839,5854,18,2
72097,64574,170980,6015,18,2
72098,37561,180351,2870,17,1
72099,66389,155303,2849,17,1
72610,30931,184106,9143,0,0
72676,73682,117481,2504,19,3
72994,67267,147381,4924,15,0
73221,66232,107308,9819,24,1
73284,73045,89720,2229,22,3
73285,35773,42871,5376,20,4
73410,69929,136523,6524,19,3
73601,35827,116730,1753,23,3
73731,48065,54755,7261,20,4
73765,64693,191500,6539,18,2
73828,68641,2537,5038,24,1
73828,68641,106572,4103,24,1
74245,35707,2504,5005,21,2
74375,27908,118709,8710,19,3
74407,51073,160253,7802,22,3
74467,54070,10628,8132,17,1
74567,1663,142389,4904,16,0
74592,35164,52021,7032,13,4
74592,35164,106236,1257,13,4
74626,24370,56566,9072,14,0
74721,40745,89394,1903,17,1
74912,68452,186914,1951,20,4
74915,74221,25216,5217,23,3
75043,32095,148630,6173,21,2
75232,74137,50329,5340,17,1
75234,48851,169607,2124,22,3
75456,49391,159454,9455,21,2
75555,66985,62064,9583,13,4
75555,66985,107748,2769,13,4
75591,19031,134925,7439,19,3
75718,34411,19580,2082,16,0
75779,46333,84873,2398,19,3
76064,30952,15808,8310,20,4
76641,26213,5517,8018,21,2
76674,46385,45102,2615,20,4
76675,28519,40999,3504,0,0
76901,35782,19475,1977,23,3
76901,35782,109512,7043,23,3
76996,33868,135757,3297,17,1
77026,39112,24316,1823,1,1
77281,25255,31790,1791,23,3
77507,50027,69147,4160,13,4
77538,32756,43921,3922,22,3
78464,48043,85555,8064,21,2
78563,55319,163661,8694,17,1
78661,56587,249,7750,18,2
78784,36040,5519,5520,22,3
78881,53174,178753,1271,12,2
78916,60136,5686,3187,15,0
78916,60136,63406,8419,15,0
79207,44081,190383,2903,18,2
79488,49012,198723,6281,20,4
79617,33430,68945,6464,14,0
79684,44296,124821,2358,22,3
79713,24886,11271,3773,21,2
79745,52747,192333,9891,20,4
79941,28049,14654,7156,0,0
80195,19897,157108,7109,23,3
80610,62999,135768,5769,12,2
80704,22921,58263,5779,12,2
80768,39022,84895,9912,14,0
80999,26266,100955,5976,22,3
81155,31762,4085,9086,24,1
81222,57791,178822,3857,17,1
81252,33469,102794,7815,12,2
81440,74578,11590,4092,22,3
81607,70909,126301,8814,0,0
81668,74653,126046,3583,20,4
81696,42518,2513,7514,17,1
81702,32411,42337,7346,19,3
81702,32411,85162,5163,19,3
81760,44426,119116,9117,24,1
81825,53213,59406,4417,0,0
81858,23719,182191,4710,19,3
82082,40892,102573,7594,13,4
82306,27169,114455,4456,16,0
82565,1696,78048,5570,16,0
82624,58157,67096,4615,14,0
82625,28312,196662,1701,15,0
82759,32773,152726,7757,16,0
82916,28924,185974,8493,15,0
82977,38353,113262,5774,20,4
83044,52442,77745,5267,14,0
83075,54646,99699,7227,16,0
83075,54646,147040,9555,16,0
83335,68141,190468,8026,19,3
83558,58378,128313,5850,24,1
83587,40804,15126,5127,23,3
83591,57155,13917,6419,14,0
83621,71104,67237,2250,1,1
83776,72623,156790,1821,21,2
84002,49564,20913,8420,17,1
84583,68333,152191,2192,24,1
84740,36773,11311,3813,1,1
84742,40855,103420,8441,18,2
84801,68096,99586,4605,1,1
84805,66352,162310,7343,23,3
84899,36736,175202,5203,1,1
85060,37183,110607,5630,18,2
85089,39553,29069,1572,20,4
85251,36139,71185,8707,16,0
85410,53828,161885,6918,17,1
85508,37606,179276,6828,19,3
85797,26782,158812,3843,0,0
85894,59030,5322,7823,22,3
85894,59030,117601,5135,22,3
85920,55739,194784,9823,13,4
85921,47399,83999,9016,22,3
85927,41251,148151,5694,22,3
86374,37315,84024,4025,16,0
86464,45322,59708,2214,21,2
86816,55420,6536,1537,23,3
86918,61066,27950,2955,19,3
86976,70559,117418,2441,15,0
86979,31894,129246,4271,18,2
87076,53012,198023,5581,24,1
87266,69047,104925,2456,15,0
87841,48485,66213,8720,22,3
87842,72331,67600,2613,15,0
87842,72331,88935,6460,15,0
87879,44386,86552,1569,21,2
88161,24146,104429,6940,24,1
88199,36158,48075,8076,13,4
88260,56287,128105,3130,23,3
88355,68720,78116,8117,21,2
88449,73718,25718,5719,15,0
88675,60554,19099,1601,20,4
88710,38510,135531,5532,1,1
88897,42637,50538,8054,21,2
88897,42637,183198,8235,21,2
89026,40885,171875,6910,19,3
89120,24634,29486,4491,23,3
89223,63511,16198,6199,15,0
89477,52159,159092,6638,0,0
89509,31768,149874,7417,20,4
89541,58507,175705,3257,18,2
89701,41869,39387,1891,24,1
89732,21148,150218,5249,1,1
89954,38884,174863,7381,20,4
90084,38083,179825,4860,17,1
90594,68623,179881,4916,15,0
90599,70691,190799,3319,17,1
90694,69715,115985,3519,20,4
90817,26588,81765,6782,24,1
90913,74014,123973,3974,23,3
90913,74014,180431,2950,23,3
91075,20926,35704,8208,18,2
91141,52549,78018,3033,13,4
91141,52549,122097,4610,13,4
91237,26368,109774,4795,19,3
91237,26368,116827,6828,19,3
91303,58540,101986,7007,12,2
91461,22946,111263,3775,14,0
91584,67204,12048,7051,12,2
91744,24544,145509,5510,24,1
92130,32513,40133,5142,24,1
92196,70997,122681,2682,12,2
92326,24241,117219,2242,12,2
92359,35686,163478,3479,15,0
92385,47749,149659,2174,1,1
92417,68888,107274,4805,24,1
92417,68888,107297,2318,24,1
92417,68888,125699,8212,24,1
92514,27508,42967,7976,16,0
92768,46616,114155,9178,23,3
92768,46616,140454,2969,23,3
92806,22562,28119,5626,13,4
92806,22562,185264,2819,13,4
93189,58342,128177,5714,19,3
93348,69563,28811,8812,15,0
93378,67333,175936,3488,22,3
93888,21242,130362,2876,24,1
93893,45373,130571,3085,0,0
93920,38836,21917,6922,0,0
93921,43939,180831,8386,21,2
93927,67552,22516,2517,16,0
93954,33817,29119,9120,12,2
94023,29938,95220,2748,14,0
94081,52832,185563,5564,1,1
94213,21682,98648,6176,19,3
94405,66793,14832,9835,20,4
94497,25447,929,8430,13,4
94597,20396,43815,6320,22,3
94599,41401,48990,8991,24,1
95142,51379,149512,7055,15,0
95239,67976,67536,5055,21,2
95687,34294,85139,7648,18,2
95687,34294,115132,2666,18,2
95815,74236,79867,2375,18,2
95872,27769,22055,4558,18,2
95907,51616,186181,8700,24,1
96098,39046,172938,2939,12,2
96291,73195,69534,4547,18,2
96358,71977,198851,3890,14,0
96451,44426,22157,2158,24,1
96454,56809,149555,4584,1,1
96515,73831,86372,1389,24,1
96642,74804,193789,6309,18,2
96832,37753,54195,6701,14,0
96900,21434,18948,8949,23,3
96929,57680,101859,1860,18,2
97092,29893,107706,7707,24,1
97318,58738,131061,8601,18,2
97318,58738,136248,6249,18,2
97383,59374,34719,2229,22,3
97474,29915,174860,7378,16,0
97542,65557,164131,4132,18,2
97600,26023,9630,2131,0,0
97603,69602,106273,1294,15,0
97636,65284,181135,8690,19,3
97860,37630,132051,4565,13,4
97984,71992,74015,9030,22,3
97984,71992,170970,3488,22,3
98081,51842,193711,6231,0,0
98210,66325,103583,6094,0,0
98343,67472,52201,9717,13,4
98658,47341,109922,9923,23,3
98753,25438,122179,9716,18,2
98756,56740,69635,7154,23,3
98817,57727,19926,2428,13,4
98850,50329,101820,1821,21,2
98855,66472,25411,5412,14,0
98915,36230,168891,8892,12,2
98946,64264,198943,6501,24,1
99303,32113,102971,5482,1,1
99523,31762,187508,5063,24,1
99587,26207,255,2756,17,1
99776,66232,184865,7384,24,1
100070,19723,7349,9850,20,4
100133,39532,129602,7139,0,0
100133,39532,154899,2445,0,0
100228,65554,4654,9655,18,2
100293,19769,139655,4682,19,3
100386,44321,142210,2211,16,0
100391,66481,42309,9822,13,4
100391,66481,171117,6152,13,4
100583,35521,188638,6193,1,1
100613,45659,170934,5969,19,3
100615,64069,39643,9644,1,1
101090,70795,3986,8987,17,1
101123,25363,1486,1487,18,2
101123,25363,124658,2195,18,2
101123,25363,136702,4242,18,2
101252,26054,99701,7229,21,2
101603,56176,19435,6939,20,4
101639,73928,187694,7695,24,1
101761,33130,128816,1329,24,1
101797,41588,67382,9889,15,0
102151,25681,19208,9209,23,3
102212,35635,164367,6884,24,1
102562,70030,47009,7010,22,3
102562,70030,75004,2526,22,3
102595,61492,41377,8890,19,3
102790,26360,52362,2363,18,2
102820,61468,21588,1589,17,1
102885,59468,136946,6947,16,0
103043,36794,153764,6280,18,2
103109,49747,145309,2852,19,3
103268,19465,2269,7270,21,2
103842,27940,84893,4894,17,1
104032,64207,28855,8856,16,0
104032,64207,81356,3865,16,0
104355,73193,47290,2299,14,0
104551,47323,192188,2189,24,1
104578,65323,24176,6679,0,0
104770,65828,45232,5233,12,2
104934,32860,96818,1837,24,1
105125,27139,109280,4301,1,1
105190,28216,195883,5884,1,1
105282,64165,21981,4484,22,3
105319,22835,168473,6022,18,2
105319,22835,184271,9308,18,2
105412,52556,89882,7407,23,3
105667,26611,51377,1378,18,2
105920,24691,31997,7004,16,0
105959,69220,92977,7996,17,1
106019,21025,81468,8993,12,2
106050,58717,44737,2250,1,1
106086,57263,99399,4418,19,3
106146,64802,19113,9114,21,2
106370,58051,41705,9218,16,0
106404,35923,137021,7022,17,1
106528,38447,196390,8910,21,2
106533,38641,139531,2045,14,0
106786,41926,178545,6097,12,2
106789,61717,10550,8054,21,2
106791,71389,192994,2995,21,2
106945,43520,48376,8377,21,2
107010,33586,194218,9257,17,1
107138,34772,63841,8854,22,3
107238,74782,192319,2320,1,1
107301,46729,28795,6302,12,2
107333,28177,141591,4106,12,2
107360,57619,189618,2137,23,3
107367,53183,43750,6255,18,2
107457,49567,172687,2688,15,0
107650,53282,183559,8596,18,2
107745,67774,61916,1917,16,0
108227,20702,86890,1907,20,4
108513,1612,184962,2517,16,0
108578,62128,147200,2229,22,3
108583,28880,57683,5199,21,2
108709,36895,195631,8151,1,1
108743,60457,66496,4015,13,4
108932,35738,168537,3570,1,1
108934,68678,181417,6454,15,0
108962,66022,65684,8191,0,0
109249,63419,58648,3659,14,0
109251,55607,82084,4593,1,1
109254,67243,1571,1572,20,4
109538,73354,199886,2406,24,1
109669,40282,95079,2607,13,4
109671,56324,154128,6644,13,4
110145,42082,123825,1362,0,0
110212,41500,176122,6123,14,0
110309,57619,187932,2969,23,3
110464,64045,59096,9097,23,3
110560,48805,107782,2803,1,1
110919,66982,57766,2777,13,4
111014,22751,127504,5041,15,0
111043,63106,31481,8991,24,1
111072,30257,111850,9384,24,1
111232,50971,88952,3969,16,0
111521,74116,154805,9836,22,3
111939,37247,30837,5844,12,2
112101,25048,38243,3250,24,1
112740,27553,142733,2734,1,1
112741,31699,71204,3712,22,3
113728,25714,29598,2101,18,2
113763,74035,4747,7248,18,2
113829,71468,134249,9276,22,3
114114,27440,145525,3068,18,2
114276,61600,44252,6757,20,4
114435,39415,70658,8180,20,4
114688,65713,73190,3191,15,0
114944,38600,149973,7516,24,1
115111,71348,190720,3240,24,1
115142,22891,168001,8002,0,0
115264,24905,150689,5720,20,4
115269,41042,20915,3418,22,3
115392,68495,38536,6046,16,0
115397,70507,36568,4078,0,0
115783,38677,93956,1484,16,0
115783,38677,109853,4874,16,0
115910,53725,38385,5895,18,2
116227,67819,8765,8766,0,0
116260,33731,153392,5908,19,3
116421,37826,124325,6838,1,1
116482,64933,120739,3252,17,1
116518,43786,32400,9910,17,1
116547,47329,181164,8719,12,2
116551,55709,142847,5362,21,2
116835,43954,79202,4217,16,0
116869,41359,73886,1408,16,0
116928,62495,107425,9936,16,0
117314,74158,116678,9190,20,4
117446,54265,94078,6588,1,1
117634,70009,4111,6612,24,1
117767,65599,39544,4551,15,0
117957,27644,108797,8798,15,0
118022,30352,129669,4694,16,0
118247,38993,154528,9559,15,0
118311,62305,170459,5494,22,3
118311,62305,175528,3080,22,3
118406,26384,101241,3752,19,3
118627,52100,162294,2295,15,0
118689,44722,176155,6156,17,1
118726,53774,12258,4760,13,4
118754,39721,130667,5694,22,3
118756,45574,184412,6931,13,4
119075,46024,78067,3082,23,3
119079,32926,118771,1283,21,2
119141,32500,37789,7790,22,3
119141,32500,55301,7807,22,3
119200,36340,21588,6593,1,1
119200,36340,99890,4909,1,1
119237,59039,42431,9944,1,1
119299,44711,48589,6102,1,1
119622,70366,106981,6982,19,3
119777,57295,6894,9395,16,0
119781,42379,155363,5364,1,1
119911,27311,164262,4263,24,1
120102,42067,122178,9715,21,2
120103,65399,61030,3537,19,3
120455,40396,14083,1587,24,1
120800,27844,17542,5046,23,3
121061,56665,138582,3609,12,2
121061,56665,154956,9987,12,2
121220,50387,172718,5236,20,4
121472,34532,149502,2017,1,1
121601,37394,19405,6909,20,4
121635,55745,184757,7276,21,2
121664,23828,141596,9139,16,0
121862,61141,185039,5040,0,0
121890,47443,1005,6006,19,3
122279,68297,198150,8151,1,1
122851,38513,47825,5338,22,3
123010,48898,104048,1579,22,3
123040,43483,10886,5889,1,1
123266,46300,63327,5834,23,3
123266,46300,162318,4835,23,3
123556,31046,189596,9597,0,0
123811,46663,47059,7060,16,0
123811,46663,149191,1706,16,0
124261,49810,128744,6281,20,4
124293,51850,102818,5329,14,0
124293,51850,165961,5962,14,0
124320,72811,63897,1416,13,4
124481,18800,34663,9670,19,3
124609,42637,21881,1882,21,2
124609,42637,151857,6888,21,2
124641,32797,85555,5556,13,4
124803,59942,76127,8635,24,1
124930,40600,40540,3045,19,3
125094,48116,114625,9648,20,4
125697,27517,186141,3696,16,0
125698,22295,132506,7533,18,2
125830,32575,163829,3830,19,3
125860,66781,82957,5466,23,3
126020,71114,156624,6625,24,1
126178,23416,176596,1631,12,2
126211,59321,16394,6395,12,2
126368,21016,62489,7502,18,2
126403,60454,132209,9749,23,3
126529,53560,46237,6238,15,0
126530,31891,129172,9173,16,0
126531,21685,181356,6393,1,1
126597,50056,31810,1811,1,1
126663,51617,46043,6044,24,1
126786,46585,188506,6061,18,2
126787,72889,56924,4440,0,0
126787,72889,105310,5311,0,0
127076,25436,51194,8710,19,3
127207,56548,16566,9068,0,0
127234,57220,76406,3928,14,0
127367,48491,173559,8594,17,1
127681,42425,66433,6434,16,0
127878,29623,53830,3831,17,1
128098,32521,136299,8813,19,3
128102,57145,36569,6570,15,0
128225,56950,20983,8490,20,4
128225,56950,87516,7517,20,4
128387,53443,28041,8042,1,1
128481,28592,196923,4481,17,1
128512,58630,12212,9716,18,2
128512,58630,191302,6341,18,2
128641,44813,155750,5751,22,3
128711,56633,87497,2514,17,1
128866,25391,24372,9377,13,4
129027,20561,76361,6362,14,0
129152,47218,83884,6393,1,1
129219,29317,76727,9235,16,0
129285,27628,151714,6745,12,2
129665,61625,161168,3685,21,2
129767,26867,127151,2176,16,0
130054,60388,194440,6960,14,0
130336,30019,12007,2008,17,1
130464,74689,137450,7451,21,2
130469,70531,29101,4106,12,2
130660,36970,144434,9463,15,0
130721,37996,24618,9623,1,1
131140,51523,119336,1848,16,0
131235,57329,145766,3309,12,2
131332,70661,63648,6155,18,2
131428,45055,261,7762,16,0
131712,37373,182589,7626,20,4
131777,50785,85269,2794,14,0
131873,68221,30286,5293,23,3
132006,23384,148097,5640,15,0
132071,67465,90049,7577,13,4
132098,43990,162290,9839,18,2
132100,41249,182667,7704,24,1
132227,54860,165258,7775,16,0
132262,70235,33051,5555,15,0
132641,69424,81465,3974,23,3
132865,23729,25474,2981,19,3
132998,31108,45602,8107,16,0
133633,60829,105624,5625,14,0
133668,35419,132334,7361,24,1
133696,30328,61165,3672,18,2
133861,43834,161700,9249,22,3
133862,64690,98969,8970,17,1
134115,27652,173330,5848,20,4
134151,39571,82037,2038,14,0
134336,43210,80544,5561,12,2
134561,32788,66678,6679,0,0
135491,45319,128677,6214,23,3
135554,52997,132109,7136,17,1
135682,42208,26281,8784,0,0
135683,23671,170376,7928,0,0
135712,62245,40793,8306,21,2
135713,28415,113254,3255,22,3
135847,35456,7314,7315,22,3
135938,25861,199830,7388,1,1
136037,42193,67167,4686,24,1
136448,33613,189800,9801,12,2
136483,32875,194583,2141,13,4
136515,38767,59453,4464,24,1
136517,24650,76778,9286,18,2
137091,31459,100946,8477,15,0
137189,64891,46542,1551,22,3
137249,41117,171631,1632,14,0
137508,43337,164528,9561,20,4
137669,48928,9294,4295,21,2
137829,22436,149543,2058,1,1
138018,32111,91886,6905,12,2
138018,32111,114105,4106,12,2
138150,58921,94471,9490,19,3
138215,69398,167013,7014,19,3
138342,21466,70442,7964,0,0
138598,43766,141421,8964,21,2
138625,22687,158917,8918,19,3
138725,1615,170169,2687,18,2
138784,69979,156131,6132,1,1
139047,64795,166533,1566,24,1
139077,34354,15994,8496,16,0
139139,64546,107676,2697,18,2
139172,19436,55019,5020,22,3
139460,56594,180936,3455,19,3
139620,25543,132326,7353,12,2
140037,46678,50592,8108,19,3
140068,52684,164095,1644,19,3
140101,28807,179593,4628,15,0
140128,39046,3828,6329,12,2
140128,39046,184143,4144,12,2
140261,21520,122950,7975,24,1
140262,19522,107914,2935,16,0
140290,57368,71275,6290,21,2
140387,36506,143750,3751,19,3
140388,46732,96624,1643,15,0
140451,60505,131331,1332,16,0
140516,45989,170853,3371,24,1
140611,23554,50719,3225,23,3
140706,20149,116352,3886,24,1
140709,38168,138326,8327,15,0
140736,40208,23318,3319,17,1
140775,21517,177506,5058,17,1
140803,49616,28750,6257,15,0
141024,54830,137852,7853,0,0
141060,58213,153855,6371,23,3
141250,33067,67209,7210,13,4
141543,46871,187939,2976,21,2
141607,27556,142136,2137,23,3
141827,54350,3076,8077,12,2
141888,26140,168445,5994,14,0
142048,27758,97040,4568,23,3
142370,26872,5294,5295,17,1
143557,58021,8146,8147,20,4
143587,71053,131976,9516,19,3
143943,48065,154924,4925,20,4
144225,58352,154087,9118,0,0
144289,37852,17291,4795,19,3
144739,19034,61956,1957,1,1
144898,36614,65382,7889,20,4
144903,64751,135007,2547,1,1
144961,43606,106821,6822,12,2
144961,43606,131237,8777,12,2
145158,29740,113856,1390,20,4
145222,43925,166002,3551,18,2
145478,61013,87310,7311,13,4
145479,43760,32007,4511,15,0
145728,19018,29726,2229,22,3
146085,70037,44174,4175,0,0
146496,31885,3503,6004,16,0
146503,49906,80921,3430,15,0
146691,31708,58555,6071,18,2
146848,44314,13834,8837,22,3
146851,19624,121451,3964,16,0
147202,40598,75039,2561,22,3
147296,42370,124938,4939,18,2
147303,33566,155987,8503,0,0
147362,45932,110727,3239,23,3
147809,68863,71619,9141,20,4
147974,55724,43391,8400,18,2
148386,37591,117127,9639,16,0
148614,26869,82595,2596,20,4
148646,31715,45252,2765,0,0
148897,37432,71066,8588,0,0
148897,37432,71978,6993,0,0
148960,26806,105733,5734,0,0
148995,50375,100875,8406,22,3
149125,53173,153728,8759,22,3
149152,38530,132135,7162,21,2
149157,45358,109210,1721,23,3
149281,54448,41728,6737,20,4
149348,61016,166556,6557,12,2
149474,34114,54112,6618,1,1
149828,65483,148470,3499,16,0
150215,61045,161342,1343,24,1
150244,67657,142572,7601,20,4
150368,34099,113649,6161,14,0
150438,35593,138356,5896,20,4
150595,24130,75113,7621,21,2
150759,51044,57137,2148,24,1
150791,31907,185279,7798,19,3
150849,34810,134902,4903,19,3
151365,67522,35593,5594,23,3
151365,67522,159621,2137,23,3
151526,39629,182375,9930,12,2
151649,66613,150135,2651,18,2
151808,47785,31406,1407,0,0
151812,46523,49656,9657,18,2
151842,29812,159935,4966,18,2
151908,41866,16980,6981,0,0
152288,32255,69769,9770,21,2
152288,32255,73307,5815,21,2
152391,70094,195742,8262,18,2
152483,72346,172374,7409,13,4
152485,31822,119155,1667,22,3
152610,69107,57731,2742,18,2
152737,53596,20672,5677,21,2
152805,27481,107730,2751,13,4
152995,25469,55539,3055,18,2
153057,44554,13509,8512,16,0
153283,21508,187113,7114,21,2
153509,27268,20874,5879,18,2
153537,52270,95577,3105,19,3
153763,67030,151448,6479,12,2
153894,55919,73155,5663,16,0
153959,29659,155331,7847,20,4
154118,34718,37480,9984,13,4
154213,54160,87264,7265,12,2
154336,70252,119736,9737,1,1
154337,62809,152145,7176,0,0
154341,45097,125531,5532,1,1
154465,73567,70293,5308,21,2
154567,1504,94963,4964,0,0
154598,22384,172042,4560,19,3
154656,58256,30435,2939,12,2
154791,49390,163585,3586,19,3
154823,43084,114626,2160,20,4
154883,21052,15042,7544,16,0
154948,26242,69894,7413,13,4
155137,61840,130155,7695,24,1
155782,41218,43315,3316,0,0
155783,26086,166248,6249,18,2
155874,73349,191425,8983,19,3
156160,36055,7142,7143,24,1
156322,32447,149669,2184,18,2
156615,20309,155867,8383,15,0
156772,21718,25788,5789,21,2
156803,55531,153315,8346,17,1
156837,27922,122637,7662,20,4
156897,72274,19943,4946,13,4
156965,27794,88483,6008,19,3
157025,35417,81179,3688,16,0
157025,35417,121566,4079,16,0
157122,52655,184555,9592,18,2
157664,27440,27195,9698,18,2
157765,26782,84646,9663,0,0
157889,74320,109745,7276,21,2
157893,56719,151411,3927,23,3
157927,43982,26004,8507,17,1
157958,53170,158898,6444,17,1
158176,29426,92658,7677,21,2
158374,49501,136543,9057,12,2
158529,74974,127977,3002,23,3
158754,1861,67228,9735,15,0
158754,1861,98492,8493,15,0
158757,48659,162676,2677,21,2
158790,38737,111540,4052,14,0
159363,54142,93570,8589,0,0
159364,44573,90058,5077,0,0
159552,51134,64064,6571,18,2
159972,31180,111207,8741,16,0
160356,70735,46794,6795,20,4
160422,30941,185830,3385,15,0
160449,66170,58617,6133,18,2
160704,55012,44110,9119,22,3
160706,31768,68881,8882,20,4
160739,45620,13422,5924,18,2
161059,46684,178740,8741,16,0
161062,62269,153790,1336,20,4
161184,33868,350,2851,17,1
161830,26980,4826,4827,14,0
162180,20158,168361,3394,21,2
162213,24557,199456,1976,18,2
162247,58090,8718,8719,12,2
162277,38374,61254,1255,14,0
162498,39652,192994,2995,21,2
163079,53909,75314,5315,24,1
163140,20779,142080,9623,1,1
163172,22897,162084,9633,21,2
163172,22897,164222,9255,21,2
163173,55076,46632,1641,17,1
163232,45691,57394,9900,13,4
163233,63640,106832,6833,18,2
163328,1439,103269,8290,21,2
163367,42550,109224,1735,12,2
163553,55519,40167,7680,18,2
163780,20371,75687,3209,1,1
163811,54601,136228,3768,19,3
163879,70624,9456,4457,1,1
164004,55636,159002,1518,23,3
164064,51731,195859,5860,1,1
164160,47243,78728,3743,1,1
164164,70520,29988,2491,1,1
164229,26197,82528,2529,21,2
164325,67552,73614,3615,16,0
164358,49840,20192,7699,1,1
164551,57886,176781,4333,17,1
164739,58654,127647,7648,18,2
164800,24769,114814,9837,16,0
164961,24305,62142,2143,1,1
164966,1631,196284,8804,13,4
165157,69257,89764,9765,23,3
165569,43871,30758,5765,18,2
165856,38986,136576,1603,0,0
165893,48697,111356,1357,24,1
166149,46885,168335,5884,1,1
166240,51214,78775,1283,21,2
166304,41453,10253,2755,23,3
166307,41192,90073,5092,22,3
166308,60188,77226,9734,23,3
166627,49616,74750,4751,15,0
166627,49616,109459,6990,15,0
166850,37427,107956,2977,1,1
167046,65558,129844,7381,20,4
167105,60257,128690,3715,13,4
167203,60026,130343,2857,21,2
167459,37504,41741,1742,21,2
167555,44392,131625,4139,14,0
167591,70789,82805,2806,23,3
167875,20419,69418,9419,17,1
167911,64034,165654,5655,15,0
168290,31183,146329,6330,22,3
168326,46595,191542,9100,0,0
168416,55588,64018,6525,23,3
168448,22634,130032,7572,22,3
168515,23410,122293,2294,22,3
169158,63871,94885,2413,14,0
169158,63871,175772,5773,14,0
169158,63871,191139,3659,14,0
169159,54800,109537,7068,12,2
169249,64778,169363,4396,17,1
169282,70039,66912,4431,18,2
169446,50882,73170,5678,23,3
169793,30944,154143,4144,12,2
169859,66769,137871,5411,1,1
169862,65554,179654,9655,18,2
169922,48640,102831,2832,13,4
169954,67921,108774,6305,13,4
170148,64117,108242,3263,14,0
170214,63268,57096,7097,14,0
170278,47317,84523,2048,0,0
170370,54262,180046,7601,20,4
170467,41165,153785,3786,0,0
170530,69109,181052,3571,24,1
170663,42223,45350,7855,18,2
170951,38305,41486,1487,18,2
171013,65458,116513,4047,0,0
171013,65458,126757,9270,0,0
171041,23089,39620,2124,22,3
171168,35312,7889,2890,15,0
171393,54094,11842,6845,16,0
171584,21047,192179,9737,1,1
171847,22463,115824,3358,0,0
171847,22463,160250,2767,0,0
172224,18856,194364,1922,16,0
172226,21301,3909,6410,22,3
172355,41704,151250,8796,13,4
172391,23785,113617,8640,23,3
172705,71828,20926,5931,16,0
172710,26398,152445,7476,24,1
173120,52607,186755,6756,20,4
173285,23132,25448,5449,21,2
173285,23132,169339,4372,21,2
173312,43018,45787,3300,13,4
173539,33772,199660,7218,22,3
173571,66520,31075,6082,23,3
173601,31945,117731,2754,15,0
173729,72577,35122,2632,23,3
173953,34061,32386,7393,17,1
174209,63331,101924,6945,15,0
174242,66376,51781,1782,14,0
174242,66376,76688,6689,14,0
174439,30427,110542,8076,13,4
174469,57475,11952,4454,17,1
174531,60260,154805,9836,22,3
174563,40192,19065,4068,12,2
174785,69418,159539,4570,18,2
174821,25255,196441,1480,23,3
175106,54830,158581,3612,0,0
175303,29092,101392,1393,20,4
175495,67823,7041,2042,19,3
175840,53212,31067,3571,24,1
176032,59653,89856,7381,20,4
176128,68749,51523,1524,12,2
176128,68749,187575,7576,12,2
176192,46933,129979,7516,24,1
176198,56675,136856,4396,17,1
176359,73894,114529,7041,1,1
176583,41153,9238,9239,24,1
176707,52975,131178,8718,20,4
176711,33328,40350,5359,23,3
176803,31159,187392,9911,0,0
176806,30851,158803,3834,20,4
176934,46615,67019,4538,12,2
176962,58528,175854,8372,0,0
177255,61211,161782,1783,18,2
177410,62860,64329,6836,24,1
177447,62873,96688,4216,22,3
177575,65786,134782,4783,22,3
177632,58790,27703,7704,24,1
177760,51646,32278,9788,13,4
177760,51646,64178,9191,13,4
177922,40709,56743,9249,22,3
178020,47557,136611,4151,14,0
178342,61345,54795,9806,13,4
178627,41017,178081,8082,0,0
178663,65696,24418,1925,20,4
178784,34525,38214,5724,14,0
178950,43171,126298,8811,20,4
179079,56302,154986,7502,18,2
179232,19396,71445,6460,15,0
179522,44203,21500,6505,20,4
179815,49348,34353,6857,17,1
180102,18943,72409,4917,17,1
180256,28852,149056,1571,23,3
180323,35989,81116,6133,18,2
180352,65389,117620,2643,21,2
180549,49252,74502,9517,23,3
180582,73879,20475,2978,20,4
180582,73879,139813,4840,20,4
180902,68995,6157,8658,12,2
180902,68995,136723,9237,12,2
180934,68176,170770,5805,14,0
180962,22486,161429,6462,23,3
181093,36184,90707,5726,23,3
181283,67048,94339,1867,22,3
181445,25808,53041,3042,21,2
181445,25808,166303,8820,21,2
181510,39191,116906,6907,0,0
181511,29002,32080,4584,1,1
181511,29002,196029,6030,1,1
181571,35926,48314,5827,22,3
181633,47780,162970,5487,17,1
181639,66118,119506,9507,1,1
181858,34318,178870,8871,0,0
182053,21313,193196,8235,21,2
182115,19978,40444,5453,19,3
182535,64285,53062,8073,21,2
182848,38209,46847,6848,18,2
182851,64243,155002,7518,0,0
182980,40174,190324,2844,15,0
183012,53297,94621,4622,12,2
183395,21818,44595,4596,13,4
183685,23240,18746,8747,0,0
183687,39428,176942,6943,16,0
183971,36088,62560,2561,22,3
184225,53867,101803,4314,19,3
184390,49439,89696,9697,23,3
184419,68783,196146,8666,12,2
184423,66821,75225,7733,1,1
184519,22000,174555,9590,15,0
184614,70648,131810,9350,1,1
184679,24424,101777,6798,16,0
184707,72121,17994,5498,13,4
184738,24775,61780,4287,0,0
185056,64666,170644,8196,15,0
185088,22154,156099,6100,16,0
185218,49105,116362,6363,0,0
185414,40432,146206,6207,24,1
185443,25276,86342,1359,13,4
185443,25276,134996,4997,13,4
185570,25420,77538,7539,18,2
185668,66140,108882,1393,20,4
185831,20107,34873,2383,16,0
185858,27604,93331,8350,1,1
185858,27604,144296,9325,1,1
185895,71816,184382,9419,17,1
185989,24715,173314,3315,13,4
186055,54769,172715,5233,12,2
186055,54769,181450,6487,12,2
186085,25895,31223,3727,20,4
186085,25895,157625,7626,20,4
186114,46501,76181,3703,15,0
186146,64520,1060,8561,19,3
186183,28468,38456,3463,24,1
186407,56176,45434,5435,20,4
186407,56176,64554,7061,20,4
186502,33341,186300,1337,20,4
186535,68375,153596,8627,20,4
186564,29924,113543,6055,0,0
186564,29924,122968,7993,0,0
186625,68968,194971,7491,20,4
187013,21389,131712,4226,12,2
187655,26285,177611,5163,19,3
187777,59224,181355,8910,21,2
187809,49705,36506,9010,22,3
188033,69685,47752,7753,12,2
188033,69685,99119,9120,12,2
188035,37819,139440,1954,24,1
188037,63745,80033,5050,14,0
188098,48016,97217,7218,22,3
188164,54850,107357,4888,20,4
188355,55007,184936,7455,13,4
188550,43804,57334,7335,16,0
188641,57541,65561,5562,22,3
188833,22687,28825,3830,19,3
189093,19202,39617,4624,17,1
189094,74335,132120,4634,24,1
189284,53086,131167,8707,16,0
189378,59851,128868,1381,24,1
189410,42748,102908,7929,17,1
189412,58844,40684,5693,1,1
189605,55465,60720,3227,15,0
189605,55465,78415,3430,15,0
189670,48841,5763,3264,14,0
189697,55111,94023,1551,22,3
189699,73558,150358,2874,23,3
189762,1196,133516,3517,20,4
190084,28111,122041,2042,19,3
190274,55705,105803,8314,22,3
190310,58627,157199,4745,1,1
190464,35923,188679,8680,17,1
190690,68174,136218,6219,12,2
190851,60718,84081,6590,1,1
191044,39433,113604,8627,20,4
191076,39299,62297,7310,23,3
191364,55967,171928,9480,14,0
191396,23797,94869,9888,21,2
191488,41596,151302,3818,21,2
191586,57734,175053,7571,17,1
191590,55198,118949,8950,23,3
191622,1504,21691,1692,0,0
191719,63331,173336,3337,15,0
192069,59983,179102,1620,24,1
192224,28258,186945,1982,14,0
192516,33469,174602,9637,12,2
192932,27854,30461,2965,19,3
193190,37039,84126,9143,0,0
193312,65749,25775,3282,12,2
193381,1723,32052,7059,22,3
193442,68059,140271,2786,24,1
193537,19961,104333,4334,13,4
193603,71593,92863,2864,17,1
193634,20698,110878,3390,19,3
193637,69127,196930,1969,0,0
193958,52543,64049,9062,14,0
194340,22594,177540,2575,21,2
194756,58135,156712,1743,1,1
194786,60001,82286,2287,14,0
194854,49790,161449,8998,17,1
195073,27676,16476,1479,12,2
195171,23956,187072,7073,12,2
195239,55939,48623,6136,19,3
195303,30799,61474,6487,12,2
195462,44441,189161,1680,24,1
195622,73079,48302,3311,1,1
195841,45010,108675,8676,23,3
195846,23515,19621,2123,14,0
195846,23515,169782,2299,14,0
196007,51770,26552,6553,12,2
196036,70426,159746,4777,1,1
196256,34594,154944,2490,20,4
196327,73721,103930,3931,0,0
196327,73721,139336,4363,0,0
196453,61123,84021,9038,19,3
196741,59503,130042,5069,15,0
196807,20771,33625,8632,19,3
196962,63193,61822,9341,21,2
197187,28561,138822,1336,20,4
197474,27076,49782,4791,21,2
197830,45982,32601,5105,12,2
197890,57265,17656,5160,15,0
197892,49268,163537,3538,23,3
197892,49268,164375,9408,23,3
197955,49384,189340,9341,21,2
198336,40681,12001,7004,16,0
198336,40681,89376,1885,16,0
198752,54556,173772,6290,21,2
199522,53851,101736,4247,0,0
199553,34342,16228,3732,17,1
199972,65848,54494,7000,19,3
200161,19406,108169,8170,19,3
200257,73438,4987,9988,0,0
200261,74783,51623,6634,18,2
200262,19597,69666,7185,16,0
200385,23716,112055,9589,15,0
200388,70384,49784,4793,20,4
200417,51376,31498,9008,15,0
200454,71602,72187,2188,17,1
200544,26057,75091,7599,13,4
200544,26057,78877,1385,13,4
200545,74092,175498,8016,1,1
200896,73132,141700,6729,15,0
200902,52351,15772,3276,19,3
200902,52351,103316,3317,19,3
200963,50969,184197,4198,1,1
201092,54994,181775,4294,24,1
201124,70628,185723,5724,14,0
201187,24904,107177,7178,15,0
201316,31636,63877,1396,13,4
201347,50603,149265,4294,24,1
201476,65366,153831,8862,24,1
201479,37135,31239,8749,12,2
201536,67205,142462,2463,1,1
201829,26849,15721,3225,23,3
201986,59197,62409,9928,14,0
202117,42275,120095,2608,24,1
202180,72469,55852,8358,19,3
202180,72469,126714,6715,19,3
202240,50615,16462,3966,19,3
202403,74357,11501,9005,15,0
202403,74357,143742,6257,15,0
202403,74357,174931,4932,15,0
202626,71818,93945,3946,15,0
202629,73768,115607,3141,15,0
202690,66971,73743,3744,13,4
202789,55564,92232,7251,22,3
202821,65878,150191,5222,16,0
203140,53615,187062,2099,0,0
203168,21607,138717,8718,20,4
203491,48982,40208,7721,22,3
203491,48982,140377,5406,22,3
203552,43930,75799,5800,0,0
203651,62108,100766,5787,23,3
204196,33238,76467,3989,12,2
204226,33910,12613,5115,24,1
204226,33910,13412,5914,24,1
204294,42961,119131,1643,15,0
204326,37312,164431,1980,17,1
204420,58049,79446,4461,24,1
204807,48865,59114,9115,23,3
204836,72625,20871,3374,20,4
204995,45007,107913,5444,13,4
205091,26507,23315,3316,0,0
205472,56605,188601,3638,17,1
205889,23197,24566,4567,13,4
205988,43237,151856,4372,21,2
206083,41635,78524,8525,12,2
206242,59834,74971,2493,1,1
206432,34516,34912,4913,21,2
206503,50233,162217,7250,21,2
206625,61255,177388,9906,24,1
206724,57725,28489,3494,12,2
206790,24967,5991,8492,20,4
206791,48491,79038,6560,17,1
206848,32921,65711,5712,24,1
206976,64106,141086,8629,17,1
207106,21031,101476,3987,24,1
207106,21031,168163,5712,24,1
207171,23068,181148,3667,19,3
207269,44872,171033,8585,24,1
207271,26602,18506,6010,19,3
207364,46207,46982,6983,14,0
207396,59224,74374,4375,21,2
207717,39539,58514,8515,19,3
207744,51871,53879,3880,21,2
207808,31601,59602,2108,15,0
208193,43843,39667,4674,15,0
208962,53066,125864,3401,15,0
208995,24740,129053,6590,1,1
209029,59960,76719,1734,1,1
209090,51703,96904,6905,12,2
209382,28891,194948,7468,18,2
209415,1723,91075,8603,22,3
209511,59564,68233,8234,20,4
209830,69500,83136,3137,0,0
209953,52958,170528,3046,17,1
210340,27389,105136,7647,19,3
210496,58081,124658,4659,19,3
210818,57097,9394,6895,18,2
211107,37453,174834,4835,23,3
211107,37453,176584,1619,23,3
211141,48157,47319,9824,19,3
211202,27598,187421,4976,22,3
211364,23926,6399,3900,24,1
211399,45461,181519,1520,19,3
211457,33229,112991,2992,23,3
211457,33229,121980,9517,23,3
211492,52025,156232,3778,18,2
211685,58333,51856,6867,18,2
211687,65488,116254,3788,16,0
211687,65488,176184,6185,16,0
211779,32765,122346,7371,20,4
211780,29326,106689,4220,21,2
212000,60370,89152,4169,20,4
212258,30076,178302,5854,18,2
212295,44144,11629,6632,19,3
212295,44144,46905,4418,19,3
212323,71458,24067,4068,12,2
212709,54419,38691,3698,21,2
212870,11,48274,5787,23,3
212993,36169,169663,9664,0,0
212995,34102,107267,4798,1,1
212997,73882,147691,2720,17,1
213158,47896,107090,7091,15,0
213410,60124,164675,4676,14,0
213472,38653,111866,9400,21,2
213536,58297,152512,2513,19,3
213542,64156,137032,9546,13,4
213603,48727,191639,4159,24,1
213920,59245,111134,6157,17,1
214149,40888,92445,4955,16,0
214626,59833,11796,6799,18,2
214663,29092,113859,1393,20,4
214979,34492,178388,8389,17,1
215008,47995,89996,9997,15,0
215010,35596,130351,5378,16,0
215108,70489,1749,9250,0,0
215142,65614,143580,6095,17,1
215334,50476,99512,7040,16,0
215334,50476,154204,9235,16,0
215618,36452,30026,5033,22,3
216002,33784,139009,9010,22,3
216003,29288,147562,5105,12,2
216064,72880,35159,7663,23,3
216224,26095,128419,8420,17,1
216289,51547,17905,7906,21,2
216418,63271,111764,4276,16,0
216515,67114,87406,4931,14,0
216580,19981,157700,7701,1,1
216611,74779,53924,6430,21,2
216867,51295,39534,4541,24,1
217120,38986,21350,3853,0,0
217120,38986,197149,7150,0,0
217191,38764,26731,9234,22,3
217218,43669,162365,4882,21,2
217346,37751,191434,6473,22,3
217475,49642,67476,9983,18,2
217475,49642,117427,9939,18,2
217478,57782,272,2773,14,0
217478,57782,176779,9297,14,0
217506,62143,69261,9262,16,0
217637,20564,149545,2060,16,0
217667,52834,114450,1984,24,1
217795,72839,170430,2948,16,0
217889,34153,143069,3070,22,3
218177,24463,78389,3404,1,1
218243,36538,152612,7643,16,0
218308,25586,28910,1413,24,1
218340,25166,106176,8687,0,0
218368,56647,33425,3426,1,1
218656,58811,44345,1858,15,0
218915,68897,70125,7647,19,3
219041,50917,158433,8434,13,4
219044,73051,105637,5638,1,1
219431,53170,137551,2578,17,1
219589,41443,138990,1504,24,1
219623,58036,84179,1704,18,2
219682,26659,39641,7151,17,1
220000,57493,186309,6310,12,2
220005,33455,160537,5570,16,0
220035,67972,64939,2458,0,0
220101,74434,79905,9906,24,1
220163,69803,167398,4947,22,3
220197,29113,43234,5739,1,1
220229,20219,67348,2361,17,1
220256,48119,130937,8477,15,0
220257,70957,106236,8747,0,0
220544,30674,22939,5442,0,0
220705,41518,175299,7817,14,0
220740,28985,115974,3508,24,1
220961,69869,161894,4411,23,3
221283,66916,45383,5384,14,0
221508,40976,158030,3061,13,4
221509,24817,143025,3026,19,3
221511,50482,25011,5012,0,0
221511,50482,109728,2239,0,0
221925,54223,101384,3895,24,1
221987,39280,51834,9350,1,1
222087,63179,144535,9564,20,4
222340,48706,81437,1438,12,2
222503,65507,7020,4521,24,1
222625,70504,74195,4196,13,4
222657,58651,20522,5527,16,0
222661,63491,49631,7144,21,2
222791,24589,11378,3880,21,2
223076,41212,12367,4869,15,0
223076,41212,197070,4628,15,0
223078,74690,21509,9016,22,3
223584,67330,30219,5226,23,3
223590,19540,182387,4906,17,1
223750,26486,173701,6219,12,2
223908,28960,164650,9683,16,0
224000,61118,7833,5334,16,0
224033,74824,152332,9878,16,0
224327,23737,162013,2014,13,4
224420,64690,38934,6444,17,1
224421,43175,157359,9875,1,1
224453,51085,156338,6339,22,3
224518,47461,23671,8676,23,3
224518,47461,138217,5757,23,3
224706,66040,92370,2371,23,3
225025,20257,67661,5180,16,0
225382,41251,149960,4989,22,3
225442,56812,169423,1940,21,2
225604,28042,86314,6315,22,3
225606,71936,52015,4521,24,1
225765,33958,44746,4747,24,1
225796,62272,77421,4943,0,0
225829,73694,192368,4888,20,4
225888,29929,61219,8738,0,0
225991,58721,154190,9221,24,1
226144,58052,183591,6110,12,2
226181,31624,39974,9975,17,1
226368,40372,45146,5147,15,0
226407,69544,169559,7108,14,0
226435,27847,199658,4697,21,2
226691,63923,50934,3440,23,3
226757,26498,109881,2392,22,3
226947,27094,168455,6004,16,0
227107,44578,31985,6992,18,2
227685,57164,151656,1657,16,0
227719,58297,72280,7295,19,3
227936,44566,142181,9724,0,0
227937,69755,64593,2112,19,3
227937,69755,186999,7000,19,3
227943,70688,110710,8244,12,2
227968,50776,168638,6187,23,3
228037,37663,178002,8003,23,3
228128,36904,3841,3842,23,3
228128,36904,148756,8757,23,3
228161,63461,83047,8064,21,2
228325,35989,83980,1505,18,2
228449,69886,198715,3754,22,3
228578,41810,94345,6855,22,3
228646,66272,130634,5661,21,2
228933,29488,122207,9744,24,1
229056,67996,32622,2623,23,3
229056,67996,38786,6296,23,3
229127,45104,120723,3236,16,0
229603,45994,51479,8995,23,3
229760,49883,182605,2606,19,3
230022,24475,45126,5127,23,3
230342,38164,65578,5579,21,2
230434,33710,133081,8108,19,3
230720,24505,119900,4923,24,1
231079,31160,7147,9648,20,4
231203,58178,66797,1810,1,1
231457,69290,159625,2141,13,4
231521,62840,95704,3232,22,3
231648,35095,168793,1310,24,1
231654,33076,187213,2250,1,1
231809,44671,44926,7431,13,4
231815,53039,172537,2538,21,2
231970,35851,134,7635,17,1
232134,67267,162711,7744,15,0
232193,22600,7492,9993,0,0
232193,22600,145413,7928,0,0
232199,26842,39220,1724,20,4
232199,26842,181590,4109,20,4
232770,55913,96222,8732,24,1
232898,37450,114569,4570,18,2
232997,52954,133458,5972,1,1
233127,56297,100990,8521,13,4
233154,61622,78844,3859,1,1
233571,48794,127944,2969,23,3
233734,63992,106304,1325,14,0
233862,41099,61506,6519,19,3
234180,29500,109992,9993,0,0
234401,55279,179259,4294,24,1
234469,35054,80740,8265,24,1
234532,45943,94348,1876,18,2
234658,29168,78069,5591,24,1
234852,23815,71919,9441,23,3
234983,63631,56457,6458,0,0
235174,70702,7687,5188,18,2
235842,41348,111685,1686,18,2
236160,62419,11454,3956,17,1
236230,29912,100039,2550,21,2
236290,21083,46060,3573,21,2
236643,54142,21787,1788,0,0
236643,54142,164381,9414,0,0
236646,59074,1594,9095,23,3
236710,40237,81856,9381,21,2
236740,19039,12930,7933,14,0
236807,70504,93087,8106,13,4
236935,1387,125595,8108,19,3
237090,21148,125349,2886,1,1
237090,21148,160997,6030,1,1
237249,44206,121979,7004,16,0
237346,60539,92776,2777,13,4
237474,19025,168498,6047,19,3
237607,49288,102880,7901,13,4
237794,53744,102364,4875,14,0
237829,65308,85389,2914,21,2
237989,73936,94687,7197,12,2
238214,37990,23324,8329,0,0
238308,48952,50441,2947,0,0
238401,51886,36982,4492,22,3
238407,68581,124593,2130,13,4
238436,24974,195370,5371,22,3
238464,29612,24532,2039,20,4
238919,25831,187002,2039,20,4
238944,20623,133837,8864,16,0
238979,37177,102918,7939,21,2
239046,56521,181133,6170,0,0
239074,70210,99981,2491,1,1
239109,32623,89045,1554,12,2
240002,42784,98004,3023,22,3
240609,35548,195981,3539,0,0
240736,44512,91162,6181,15,0
240837,62087,158048,3079,19,3
241057,23408,79429,6951,21,2
241062,22630,140452,2967,18,2
241062,22630,165703,5704,18,2
241572,65770,97795,2814,20,4
241954,49420,123619,3620,14,0
241955,42011,163492,8525,12,2
242308,39154,54985,7491,20,4
242598,62803,129652,9653,14,0
242791,51169,87166,4691,23,3
243014,35635,6711,9212,24,1
243297,60085,98767,6295,19,3
243365,43796,193226,3227,15,0
243398,59560,23679,3680,12,2
243521,60848,123819,3820,24,1
243552,26867,105833,3364,16,0
243589,73942,130680,3194,1,1
243589,73942,149147,9148,1,1
243589,73942,182349,9904,1,1
243749,32404,153949,6465,23,3
243749,32404,175367,5368,23,3
244007,63163,109393,6924,23,3
244034,39086,113993,1527,21,2
244036,52793,60873,8392,16,0
244161,24235,30893,3397,19,3
244224,57754,172142,4660,13,4
244325,33115,95669,5670,24,1
244326,36172,42844,7853,0,0
244579,60085,67276,4795,19,3
244610,32257,189795,2314,0,0
244710,37751,24352,6855,22,3
244868,26068,14296,6798,16,0
244868,26068,67410,2423,16,0
244903,34507,93271,5781,18,2
246049,49157,30744,5751,22,3
246082,57074,60495,3002,23,3
246117,33814,179495,7047,17,1
246182,60403,142088,4603,23,3
246400,27394,141893,9436,20,4
246531,74449,42356,2357,20,4
246534,30404,98300,8301,20,4
246598,48103,7717,7718,16,0
246626,1615,116155,8667,18,2
246757,45898,85718,5719,15,0
246982,72245,132216,4730,22,3
247014,45719,71445,6460,15,0
247041,50132,87208,9717,13,4
247173,46252,121476,9013,19,3
247429,50266,57083,7084,21,2
247748,31049,126073,6074,23,3
247905,71092,120029,2542,22,3
247908,44458,179203,4238,0,0
247910,32845,85010,5011,1,1
248035,37909,44476,9485,19,3
248262,24586,171591,6626,16,0
248675,61717,116584,1607,21,2
248772,45298,80733,5750,19,3
248806,34298,156036,8552,23,3
249186,24235,125047,2584,19,3
249478,31376,13105,8108,19,3
249666,58601,17820,7821,24,1
249924,31645,100914,5935,24,1
249958,48328,116544,9056,22,3
250308,62108,154230,9261,23,3
250503,32722,48396,8397,1,1
250592,56530,24692,2199,1,1
250688,70300,122621,2622,12,2
250690,41461,123426,8451,17,1
250724,42280,107459,2480,15,0
250947,54950,81168,6185,16,0
250983,20185,164639,4640,1,1
251141,33959,9850,2351,12,2
251169,51280,164548,9581,0,0
251169,51280,187408,2445,0,0
251174,48404,186161,8680,17,1
251201,57868,46572,1581,13,4
251330,31894,115994,5995,18,2
251778,64048,98375,8376,20,4
251906,43319,119268,4291,19,3
252070,34010,44156,9165,24,1
252324,33238,160977,3494,12,2
252384,57461,16531,9033,17,1
252519,26938,164329,9362,14,0
252544,19862,190665,5704,18,2
252580,60532,15312,5313,15,0
252705,31001,46968,4481,17,1
252962,54245,64249,1768,22,3
253058,50716,54474,4475,19,3
253091,29986,77105,4627,1,1
253127,59681,91991,1992,14,0
253218,58111,198554,8555,1,1
253250,33724,190678,5717,18,2
253445,65519,88696,3713,12,2
253505,70747,11535,9039,1,1
253634,33269,138477,6017,15,0
253634,33269,178302,3337,15,0
253792,28174,20155,5160,15,0
253792,28174,99329,4348,15,0
253890,46078,87796,2813,14,0
254208,30265,48416,5929,14,0
254272,50915,22915,7920,22,3
254272,50915,146549,4092,22,3
254341,29077,176961,9479,19,3
254433,38758,174351,6869,12,2
254499,41924,109207,9208,1,1
254726,47347,66876,1889,19,3
254787,61612,77261,7262,14,0
254818,45361,88209,5734,0,0
254912,39643,57761,2772,15,0
255046,42574,114177,6689,14,0
255201,71569,74104,4105,13,4
255303,50611,47488,9993,0,0
255361,28957,81843,9368,13,4
255552,31921,53888,6394,20,4
255718,42451,24868,4869,15,0
255874,39526,18838,6342,20,4
256069,58532,58581,8582,21,2
256131,66565,81745,6762,13,4
256133,18970,132111,9651,24,1
256198,57611,32818,7825,24,1
256615,63431,143878,3879,18,2
256640,25031,84759,4760,13,4
256640,25031,91384,1385,13,4
256677,67691,70035,5050,14,0
256775,50680,80467,7992,16,0
256865,53515,89730,2239,0,0
256868,44326,104658,2189,24,1
257282,60961,99191,4210,1,1
257282,60961,149356,4385,1,1
257570,23182,98513,3532,23,3
257732,36277,178546,8547,19,3
258214,70426,166348,8865,1,1
258278,48980,188403,3440,23,3
258368,72538,146646,1675,23,3
258919,69221,174833,2385,17,1
259015,31951,107092,4623,19,3
259204,59230,73547,3548,20,4
259363,39896,15149,2653,23,3
259462,61334,110052,7586,18,2
259520,23536,732,8233,12,2
259910,59378,37150,4660,13,4
260001,30086,36420,8924,14,0
260290,27887,179159,4194,13,4
260355,64178,74120,6628,13,4
260455,19964,143401,8430,13,4
260738,30167,57322,2333,22,3
260896,27685,34498,7002,20,4
260963,20572,36212,6213,14,0
260965,25774,11354,8858,16,0
261379,24334,196761,6762,13,4
261380,49691,177495,7496,15,0
261506,43189,2184,2185,19,3
261508,46816,27957,5464,14,0
261573,65281,111582,1583,14,0
261697,21463,91497,4007,21,2
262240,69151,14102,1606,24,1
262308,69796,184671,2226,13,4
262310,58099,92416,4926,17,1
262406,59881,193280,3281,13,4
262595,49729,5542,8043,17,1
262720,60058,13467,8470,23,3
262722,25409,133551,3552,17,1
262754,65419,163663,6180,14,0
263044,69205,103643,6154,22,3
263329,51214,116891,9403,21,2
263492,48812,133741,1281,23,3
263522,21131,169839,2356,19,3
263553,28126,96770,1789,20,4
263553,28126,98489,8490,20,4
263719,37754,151932,9478,23,3
263941,63098,16812,1815,19,3
264003,63158,139300,9301,17,1
264134,45454,161463,9012,19,3
264163,48970,121253,8790,23,3
264481,41339,67783,5302,0,0
264613,34601,189278,9279,18,2
264775,56851,21463,6468,22,3
264805,74485,132392,2393,18,2
265024,73831,88488,3505,24,1
265220,35671,137284,7285,23,3
265442,41669,81455,8980,23,3
265446,35702,92056,9584,21,2
265569,74614,151148,8694,17,1
265607,69049,5312,2813,14,0
265664,43957,146301,3844,13,4
265799,25546,172786,2787,24,1
265860,45223,193333,5853,15,0
265926,69910,120475,5500,12,2
266081,25883,37789,7790,22,3
266182,18764,53517,3518,17,1
266305,64441,38107,3114,22,3
266306,49216,68962,1469,16,0
266341,42479,103414,8435,22,3
266533,67957,137193,4733,18,2
266597,60577,72102,4610,13,4
266598,39025,123378,3379,24,1
266944,60313,123971,8996,20,4
267202,33863,158065,3096,0,0
267268,51812,96495,9005,15,0
267556,28105,139367,4394,16,0
267591,71993,64127,6634,18,2
267872,43177,1782,6783,1,1
267876,54511,43654,8663,12,2
267878,39227,159363,1879,13,4
267879,32468,94445,1973,0,0
268065,27244,179108,4143,19,3
268134,41759,71363,8885,14,0
268195,1270,916,8417,13,4
268262,67009,198213,5771,22,3
268710,36293,191741,1742,21,2
268804,44989,39391,6901,0,0
268832,73960,65574,5575,21,2
268839,37378,10011,7515,15,0
268993,66451,77531,2546,20,4
269219,24358,84680,9697,23,3
269220,33337,69872,4885,0,0
269220,33337,112108,4620,0,0
269890,68653,66002,6003,23,3
269925,63280,134098,4099,21,2
269927,38098,14538,4539,20,4
270052,59869,168026,5575,21,2
270080,69196,2010,4511,15,0
270146,31067,118973,8974,21,2
270466,23530,186399,8918,19,3
270560,58048,163335,3336,21,2
270693,58678,20808,3311,1,1
270848,56933,128857,8858,16,0
271334,28022,131634,9174,13,4
271457,52381,107899,7900,12,2
271526,29755,114291,6803,17,1
271649,68288,4582,4583,13,4
271745,39865,156118,6119,14,0
271842,35294,62840,5347,20,4
272034,34708,93770,8789,12,2
272130,52309,135382,2922,23,3
272577,23753,89581,4598,23,3
272578,64990,34327,6831,15,0
272580,41396,55224,5225,24,1
272738,59248,116468,6469,23,3
272741,28889,103371,3372,20,4
273127,26962,133695,3696,16,0
273221,35819,173778,8813,19,3
273479,67271,12251,4753,22,3
273510,48943,169099,9100,0,0
273600,50453,125314,7827,12,2
273732,20710,83043,8060,16,0
273766,34360,68220,5739,1,1
273798,72596,128070,5607,19,3
273857,67052,84304,9321,13,4
274112,72563,106679,4210,1,1
274305,26962,139480,9481,16,0
274692,66182,127699,2724,14,0
274722,27385,67039,9546,13,4
274784,57496,46887,1896,20,4
275073,30058,101776,4287,0,0
275462,43720,139323,4350,1,1
275655,63304,79400,1908,16,0
275684,26206,47973,2982,1,1
275781,63404,24773,7276,21,2
276006,37814,131095,8635,24,1
276032,64558,16785,1788,0,0
276032,64558,37216,7217,0,0
276134,29699,10659,8163,22,3
276164,51139,128226,8227,15,0
276419,38996,28780,1283,21,2
276614,28099,52227,9743,13,4
276645,30365,172951,5469,20,4
276646,32497,49997,2502,1,1
276742,22940,121357,8894,13,4
276806,42626,155836,8352,0,0
276997,59071,41448,3953,18,2
277030,50935,101052,6073,15,0
277606,59452,99894,4913,21,2
277632,33242,62664,7677,21,2
277793,19885,183821,3822,24,1
277797,72448,111415,1416,13,4
277926,56318,106955,4486,21,2
277926,56318,185194,2749,21,2
278211,1327,146590,9105,12,2
278278,55271,152194,7225,0,0
278437,62494,93807,3808,13,4
278496,50599,147833,5376,20,4
279237,58013,124989,2526,22,3
279428,54050,96578,1597,0,0
279620,69008,39925,9926,15,0
279714,56605,114718,4719,17,1
280032,20761,75161,7669,23,3
280033,29173,34839,4840,20,4
280071,38017,8554,3555,21,2
280099,64795,76706,9214,24,1
280352,73192,152501,2502,1,1
280711,19199,174413,9448,1,1
280801,59023,167161,9678,24,1
281281,21173,101280,8811,20,4
281637,66931,53140,8151,1,1
281761,32668,149022,6565,24,1
281891,20140,63475,3476,13,4
281989,39025,181273,8828,24,1
282176,56542,68649,3662,17,1
282211,40492,174076,4077,18,2
282274,25460,124231,9256,16,0
282374,63386,139474,4501,20,4
282594,28018,162409,7442,21,2
282980,51322,161721,9270,0,0
283110,1687,93346,3347,23,3
283235,68567,121916,1917,16,0
283333,37757,164696,9729,16,0
283392,30520,143595,8624,17,1
283682,47365,14684,7186,17,1
283713,42091,74381,9396,16,0
283907,21512,52064,2065,0,0
283907,21512,56932,9438,0,0
284068,49682,160569,5602,12,2
284320,46288,66302,6303,21,2
284320,46288,70522,3030,21,2
284321,47194,93551,3552,17,1
284417,42085,87840,2857,21,2
284612,65773,143575,3576,16,0
284678,54139,104217,4218,24,1
284898,46471,32481,9991,13,4
284997,23402,6055,8556,22,3
285024,30122,1974,9475,16,0
285026,68245,10239,7743,15,0
285031,70331,162470,7503,22,3
285121,55889,155305,7821,24,1
285155,56381,79748,4763,21,2
285156,39509,42746,7755,22,3
285280,66160,11435,6438,18,2
285286,64558,97469,9979,0,0
285632,54859,54377,9388,24,1
285639,56248,199964,5003,14,0
285666,40531,68974,8975,24,1
286082,31159,109501,9502,0,0
286151,48851,183787,6306,22,3
286374,73300,120396,7933,14,0
286498,59092,131629,6656,18,2
286886,45418,126581,1606,24,1
287013,25774,6280,8781,16,0
287111,38707,62552,2553,16,0
287111,38707,88899,1408,16,0
287360,54253,125211,2748,14,0
287616,57808,12831,2832,13,4
287939,32716,123378,3379,24,1
288004,71272,136657,9171,12,2
288068,26117,38654,3661,1,1
288229,71782,50885,5896,20,4
288645,57370,95183,5184,18,2
288736,23344,191074,8632,19,3
288768,50753,104247,1778,19,3
288804,52228,165836,5837,23,3
289095,64403,96588,1607,21,2
289121,31969,198795,3834,20,4
289408,73811,133857,6371,23,3
289408,73811,175857,8375,23,3
289410,43868,31562,9072,14,0
289410,43868,53717,8728,14,0
289604,45025,184013,1568,12,2
289925,19904,147890,5433,16,0
290055,55510,119611,4634,24,1
290179,39130,49249,9250,0,0
290183,29183,46588,1597,0,0
290242,27598,168543,8544,22,3
290274,59545,77081,9589,15,0
290375,45754,83728,1253,0,0
290531,73589,105151,7662,20,4
290565,42853,149811,4840,20,4
290661,63020,29554,7061,20,4
290661,63020,99471,6999,20,4
290791,20020,101379,1380,17,1
290944,69139,96486,6487,12,2
291107,46393,154720,4721,17,1
291233,21940,77858,7859,16,0
291269,54755,59601,9602,16,0
291299,26107,106263,3794,23,3
291303,42685,105525,8036,1,1
291363,27481,17127,2130,13,4
291363,27481,21711,6716,13,4
291393,32050,1448,8949,23,3
291687,55694,182825,5344,17,1
292032,41429,148647,3676,13,4
292068,53935,51394,3900,24,1
292321,69082,167343,9860,22,3
292354,63058,120621,5646,0,0
292582,35084,83867,8884,13,4
292835,64421,148620,3649,24,1
293057,56929,40990,5999,0,0
293508,36910,139807,2321,19,3
293703,58967,1211,3712,22,3
293986,37088,70962,5977,24,1
293987,73958,10796,8300,1,1
293989,1414,113905,1439,20,4
294053,57583,191932,6971,12,2
294593,70729,78164,3179,22,3
294593,70729,81191,6208,22,3
294944,50770,64048,1567,16,0
295012,61909,120879,5904,22,3
295366,67544,134746,7260,1,1
295776,23401,187371,2408,15,0
296001,74276,181362,1363,0,0
296004,26722,124207,6720,18,2
296033,73612,48013,3022,18,2
296226,21019,28620,6127,1,1
296391,45365,37508,2515,1,1
296800,36452,132330,9870,22,3
297025,37565,195734,8254,12,2
297029,67717,164275,9308,18,2
297185,55105,39049,1553,14,0
297223,45940,78820,6342,20,4
297539,52288,114882,4883,17,1
297606,73366,132574,7601,20,4
297728,34960,141435,6464,14,0
297795,56152,163909,8942,18,2
297862,74444,21648,4151,14,0
298016,26746,87519,2536,23,3
298243,44846,155618,8134,20,4
298369,52981,10237,5240,21,2
298822,22958,123434,3435,13,4
298887,64501,99693,2203,17,1
299362,31582,195389,5390,20,4
299427,33043,136844,6845,16,0
299463,56690,8455,3456,16,0
299463,56690,77029,7030,16,0
299491,66877,20386,5391,18,2
299941,45899,108208,5739,1,1
300320,66280,8033,8034,22,3
300484,67543,122376,2377,16,0
300550,39670,185635,5636,16,0
300742,24596,154289,1835,0,0
300770,74599,91356,8884,13,4
300899,72863,104506,7017,14,0
300928,72329,7313,7314,16,0
301093,28801,99134,1644,19,3
301123,57890,149055,1570,12,2
301223,19381,27359,7360,22,3
301605,28418,173667,6185,16,0
301795,25705,59740,4751,15,0
301889,64561,15939,8441,18,2
301892,71269,26558,6559,0,0
301991,54895,57634,7635,17,1
302053,20771,21327,6332,19,3
302083,74467,137478,7479,23,3
302145,20425,151776,9322,22,3
302309,26518,3000,5501,12,2
302340,67963,49457,9458,12,2
302374,66982,104936,7447,13,4
302438,71383,43245,8254,12,2
302496,64241,104067,4068,12,2
302628,65047,103994,6505,20,4
302944,50969,125889,3426,1,1
303172,38846,145309,5310,16,0
303202,56465,57737,2748,14,0
303463,30661,87169,7170,21,2
303653,48812,128189,5726,23,3
303653,48812,152052,4568,23,3
303847,59224,31166,6173,21,2
303877,41038,184466,2021,18,2
304160,67528,134448,9475,16,0
304162,48448,196356,8876,20,4
304167,38758,24560,7063,12,2
304231,42157,19949,2451,16,0
304231,42157,84672,2197,16,0
304289,57547,152150,4666,18,2
304486,33707,69331,9332,21,2
304512,44302,46395,1404,0,0
304738,42481,164425,9458,12,2
304902,64480,46375,8880,16,0
305024,64105,122721,2722,19,3
305091,68110,47461,2470,22,3
305123,28600,182355,9910,17,1
305414,38918,161503,1504,24,1
305667,63751,111179,6202,13,4
305792,52262,88777,6302,12,2
305824,48487,127710,2735,16,0
305890,46003,141971,7000,19,3
305922,74971,191259,8817,16,0
306342,43099,155422,5423,12,2
306626,27889,160393,2910,21,2
306849,39668,55874,8380,1,1
306915,32962,11820,1821,21,2
306919,29402,19992,7496,15,0
307008,50356,143378,3379,24,1
307169,30409,32177,9687,24,1
307204,38839,10505,8009,24,1
307553,66862,7056,4557,17,1
307650,43876,188858,3895,24,1
307782,45358,73844,3845,23,3
307810,37412,67437,4956,24,1
307909,20431,70874,3382,17,1
307909,20431,147135,7136,17,1
308065,28054,54884,2400,24,1
308135,33484,96322,8832,0,0
308257,43798,99635,4654,0,0
308548,68197,77388,4910,22,3
308576,19564,85616,5617,24,1
308608,55502,80869,5886,23,3
308705,70097,64081,6588,1,1
308834,52999,82644,2645,12,2
308835,43909,107065,2086,23,3
308898,24124,129329,6866,22,3
308993,22250,62439,2440,23,3
309220,19118,29304,4309,1,1
309315,45022,170846,8398,20,4
309351,74962,161936,6969,18,2
309382,39073,11634,6637,23,3
309443,48992,167450,7451,21,2
309473,29006,66645,6646,19,3
309507,44167,160358,7907,15,0
309536,74623,9247,1748,19,3
309572,20845,191936,4456,16,0
309698,64589,41300,8813,19,3
309959,59408,41523,1524,12,2
310051,67045,89410,9411,18,2
310211,59486,52421,9937,21,2
310689,35851,182700,7737,17,1
311046,58267,115531,8043,17,1
311204,25217,143268,3269,22,3
311238,56584,97665,5193,20,4
311393,38546,168916,6465,23,3
311428,47377,1080,8581,17,1
311584,70097,134378,1918,1,1
311687,31192,47347,7348,24,1
311687,31192,191457,1458,24,1
311718,33901,188718,6273,18,2
311747,74020,164185,1734,1,1
312005,41015,26773,9276,22,3
312066,40472,167916,7917,12,2
312355,37915,86801,9310,22,3
312644,69580,25182,2689,17,1
313152,73237,141871,6900,15,0
313510,45583,171267,3785,14,0
313636,45691,130418,7958,13,4
314210,61495,171451,6486,12,2
314211,26966,76161,8669,20,4
314373,51925,63928,3929,14,0
314407,26276,15125,5126,1,1
314433,19003,91676,9204,16,0
314469,62344,51075,8591,0,0
314469,62344,80827,8352,0,0
314470,37396,107258,4789,15,0
314497,27601,148207,3236,16,0
314594,26980,142217,9760,14,0
314657,45083,36154,3664,18,2
314918,34765,165145,5146,23,3
314918,34765,188583,8584,23,3
314944,20858,55036,2552,23,3
315073,31270,134578,7092,22,3
315106,74875,23766,8771,19,3
315142,56392,28766,3771,0,0
315142,56392,67873,5392,0,0
315303,51427,192117,4637,0,0
315392,72796,76436,1451,16,0
315557,58994,162110,7143,24,1
315971,51371,74988,4989,22,3
316007,56971,93945,8964,21,2
316032,35596,150263,7809,16,0
316033,52360,11606,1607,21,2
316195,64727,56922,4438,19,3
316324,37427,197847,2886,1,1
316352,45569,170240,7792,15,0
316549,59561,186847,9366,19,3
316646,60019,134975,2515,1,1
316805,42850,34556,7060,16,0
316835,44797,156164,8680,17,1
316900,48238,71683,4191,21,2
316960,64054,55529,3045,19,3
317029,41696,93233,5743,21,2
317123,21166,178617,6169,14,0
317477,24511,64747,9760,14,0
317479,48103,63857,8870,16,0
317703,1210,27201,2206,16,0
317828,34426,21613,1614,12,2
317862,28018,121863,9400,21,2
318083,42538,114277,1811,1,1
318336,70289,197136,2175,18,2
318434,32615,192581,5101,16,0
318630,67300,33953,6457,18,2
318659,51652,80952,5969,19,3
318915,54970,111586,9120,12,2
318977,62605,191345,3865,16,0
319141,70105,68712,3725,12,2
319203,42352,99959,9960,19,3
319237,21389,13342,5844,12,2
319238,69385,193837,3838,16,0
319269,60155,64407,6914,18,2
319680,45796,101108,3619,23,3
319878,51064,187675,5230,13,4
319879,60076,128823,1336,20,4
319941,48754,142030,4545,13,4
319969,49843,3184,8185,16,0
320035,41977,707,5708,16,0
320160,64438,11369,3871,0,0
320256,23875,83338,8355,24,1
320322,33451,189722,7277,17,1
320486,71167,140000,2514,17,1
320544,21941,197190,9710,12,2
320545,46015,37611,7612,17,1
320865,31613,96527,4055,12,2
321283,41341,151786,6817,24,1
321287,30140,132098,7125,19,3
321349,59899,183553,8590,24,1
321668,72518,68200,5719,15,0
321766,26344,6042,3543,22,3
321766,26344,131506,6533,22,3
321828,68551,61363,6376,23,3
321890,66994,164622,9655,18,2
321924,47206,176097,6098,17,1
321959,66781,165831,8348,23,3
322242,1378,1379,1380,17,1
322339,41053,192575,5095,17,1
322369,71191,194549,9588,19,3
322498,25645,147947,7948,17,1
323075,56764,135542,5543,12,2
323075,56764,176603,1638,12,2
323141,33460,63251,5758,18,2
323141,33460,154569,4570,18,2
323171,53315,33079,3080,22,3
323175,20380,122472,7497,20,4
323236,71939,108668,6199,15,0
323265,28304,149047,1562,14,0
323301,40726,91390,8918,19,3
323431,41065,91122,6141,13,4
323686,73775,175155,5156,14,0
323687,21964,21498,4001,13,4
324166,27796,30198,2702,22,3
324389,22211,24832,9837,16,0
324389,22211,45886,3399,16,0
324484,68984,130793,3307,13,4
324642,33166,181669,9224,20,4
324802,73222,57868,7869,14,0
325286,70582,28996,1499,12,2
325317,53719,122908,2909,17,1
325383,25198,23429,8434,13,4
325505,70009,105074,7585,24,1
325603,40429,175727,8245,14,0
325701,71728,156581,6582,12,2
326118,43985,30199,7709,0,0
326400,58754,28925,3930,24,1
326499,52132,109220,6751,18,2
326722,55043,65525,5526,22,3
326722,55043,195465,3023,22,3
326785,33091,130082,2596,20,4
326853,64216,130098,5125,12,2
327138,19435,32095,4599,21,2
327169,44536,137190,9704,19,3
327270,59938,74435,4436,15,0
327587,60455,41618,6627,23,3
327587,60455,139576,4603,23,3
327750,61516,179324,9325,1,1
327906,37075,198260,5818,16,0
328231,60061,84265,9282,14,0
328291,54823,139772,7312,20,4
328291,54823,143062,3063,20,4
328482,44959,107922,7923,16,0
328544,58781,187431,9950,13,4
328676,60904,4517,9518,0,0
328708,42634,179610,7162,21,2
328806,54091,50616,5627,20,4
329185,19687,14273,9276,22,3
329217,31657,142709,5224,17,1
329250,38141,191319,6358,15,0
329441,56098,117090,2113,17,1
329441,56098,131089,8629,17,1
329475,27580,121534,4047,0,0
329639,68068,167019,2052,1,1
329984,29581,6063,6064,1,1
330308,48739,39941,9942,12,2
330310,20656,106044,8555,1,1
330368,64252,96309,3837,21,2
330658,51848,63967,1486,19,3
330662,72227,14482,9485,19,3
330947,63685,178145,3180,0,0
331366,49747,148759,8760,19,3
331457,29245,49115,1620,24,1
331588,38794,36975,6976,23,3
331809,33335,196938,6939,20,4
331811,59437,175238,5239,19,3
331843,28795,99616,2126,14,0
331873,55033,79557,7079,16,0
332161,46457,182326,4845,16,0
332353,34472,46812,4325,12,2
332386,50722,50625,5636,16,0
332388,35965,111766,1767,16,0
332423,64294,141806,6835,23,3
332612,22372,121903,6928,13,4
332742,47222,33547,3548,20,4
333249,62516,29840,4845,16,0
333476,64687,157569,5115,24,1
334018,52661,16747,9249,22,3
334048,63136,19596,4599,21,2
334049,26374,80344,5361,15,0
334086,26872,56579,9085,17,1
334211,31085,39869,7379,12,2
334243,34760,156751,1782,14,0
334404,49738,23723,6226,21,2
334433,62029,25450,2957,1,1
334534,19615,160607,3124,15,0
334848,56047,46281,3794,23,3
334853,31735,167590,5139,0,0
335075,49213,195361,2919,17,1
335649,33442,56030,8536,1,1
335812,52577,85765,5766,13,4
335875,59146,118833,1345,12,2
336006,66020,194472,6992,18,2
336037,27373,51266,1267,17,1
336259,19051,73449,3450,22,3
336321,43108,187078,9597,0,0
336419,61696,56950,6951,21,2
336580,67864,185149,7668,20,4
336866,34486,81456,8981,24,1
336898,52360,30164,2668,21,2
337088,64595,162994,8027,24,1
337154,43322,198948,1468,23,3
337250,53860,55693,5694,22,3
337312,39499,84313,6822,12,2
337345,21485,178634,3669,23,3
337444,60500,123131,5644,1,1
337601,35518,120495,5520,22,3
337665,24526,74960,9975,17,1
337730,42539,155955,5956,21,2
337830,18946,73958,3959,14,0
337830,18946,109471,1982,14,0
338020,50654,39522,2026,14,0
338405,38579,4130,6631,14,0
338469,45691,100886,8417,13,4
338789,48247,180054,5091,1,1
338914,66985,61768,1769,13,4
339045,42293,183151,8188,15,0
339075,32737,149325,4354,14,0
339106,38377,95893,5894,0,0
339172,59942,192165,2166,24,1
339335,68159,49542,9543,20,4
339431,28069,81256,1257,13,4
339648,31231,58922,8923,19,3
339686,74860,9869,4870,16,0
339777,42133,129329,1842,16,0
339846,27010,24740,4741,24,1
339846,27010,56555,1566,24,1
339872,32386,197387,7388,1,1
339910,48794,191035,6074,23,3
340101,46894,105768,5769,12,2
340165,33553,102749,7770,18,2
340227,60679,36422,3932,23,3
340352,26117,143821,6336,1,1
340418,26401,138573,8574,13,4
340448,32941,60633,5646,0,0
340482,47507,137559,7560,19,3
340608,33685,128751,6288,24,1
340677,66827,14217,9220,21,2
340708,1298,164788,4789,15,0
340805,50375,193166,3167,22,3
340835,68242,48924,6437,23,3
340864,46456,109874,2385,17,1
340935,54808,26575,9078,19,3
341092,44824,116466,4000,24,1
341093,48859,49509,7022,17,1
341123,27892,19720,2222,14,0
341153,54182,192288,4808,14,0
341541,20720,69113,4126,19,3
341730,37901,85372,7881,16,0
342212,63289,122355,4868,0,0
342435,1211,122100,2101,18,2
342469,71392,123209,3210,1,1
342631,71480,15742,8244,12,2
342659,30806,33124,3125,13,4
342757,45559,140800,8343,21,2
342817,71522,191166,6205,0,0
342914,69757,181492,4011,15,0
343012,73744,71817,9339,23,3
343074,43937,85457,7966,21,2
343107,61010,58329,5845,15,0
343365,22634,49653,7166,22,3
343365,22634,116498,9010,22,3
343424,43172,85569,5570,16,0
343654,24226,115987,8499,12,2
344035,71737,132378,4892,1,1
344098,33301,124784,9809,17,1
344161,29749,41845,9358,0,0
344167,33559,71649,6664,13,4
344288,62294,13969,3970,13,4
344353,48320,23598,8603,22,3
344356,53680,158151,5697,20,4
344514,71816,132148,9688,17,1
344581,51044,151540,9086,24,1
344646,72859,81676,6693,20,4
344773,44605,144658,4659,19,3
344839,49114,119052,6586,22,3
345280,33058,75702,8210,20,4
345410,34375,159463,7009,14,0
345446,52477,43825,8834,19,3
345508,39412,51741,9257,17,1
345508,39412,121144,8681,17,1
345666,30716,137511,2538,21,2
345666,30716,144022,4023,21,2
345798,29132,68987,6506,24,1
345953,39563,89588,7113,15,0
345953,39563,106235,6236,15,0
345953,39563,161737,1738,15,0
346080,1871,42880,2881,15,0
346183,48727,3925,8926,24,1
346277,24815,99211,9212,24,1
346370,64612,191659,6698,14,0
346471,36346,27937,2942,13,4
346498,21820,146279,6280,18,2
346950,72721,95296,2824,14,0
346976,66131,97677,2696,21,2
347040,33934,197467,7468,18,2
347043,64102,63497,3498,22,3
347140,45121,77541,7542,0,0
347268,41533,34539,2049,14,0
347462,45088,33292,8299,1,1
347782,34648,105197,5198,19,3
347840,29780,31451,1452,20,4
347877,44917,183792,6311,22,3
348032,21019,179828,4863,1,1
348357,57139,1038,3539,0,0
348546,29713,144321,6836,24,1
348645,1183,181228,6265,1,1
348709,30407,52260,2261,21,2
348770,23200,199387,1907,20,4
348835,44024,183575,8612,24,1
349159,44407,73654,3655,24,1
349571,39533,181269,3788,16,0
349664,19904,71041,3549,16,0
349729,69554,26915,1920,0,0
349730,39944,42707,2708,12,2
349830,65294,90488,8016,1,1
349859,64576,150356,2872,24,1
349863,68236,61692,6705,20,4
349889,51733,138813,6353,23,3
350022,30826,125676,5677,21,2
350050,63932,114884,2418,24,1
350055,53146,100061,5082,24,1
350209,70208,98840,6368,14,0
350247,66157,100779,5800,0,0
350279,66485,136067,6068,22,3
350467,44897,24752,2259,14,0
350467,44897,117294,4828,14,0
350467,44897,191524,9082,14,0
350497,39461,129367,6904,17,1
350560,39767,14925,9928,14,0
350594,64381,31319,6326,20,4
350628,65788,44270,9279,18,2
350820,35657,125861,5862,14,0
351239,46072,57200,4716,22,3
351264,26491,184319,1874,16,0
351330,40834,86594,1611,0,0
351399,44515,33424,5928,16,0
351459,69727,74879,2401,13,4
351712,44008,181892,4411,23,3
351777,27419,72892,7907,15,0
352034,68710,197091,7092,22,3
352066,40576,50944,3450,22,3
352067,44254,166332,8849,23,3
352386,38833,161610,4127,21,2
352483,68245,12073,4575,15,0
352519,72544,89340,9341,21,2
352711,59639,61822,1823,1,1
352711,59639,165737,5738,1,1
353125,29755,107184,9695,17,1
353284,67060,99875,4894,17,1
353666,36334,798,5799,20,4
353701,21446,48881,6394,20,4
353734,46319,163634,8667,18,2
353795,19600,67326,4845,16,0
353827,45580,96335,6336,1,1
353890,49795,75784,5785,14,0
354083,63892,128679,3704,24,1
354118,42221,38341,3348,15,0
354275,63745,84505,2030,14,0
354304,24817,150562,8108,19,3
354689,50896,104425,4426,13,4
354880,68740,180414,7969,0,0
354944,43183,104304,1835,0,0
355233,35707,148839,3868,21,2
355264,41410,60546,5559,22,3
355490,50159,32611,7618,22,3
355554,66808,99109,6637,23,3
355681,60697,126942,9455,21,2
355809,45476,138673,6213,14,0
356034,61012,60038,5051,22,3
356102,50402,174663,2215,21,2
356385,56390,29964,2467,16,0
356485,43843,138382,8383,15,0
356931,71249,137331,2358,22,3
357122,66340,117381,7382,20,4
357159,28103,131072,8612,24,1
357280,58279,10730,3232,22,3
357635,25609,116410,8922,14,0
357863,66635,90310,5329,14,0
357990,46336,57308,9814,19,3
358279,42679,154222,4223,19,3
358528,27562,168175,5724,14,0
358659,70210,23974,8979,1,1
358688,57361,79380,6902,17,1
358982,22727,157478,9994,16,0
359142,35704,45707,8212,24,1
359234,51778,46973,9478,23,3
359365,52477,91838,9366,19,3
359782,64453,87230,9739,12,2
359876,67357,50063,7579,20,4
360002,28162,94567,2095,20,4
360129,47146,30698,5705,0,0
360386,74195,164582,4583,13,4
360513,34378,112973,7996,17,1
360608,72659,11363,3865,16,0
360608,72659,191179,6218,16,0
360641,67537,157837,5383,20,4
360807,52052,198253,5811,19,3
361030,54529,80781,5798,13,4
361094,30817,106193,8704,21,2
361412,19165,8780,8781,16,0
361476,74312,64154,4155,18,2
361479,29533,50105,7621,21,2
361605,69463,87226,7227,16,0
361639,58091,161851,6884,24,1
361760,42934,96440,8950,23,3
361798,19589,71509,1510,14,0
361828,55075,47351,4864,24,1
361954,31726,30640,3144,0,0
362017,46430,119093,1605,13,4
362150,65773,120546,8083,16,0
362274,57871,47650,7651,23,3
362311,65516,57139,7140,1,1
362624,64378,122455,2456,15,0
362626,63742,20388,2891,20,4
362790,60350,107823,7824,1,1
362818,65746,56663,9169,19,3
362822,41504,137671,7672,15,0
362882,29509,154380,1926,22,3
363042,53860,189055,9056,22,3
363360,73213,83941,8958,21,2
363431,22207,18355,3358,0,0
363584,35644,168469,8470,23,3
363713,31912,71957,6972,18,2
363746,24142,39872,9873,19,3
363840,32329,73025,5533,16,0
363876,44614,15031,2535,24,1
364005,66785,132498,5012,0,0
364007,41251,148768,6311,22,3
364612,62723,58297,5813,15,0
364708,59311,170960,3478,22,3
364769,43126,59950,2456,15,0
364807,20003,113689,6201,14,0
364900,19807,20031,7538,16,0
365219,63707,86044,3569,17,1
365348,65596,23069,3070,22,3
365351,74296,164078,9111,18,2
365415,30304,42564,7573,16,0
365478,67739,179401,9402,19,3
365571,48287,198753,8754,20,4
365760,62303,136254,1281,23,3
365895,65536,30587,3091,14,0
365927,52934,152976,5492,17,1
366050,70381,123249,3250,24,1
366115,31807,38349,8350,1,1
366275,66200,176523,9041,0,0
366467,30494,95375,2903,18,2
366502,65770,95386,7896,20,4
366533,48046,85472,2997,15,0
366535,56384,80850,5867,0,0
366592,21179,148096,5639,14,0
366624,46598,9643,7144,21,2
366624,46598,61160,6173,21,2
366688,74842,91658,4168,16,0
366980,70955,139221,1735,12,2
367203,60379,68633,6152,13,4
367488,25702,26874,9377,13,4
367620,25435,172069,7104,17,1
367847,32323,102696,2697,18,2
368097,33811,55258,7764,17,1
368099,27830,192748,7787,12,2
368102,38386,172766,5284,15,0
368165,31171,55840,8346,17,1
368549,57083,112646,2647,20,4
369569,55198,145191,7706,23,3
369952,62779,159830,7376,17,1
369958,66238,151587,4103,24,1
370017,46558,110408,5431,24,1
370247,74860,101075,8606,16,0
370528,54236,151719,1720,0,0
370624,46442,199561,9562,14,0
370884,27235,140611,3126,24,1
370919,46465,48489,3498,22,3
371142,47984,130992,3506,0,0
371201,55079,27570,2575,21,2
371234,61294,139589,4616,16,0
371588,60364,108095,8096,22,3
371879,26395,106260,6261,13,4
371940,71459,130015,7555,18,2
371942,53569,49717,7230,24,1
371942,53569,67589,2602,24,1
371970,33440,115919,8431,22,3
372099,21874,144253,9282,14,0
372129,36016,47340,2349,22,3
372231,71386,26636,1641,17,1
372231,71386,132077,7104,17,1
372421,20272,159587,9588,19,3
372452,72604,113888,3889,14,0
372517,41926,120162,5187,12,2
372544,41645,43732,8741,16,0
372839,34529,141792,6821,14,0
372869,61597,25612,3119,1,1
372933,48028,181908,9463,15,0
372966,60805,195725,8245,14,0
373027,41599,133507,3508,24,1
373088,29108,81587,4096,16,0
373126,60961,131561,6588,1,1
373280,46240,61260,3767,16,0
373927,23014,99258,6786,21,2
373991,20539,39828,2332,1,1
374087,1693,39724,9725,12,2
374176,62461,6256,3757,23,3
374275,19381,170787,5822,22,3
374405,27922,57215,9721,20,4
374468,29749,156072,8588,0,0
374560,37930,7150,7151,17,1
374565,46160,62728,5235,20,4
374785,74680,89924,2433,22,3
374785,74680,137309,2336,22,3
374913,36412,187789,2826,15,0
375009,71920,106855,9366,19,3
375009,71920,175230,7748,19,3
375140,74729,37866,7867,1,1
375335,24520,139538,4565,13,4
375776,44458,226,7727,0,0
375911,48572,2813,5314,1,1
375968,43348,62600,7613,24,1
376292,32449,76653,4175,0,0
376385,29146,55090,5091,1,1
376454,64381,49178,9179,20,4
376546,63611,137767,7768,24,1
376547,45091,18960,8961,24,1
376832,35848,20036,2539,19,3
376961,65303,99134,9135,17,1
377250,66460,27546,5053,15,0
377286,72214,78634,3649,24,1
377381,61214,137336,2363,18,2
377511,60913,30519,3023,22,3
377765,68249,71370,6385,17,1
377765,68249,82046,9571,17,1
377797,54740,65221,5222,16,0
377889,65072,87147,4672,0,0
377957,73948,89322,9323,12,2
378210,72502,93770,1298,16,0
378307,51791,27235,4742,24,1
378341,69274,146215,8730,22,3
378403,58465,103873,8894,13,4
378435,49822,75415,5416,13,4
378497,34730,169139,4172,13,4
378502,68858,172508,5026,17,1
378593,71863,68308,5827,22,3
378658,59870,7803,2804,16,0
378692,66376,82028,2029,14,0
378789,36817,48693,6206,13,4
379719,21367,104892,9913,0,0
379879,53864,110095,7629,24,1
379943,38195,10123,5126,1,1
380006,41107,20536,5541,18,2
380231,45431,156649,6650,22,3
380256,57422,181761,4280,12,2
380359,68359,122994,2995,21,2
380455,29476,98849,3868,21,2
380739,36691,14860,4861,22,3
381155,59909,97608,5136,17,1
381344,62227,179385,9386,13,4
381569,35548,99394,6922,0,0
381639,31369,183810,8847,0,0
381923,34246,30872,5879,18,2
381927,26588,106369,3900,24,1
381989,19894,4534,9535,21,2
382147,69862,9800,9801,12,2
382147,69862,106821,6822,12,2
382498,44254,39544,9545,23,3
382499,52909,196961,9481,16,0
382533,23272,107568,5099,12,2
382593,29080,75199,7707,24,1
382594,22055,100339,2850,23,3
382912,38471,173145,5663,16,0
383009,66322,174223,6741,16,0
383045,26837,122234,4747,24,1
383074,27410,136570,1597,0,0
383109,34442,37011,7012,23,3
383168,25936,23997,1504,24,1
383333,70496,4294,4295,21,2
383621,42572,39502,7012,23,3
383844,48395,34012,6516,21,2
384420,32179,61414,6427,19,3
384739,53731,116808,6809,22,3
384775,28070,119038,4061,19,3
384865,70861,179890,4925,20,4
384929,50251,164321,4322,21,2
384997,27134,69560,7079,16,0
385349,30829,66589,9096,16,0
385507,55669,124139,1676,18,2
385731,51848,49845,7358,19,3
385731,51848,139022,6562,19,3
385894,43951,80233,5250,23,3
386055,28723,119506,9507,1,1
386148,52459,54556,2072,0,0
386183,58138,58646,3657,17,1
386595,40280,60767,3274,24,1
386983,70139,17684,2687,18,2
387040,37618,46735,9240,14,0
387137,41585,12766,2767,0,0
387138,61303,22876,2877,16,0
387142,68845,165477,3026,19,3
387333,67201,125377,2914,21,2
387367,26417,77554,7555,18,2
387844,65311,30874,3378,24,1
388004,57710,156625,6626,16,0
388099,42845,130159,2673,16,0
388166,48532,148818,8819,0,0
388193,40132,22253,4756,1,1
388259,49204,158389,5935,24,1
388291,73588,36356,6357,18,2
388291,73588,110992,6015,18,2
388292,36946,163221,5738,1,1
388422,30961,93272,3273,23,3
388710,46603,11540,4042,18,2
388774,50461,137257,9771,24,1
388805,28807,14778,4779,15,0
388960,66868,50895,5906,20,4
388998,23521,26879,9382,18,2
389317,24427,65708,3227,15,0
389317,24427,139981,9982,15,0
389445,44837,58420,3431,22,3
389507,72338,188280,3317,19,3
389537,52417,53626,6132,1,1
389603,32132,36854,9358,0,0
389604,26443,69039,6558,17,1
389958,58712,110921,8455,18,2
390273,38932,109779,9780,13,4
390597,56611,159175,6721,0,0
390627,42184,159036,4067,0,0
390788,65021,50559,3065,1,1
390854,35000,11392,1393,20,4
390945,56387,143093,3094,21,2
390947,33986,162443,7476,24,1
391015,36025,36758,4268,15,0
391078,34499,82625,7642,13,4
391328,54331,107577,2598,13,4
391331,1516,148516,8517,14,0
391425,38611,119558,7092,22,3
391556,50860,128507,3532,23,3
391652,37183,32362,2363,18,2
391683,68861,107067,2088,14,0
391683,68861,145613,8128,14,0
392000,26069,188904,6459,23,3
392192,57332,14170,4171,22,3
392295,68986,167578,7579,20,4
392450,44477,83974,1499,12,2
392551,23750,10666,8170,19,3
392737,43985,10913,5916,0,0
392738,45887,126579,4116,17,1
392802,61898,39530,4537,13,4
392834,49439,32414,9924,23,3
392835,70826,57748,2759,19,3
392901,30172,198340,8341,13,4
392961,64354,68857,6376,23,3
393062,67682,101986,7007,12,2
393091,73999,26241,6242,15,0
393252,27769,144358,9387,18,2
393287,49798,192085,2086,23,3
393315,47306,17661,7662,20,4
393479,57740,91494,9022,13,4
393572,54635,169316,4349,21,2
393637,44656,153182,5698,16,0
393732,57422,76970,6971,12,2
393799,43942,177097,2132,12,2
393959,29488,106503,4034,24,1
393990,26617,105659,5660,1,1
394048,41050,53490,8501,1,1
394050,67261,132095,4609,17,1
394051,40838,58674,3685,21,2
394209,45734,65954,8461,16,0
394240,57323,178443,5995,18,2
394497,66001,187365,4920,19,3
394566,52442,131346,3860,14,0
394660,53902,43844,3845,23,3
394720,66376,98130,3149,14,0
394823,50095,25040,2547,1,1
394850,22799,92051,4561,15,0
395043,69370,134507,9534,16,0
395047,68380,91700,4210,1,1
395079,43645,9480,9481,16,0
395105,50285,44475,4476,19,3
395364,52639,120701,5726,23,3
395366,53344,62372,4879,15,0
395616,38758,174735,4736,12,2
395813,74611,198416,8417,13,4
395939,73759,143482,5997,20,4
396166,64310,20229,7736,1,1
396227,30044,1733,9234,22,3
396229,45643,15663,8165,17,1
396354,58661,146522,1551,22,3
396487,35225,24667,9672,18,2
396770,24505,140921,5950,24,1
396805,70429,17078,7079,16,0
396897,59113,6447,6448,16,0
397058,48908,46700,6701,14,0
397058,48908,128865,3890,14,0
397249,64060,85283,7792,15,0
397318,73765,161753,6786,21,2
397413,26869,167629,5178,20,4
397540,70244,36286,8790,23,3
397827,37999,54634,7140,1,1
397856,47297,62199,2200,19,3
398017,74005,33005,3006,1,1
398086,31118,27621,5128,16,0
398183,65092,127976,3001,24,1
398723,30967,618,5619,20,4
398723,30967,184985,2540,20,4
398757,53053,20995,6000,21,2
398785,44867,5053,5054,1,1
398916,39064,165722,3271,14,0
399011,27493,189173,1692,0,0
399106,68836,198736,3775,14,0
399233,34913,140155,2670,18,2
399267,71111,195237,5238,21,2
399303,51196,170834,3352,19,3
399363,50159,157263,2294,22,3
399457,48946,77913,5435,20,4
399521,63379,164688,4689,12,2
399554,46637,167641,7642,13,4
399844,32756,64414,1933,22,3
399938,36184,153052,3053,23,3
400001,27197,110443,5466,23,3
400070,39154,92293,7312,20,4
400161,22568,162348,2349,22,3
400513,60500,49541,4550,1,1
400741,38783,124930,9955,16,0
400833,35036,94102,4103,24,1
400871,45508,4673,4674,15,0
400996,56245,125747,3284,12,2
401095,30112,167814,7815,12,2
401126,66541,196949,9469,1,1
401216,61438,2253,9754,0,0
401222,37430,88109,8110,13,4
401249,66991,155318,7834,14,0
401286,37865,150507,5538,1,1
401409,68765,68547,8548,0,0
401415,34961,103115,8136,20,4
401506,28090,164251,4252,1,1
401507,25988,50481,2987,22,3
401537,47548,163389,5906,20,4
401537,47548,173509,6027,20,4
401728,67097,152999,3000,21,2
401730,36830,111406,6429,18,2
401830,57694,135943,5944,1,1
401830,57694,152000,7031,1,1
401986,37810,53822,6328,19,3
401987,51430,104355,1886,12,2
402051,55537,61389,3896,19,3
402053,33811,112505,7528,17,1
402055,21515,135068,5069,15,0
402182,60344,11012,6015,18,2
402209,46453,7913,2914,21,2
402275,27412,115217,7729,24,1
402343,63550,86108,3633,24,1
402372,45851,154660,4661,19,3
402372,45851,156433,3979,19,3
402497,18865,179526,4561,15,0
402692,69146,128060,8061,17,1
402851,41026,196101,8621,1,1
402885,26201,73774,8789,12,2
402983,39800,112981,8004,13,4
403009,32590,89957,7482,14,0
403010,70534,23238,3239,23,3
403012,64576,4955,4956,24,1
403040,63676,102836,5347,20,4
403042,66409,156693,9209,23,3
403111,52504,94488,6998,21,2
403396,39359,34802,2312,20,4
403524,38779,163478,3479,15,0
403748,49417,174621,7139,0,0
403778,24329,167247,7248,18,2
403782,74371,78947,3962,18,2
404007,73981,177526,5078,0,0
404101,59275,99319,1829,19,3
404262,42784,76738,6739,22,3
404322,67828,81533,1534,20,4
404485,57734,35909,5910,17,1
404609,28972,5589,3090,21,2
404609,28972,131613,4127,21,2
404739,45230,27785,7786,14,0
404773,61595,27150,9653,14,0
404774,62470,147356,4899,16,0
404997,69826,55555,8061,17,1
405029,28334,117331,9843,13,4
405031,52255,17714,2717,20,4
405063,51946,72315,2316,1,1
405154,46169,85631,8140,15,0
405184,51613,41314,1315,13,4
405287,48665,15449,5450,12,2
405287,48665,42271,7280,12,2
405761,55703,96599,1618,17,1
405799,34552,67193,2206,16,0
406209,56545,199019,4058,12,2
406214,55813,174534,9569,16,0
406310,71249,66585,6586,22,3
406531,66866,94190,1718,21,2
406628,62863,8515,3516,17,1
406663,24622,44737,7242,0,0
406823,72901,198185,8186,13,4
406917,45844,85355,2880,1,1
407072,40732,196529,4087,12,2
407137,24073,22196,2197,16,0
407201,72170,153906,3907,19,3
407235,55753,169052,1569,21,2
407238,51721,106104,8615,16,0
407265,74434,76569,9077,24,1
407463,47113,166757,6758,24,1
407495,56635,127108,2133,23,3
407686,62419,112755,2756,17,1
407713,68404,14571,2075,24,1
407744,61750,121340,8877,17,1
407746,1616,55477,2993,20,4
407938,57731,64916,4917,17,1
407942,21001,57718,5234,16,0
408034,44981,71496,4004,1,1
408164,1487,37047,4557,17,1
408481,20356,40864,8377,21,2
408546,60862,149474,9475,16,0
408707,42235,49269,9270,0,0
408739,21931,43256,5761,15,0
408871,39727,132569,2570,15,0
408896,37376,187225,9744,24,1
408898,64673,175432,5433,16,0
408931,31576,40355,5364,1,1
409026,25681,124851,4852,23,3
409030,19708,117793,2816,16,0
409223,26701,63813,3814,23,3
409250,46973,128039,3064,22,3
409346,44236,178024,5576,0,0
409376,25660,151483,3999,22,3
409637,48247,148584,6127,1,1
409824,53095,79489,4504,23,3
409830,47384,49253,9254,19,3
409830,47384,166714,6715,19,3
409987,28507,157885,5431,24,1
409987,28507,159019,6565,24,1
410054,49411,40240,5249,1,1
410180,30085,83263,3264,14,0
410913,50494,6065,3566,24,1
410980,19823,79783,4798,1,1
411075,37651,43097,5602,12,2
411140,33187,117396,7397,21,2
411233,24235,67402,7403,19,3
411426,52781,116762,9274,23,3
411430,41692,62316,7329,22,3
411623,60812,10740,8244,12,2
411649,72682,110501,8035,22,3
411904,20081,198284,3323,19,3
412229,41866,19215,1717,0,0
412262,27475,188122,8123,13,4
412421,67007,100532,3043,16,0
412737,33229,84548,9565,23,3
412740,74501,129332,6869,12,2
412773,24694,174523,9558,22,3
412839,62194,159535,2051,13,4
412868,57271,183332,3333,24,1
412870,24470,93349,5859,22,3
412934,55078,7163,2164,17,1
412994,40240,140826,3341,17,1
413061,23872,80402,7927,17,1
413350,43241,113250,5762,21,2
413443,1445,66624,1637,21,2
413799,65669,162677,5194,20,4
413889,34475,174596,9631,24,1
414048,48677,173734,3735,20,4
414118,41698,91733,9261,23,3
414247,31036,83358,5867,0,0
414563,42575,30663,3167,22,3
414564,48295,60759,5772,18,2
414692,60076,135333,7847,20,4
414784,63148,159687,4718,18,2
415169,50041,116289,8801,1,1
415331,72023,191931,1932,15,0
415655,20542,199229,9230,18,2
415846,27454,86368,6369,17,1
416320,33890,168234,5783,1,1
416387,50486,30169,2673,16,0
416609,47549,144062,1605,13,4
416707,19633,166687,9204,16,0
416929,66547,129234,4259,0,0
417220,71896,152577,2578,17,1
417249,74071,104187,1718,21,2
417538,69718,121988,4501,20,4
417540,40580,78931,1439,20,4
417984,45610,23069,3070,22,3
417988,65638,114391,1925,20,4
418087,38596,95597,8107,16,0
418183,28787,87474,4999,18,2
418214,55420,122008,9545,23,3
418339,49843,23851,1358,16,0
418593,67244,29408,1911,17,1
418593,67244,172304,4822,17,1
418595,46693,147302,4845,16,0
418689,67373,146456,8971,17,1
418757,50359,63541,8554,0,0
418757,50359,117600,5134,0,0
418758,73880,141255,6284,14,0
419271,53512,62193,4700,19,3
419332,54847,132835,7862,17,1
419332,54847,155353,5354,17,1
419394,50551,41723,1724,20,4
419456,20464,26824,4331,16,0
419463,49961,2402,4903,19,3
419463,49961,82453,7470,19,3
419526,46579,104681,4682,19,3
419591,45316,7304,2305,23,3
419650,23531,48501,8502,17,1
420002,25276,177892,5444,13,4
420135,42103,78135,8136,20,4
420228,47062,59531,7047,17,1
420228,47062,132269,9809,17,1
420257,65542,59679,7195,23,3
420263,63709,64245,1764,17,1
420323,73466,23687,3688,16,0
420325,34751,70080,5095,17,1
420416,45383,133935,8962,17,1
420546,53663,110755,3267,20,4
420933,48982,140620,8163,22,3
420965,68677,13298,5800,0,0
421156,27916,70794,8316,19,3
421287,37186,78155,5677,21,2
421313,35516,41563,9076,19,3
421350,25688,56129,3645,20,4
421443,74128,59234,9235,16,0
421474,25492,124114,9139,16,0
421509,66338,122187,9724,0,0
421539,51220,128383,8384,15,0
421639,62668,126696,9209,23,3
421760,25519,36685,6686,16,0
422693,73246,93785,1313,12,2
422788,58271,181127,6164,23,3
422820,30125,27233,2238,13,4
423013,34063,166532,6533,22,3
423041,18895,24548,7051,12,2
423041,18895,67298,2311,12,2
423044,55271,173652,6170,0,0
423108,63046,50046,2552,23,3
423171,42142,97619,5147,15,0
423236,25199,184696,4697,21,2
423239,43255,78477,5999,0,0
423239,43255,191886,1887,0,0
423365,20323,150678,3194,1,1
423426,59557,130258,2772,15,0
423588,1399,25206,7709,0,0
423943,30574,115044,7556,23,3
423973,58768,197263,7264,16,0
424167,46448,79669,4684,24,1
424258,56056,132768,2769,13,4
424836,39206,27220,2225,20,4
424967,43544,21063,8570,16,0
425030,23329,113139,8162,21,2
425345,59083,132828,2829,20,4
425474,71878,179619,7171,21,2
425538,39181,157727,7728,1,1
425570,27992,146345,3888,12,2
425632,53953,20796,3299,24,1
425826,40651,40292,5301,15,0
425860,33460,44169,4170,18,2
426113,58181,74991,2513,19,3
426215,27283,85654,3179,22,3
426311,50093,72330,4838,23,3
426406,63592,185275,7794,23,3
426468,49966,62157,7170,21,2
426631,45817,104049,6560,17,1
426724,20752,132920,7947,14,0
426754,72400,29897,7404,17,1
426821,52001,41743,1744,19,3
426821,52001,166430,3979,19,3
426913,74941,100319,5340,17,1
427108,68300,62950,7963,16,0
427232,20710,141661,9204,16,0
427236,40537,13418,5920,20,4
427297,20935,184188,1743,1,1
427302,37600,57490,5006,1,1
427367,33121,45112,5113,0,0
427456,46384,70049,5064,21,2
427492,39307,194925,9964,1,1
427553,66847,171292,3810,21,2
427744,34555,131257,6284,14,0
427814,39634,25982,3489,19,3
427844,33319,4615,7116,20,4
427969,57008,107126,9637,12,2
428197,49993,86413,1430,12,2
428256,41182,49472,1977,23,3
428391,23524,58771,8772,18,2
428484,70469,97767,7768,24,1
428513,57949,61869,1870,12,2
428609,41362,179563,4598,23,3
428610,53809,30483,2987,22,3
428838,55055,15513,8015,17,1
428964,73213,1795,9296,21,2
429478,42493,108152,3173,15,0
429479,19561,106338,1359,13,4
429506,24847,35469,5470,19,3
429506,24847,110196,7730,19,3
429635,26621,166310,3859,1,1
429639,29344,63127,5634,1,1
430018,65174,66517,9024,13,4
430180,57017,13562,3563,18,2
430180,57017,43750,6255,18,2
430214,48905,63351,3352,19,3
430279,44042,5668,5669,12,2
430339,19625,175648,5649,20,4
430342,49351,38710,8711,16,0
430342,49351,74158,9173,16,0
430400,58214,154341,9372,16,0
430402,57631,70127,5142,24,1
430631,73969,36236,8740,13,4
430817,52937,73113,8128,14,0
430977,41164,171152,3670,19,3
431046,28846,196640,9160,0,0
431425,55565,12150,4652,15,0
431620,59266,5550,3051,24,1
431687,46718,146995,9510,15,0
431844,46508,171390,3908,23,3
432230,30493,19544,4547,18,2
432321,70009,156465,8981,24,1
432647,64132,132031,9571,17,1
432677,54080,4804,4805,24,1
432677,54080,133210,3211,24,1
432678,63127,53426,5932,17,1
432898,22039,188071,5626,13,4
433221,52793,81944,1945,16,0
433350,19267,6822,9323,12,2
433413,24239,74017,6525,23,3
433508,28042,150056,2572,22,3
433760,27928,191452,9010,22,3
433863,19942,89508,4525,18,2
433890,64060,19296,1798,15,0
434211,57455,192248,9806,13,4
434343,50756,70214,7736,1,1
434470,73624,78849,6371,23,3
434561,19841,177958,2993,20,4
434660,38785,6839,9340,14,0
434791,46664,84839,7348,24,1
434982,47218,24909,9914,1,1
435110,26227,18570,8571,19,3
435328,69443,161687,6720,18,2
435783,40195,191986,1987,12,2
435845,49378,8854,6355,19,3
435873,19588,45962,5963,1,1
435873,19588,141382,8925,1,1
435971,36088,120407,2920,22,3
436322,60089,34173,6677,13,4
436389,55046,140870,8413,1,1
436705,71269,55101,7607,0,0
436706,41317,99291,1801,13,4
436706,41317,191823,1824,13,4
436737,63139,72933,7948,17,1
437093,62809,137224,7225,0,0
437891,32357,8244,8245,14,0
437921,36733,69078,6597,0,0
437921,36733,82149,4658,0,0
437927,66034,164935,2484,18,2
438342,22250,187741,7742,23,3
438370,63862,59189,9190,20,4
438437,30115,54422,6928,13,4
438659,36095,174432,9467,18,2
438816,66533,1182,3683,12,2
439521,19087,158083,8084,13,4
439554,44222,130625,8165,17,1
439844,61447,191482,4002,0,0
439847,74335,35580,5581,24,1
440515,70342,33711,8718,20,4
440835,39020,177381,7382,20,4
440928,71233,189224,9225,22,3
441125,72469,17978,2981,19,3
441155,33592,176663,1698,0,0
441190,54418,11733,6736,19,3
441190,54418,58013,3024,19,3
441250,46333,197438,7439,19,3
441251,67408,38642,3649,24,1
441280,53132,24165,4166,22,3
441280,53132,93079,3080,22,3
441280,53132,129714,7251,22,3
441282,21353,100522,8053,14,0
441376,68512,47042,2051,13,4
441634,1183,161890,4407,1,1
441636,64702,169251,1768,22,3
441793,71926,199872,7430,24,1
441984,26017,98190,8191,0,0
442023,29395,81992,7009,14,0
442179,43103,136022,3562,16,0
442373,53143,16375,3879,18,2
442465,34408,19657,4660,13,4
442467,44690,13404,3405,16,0
442502,46057,159004,6550,16,0
442854,74690,78836,8837,22,3
442916,48796,38872,6382,15,0
442944,18773,199737,9738,21,2
443618,62095,79633,4648,14,0
443686,60797,46743,6744,0,0
443812,19886,149268,1783,18,2
443812,19886,151863,1864,18,2
443815,40070,181872,4391,21,2
444099,52655,169017,9018,18,2
444353,32861,187364,2401,13,4
444450,19363,136957,1984,24,1
444454,54146,40922,3427,23,3
444514,20287,118676,6210,20,4
444643,34529,138758,3785,14,0
444704,59869,53526,6032,21,2
444704,59869,197991,3030,21,2
444870,69469,28595,8596,18,2
444870,69469,138959,6499,18,2
444935,74446,131209,8749,12,2
444960,30565,175027,7545,17,1
444965,28006,95533,8043,17,1
445062,33325,150940,8486,23,3
445189,69665,177576,7577,13,4
445412,46699,41073,6082,23,3
445475,40517,172457,7492,19,3
445542,20152,81815,4324,12,2
445670,26840,77360,4882,21,2
445728,48829,159161,9162,15,0
445729,1525,21716,1717,0,0
445793,51149,158280,5826,12,2
445891,37918,114999,7511,20,4
446119,70214,182853,2854,0,0
446176,39415,158252,3283,20,4
446305,62183,173673,6191,14,0
446306,47953,20080,2583,13,4
446308,35273,44460,4461,24,1
446560,60467,31105,8615,16,0
446624,55129,169782,2299,14,0
446850,24592,89111,9112,0,0
447008,62521,6171,6172,16,0
447040,56659,113333,5845,15,0
447040,56659,117054,7055,15,0
447238,29864,28349,3354,16,0
447456,33772,53254,3255,22,3
447776,35942,48979,8980,23,3
447809,35324,92262,2263,18,2
448225,36859,132180,7207,23,3
448263,48218,155390,7906,21,2
448486,35917,102481,7502,18,2
448577,21092,121183,6208,22,3
448610,47138,158548,6094,0,0
448774,21307,159792,2308,17,1
448898,48094,171051,8603,22,3
449024,47365,196639,6640,17,1
449030,58093,112806,5318,17,1
449063,30769,78789,1297,14,0
449216,59777,127433,2458,0,0
449221,47545,41369,8882,20,4
449284,46285,191193,8751,17,1
449286,62638,158117,5663,16,0
449408,38932,101245,6266,13,4
449445,42451,38130,5640,15,0
449890,44693,193823,3824,0,0
449894,48469,110205,2717,20,4
449986,41500,107716,7717,14,0
450338,21142,18822,6326,20,4
450406,73198,165389,7906,21,2
450471,28369,152590,7621,21,2
450690,49529,67509,2522,16,0
450690,49529,120036,7573,16,0
450852,54547,159759,9760,14,0
450945,61168,140640,8183,22,3
450979,21424,52442,2443,16,0
450979,21424,184122,9159,16,0
451041,58901,172829,7864,17,1
451296,40324,129434,4459,13,4
451750,39031,168786,1303,12,2
452001,61669,41665,9178,23,3
452037,59435,111686,4198,1,1
452039,56959,22861,5364,1,1
452065,41545,63162,5669,12,2
452068,59495,146554,1583,14,0
452193,34153,195975,5976,22,3
452198,69742,141469,3984,16,0
452230,34153,92030,9558,22,3
452230,34153,145465,7980,22,3
452288,38449,155935,8451,17,1
452354,26302,177898,5450,12,2
452609,23182,146213,6214,23,3
452609,23182,193637,8676,23,3
452646,39406,139168,9169,19,3
452805,71099,82853,2854,0,0
452805,71099,178940,8941,0,0
453126,19177,89720,4737,23,3
453218,66379,7284,7285,23,3
453283,46378,141986,9529,22,3
453408,25093,43246,5751,22,3
454020,38953,110476,8010,13,4
454049,45109,34404,9411,18,2
454052,66821,85520,5521,1,1
454052,66821,133255,8282,1,1
454082,65440,1851,1852,24,1
454182,1661,63096,5603,0,0
454244,19261,52656,2657,24,1
454307,42926,30941,8451,17,1
454432,59335,131402,3916,1,1
454501,74917,66325,8832,0,0
454848,23554,167248,9765,23,3
454918,21743,171745,9297,14,0
454949,36568,4269,9270,0,0
455204,70427,35147,5148,19,3
455335,42094,70595,8117,21,2
455427,42551,115584,8096,22,3
455460,47630,113901,1435,20,4
455554,61600,156011,8527,20,4
455683,54329,37670,5180,16,0
455875,1442,44903,4904,16,0
455943,31372,55911,8417,13,4
455943,31372,196949,6950,13,4
456097,31240,119730,2242,12,2
456292,38377,82111,4620,0,0
456675,50470,192581,2582,24,1
456741,61177,65583,5584,1,1
456773,28138,70110,2618,21,2
456804,65272,117333,7334,21,2
457028,53326,126057,6058,22,3
457059,49480,143867,6382,15,0
457283,54032,160429,2946,0,0
457412,30163,28177,5684,0,0
457509,49307,141858,6887,18,2
457857,49825,58684,8685,15,0
458115,31765,3420,5921,17,1
458119,51241,195278,7798,19,3
458406,60826,12130,2131,0,0
458433,74383,121480,1481,21,2
458503,31922,146790,1819,15,0
458567,19123,199205,6763,13,4
458977,55336,165145,7662,20,4
459685,28849,31939,4443,12,2
459776,70910,60362,2869,20,4
459873,38305,107500,11,18,2
459971,64255,44340,6845,16,0
460000,57154,39157,9158,22,3
460227,35317,128331,5868,16,0
460227,35317,128681,6218,16,0
460293,57497,128375,8376,20,4
460774,57679,26174,6175,21,2
460802,38632,114689,7201,16,0
460802,38632,186669,1706,16,0
461094,45113,84698,2223,17,1
461124,45641,116182,8694,17,1
461316,45221,21079,8586,12,2
461440,34853,22905,5408,24,1
461602,45400,13598,8601,18,2
461605,29776,84880,4881,1,1
461606,19894,142374,4889,21,2
461923,65884,194883,2441,15,0
462116,44543,172605,2606,19,3
462118,19978,81182,3691,19,3
462406,23743,81136,8661,22,3
462464,46702,86130,3655,24,1
462695,67718,176458,6459,23,3
462788,27095,114912,9935,15,0
463040,63547,167052,9569,16,0
463076,47894,84085,1610,18,2
463109,38407,179394,1912,15,0
463142,19471,37430,2437,15,0
463232,19862,59838,9839,18,2
463463,20771,199419,6977,19,3
463616,24538,153340,5856,15,0
463649,72686,157115,7116,20,4
464003,45563,17387,2390,18,2
464102,47579,6133,3634,22,3
464162,41357,33404,5908,19,3
464261,48977,10112,2614,18,2
464261,48977,137887,5427,18,2
464422,35044,136527,4067,0,0
464516,44018,60389,7908,21,2
464577,49705,163398,8431,22,3
464613,49351,177047,2082,16,0
464678,21922,11581,4083,21,2
464707,74671,107105,2126,14,0
464743,29224,95879,8389,17,1
464935,55051,169730,7279,15,0
464992,60611,76921,4443,12,2
465155,73942,187020,2057,1,1
465185,70129,162951,7984,14,0
465312,61447,196918,9438,0,0
465412,70573,128495,8496,16,0
465440,28201,92804,5314,1,1
465442,56410,84929,4930,0,0
465510,39793,107056,7057,0,0
465543,57611,75260,7768,24,1
465607,65314,176829,6830,22,3
466375,61231,87146,9655,18,2
466465,23410,7525,2526,22,3
466531,46561,136012,6013,20,4
466533,28975,178408,5960,1,1
466598,24697,183021,8058,23,3
467043,43213,145623,5624,1,1
467047,51226,28667,8668,16,0
467298,30352,88406,5931,16,0
467366,49405,167516,7517,20,4
467426,70489,32669,7676,0,0
467456,74539,132237,4751,15,0
467489,37759,111302,3814,23,3
467492,30893,144446,9475,16,0
467523,25406,7365,2366,14,0
467874,24163,50502,8018,21,2
467874,24163,147111,9626,21,2
467911,36730,187218,4773,1,1
468032,48613,128308,5845,15,0
468199,51887,180619,8174,13,4
468352,64594,35826,5827,22,3
468353,62044,177660,5212,0,0
468454,54707,155327,5328,1,1
468515,29947,127736,2761,18,2
468515,29947,136351,1378,18,2
468519,69701,9457,9458,12,2
468679,28075,31633,6640,17,1
468865,29579,137377,7378,16,0
468866,25411,44644,7149,16,0
468992,23561,179269,6821,14,0
469188,51361,162165,7198,12,2
469315,62845,119437,6971,12,2
469344,68530,5163,5164,23,3
469349,30907,190724,5763,19,3
469445,48166,34583,7087,15,0
469509,28372,165264,7781,15,0
469729,60751,64184,6691,24,1
469889,44795,23661,8666,12,2
469923,51292,157505,2536,23,3
469954,38335,144432,4433,24,1
470210,24356,111571,4083,21,2
470210,24356,161855,4372,21,2
470304,64690,57827,2838,17,1
470337,66044,24324,1831,14,0
470503,53119,62034,4541,24,1
470535,72158,4743,9744,24,1
470593,67981,92603,5113,0,0
470593,67981,197541,7542,0,0
470820,70108,191995,4515,14,0
470821,30404,153734,3735,20,4
470853,32689,180555,5592,1,1
470883,20881,175732,3284,12,2
470918,66886,1521,1522,24,1
470918,66886,145668,3211,24,1
470945,45830,160696,8245,14,0
471170,52540,45390,2903,18,2
472067,68240,88034,3051,24,1
472067,68240,128870,3895,24,1
472134,46448,119917,9918,24,1
472195,42002,99354,9355,17,1
472672,24031,121840,9377,13,4
472673,73453,123267,5780,24,1
472679,53599,154426,9457,22,3
472741,53119,17342,4846,24,1
472801,74200,119148,4171,22,3
472836,36472,88574,8575,17,1
472962,28105,58488,6004,16,0
473220,59092,16855,6856,18,2
473281,68129,119311,6845,16,0
473541,22948,43744,3745,22,3
473633,34354,31307,8817,16,0
473633,34354,153404,3405,16,0
473730,42625,98807,6335,23,3
474112,18898,197948,2987,22,3
474117,21940,22731,5234,16,0
474179,66527,107109,7110,22,3
474432,33607,142743,7772,23,3
474433,51881,97495,7496,15,0
474439,66851,41693,6702,14,0
474439,66851,67075,2088,14,0
474502,68317,90786,3296,0,0
474787,45877,13076,3077,12,2
474851,20255,169509,2026,14,0
475265,1645,5411,7912,16,0
475328,72526,87488,9997,15,0
475687,26491,109058,4079,16,0
475751,74977,175849,8367,0,0
476263,18875,198673,3712,22,3
476646,35686,173295,5813,15,0
476802,30242,170001,2519,1,1
476899,39802,32048,9558,22,3
476962,68728,167215,7216,16,0
477248,42988,89278,1787,24,1
477440,42226,87393,2410,20,4
477443,41668,34507,2017,1,1
477443,41668,53031,8042,1,1
477703,36671,13073,5575,21,2
477703,36671,77857,5379,21,2
477765,54086,91771,6790,13,4
477920,29461,126893,1918,1,1
477924,26800,40495,3000,21,2
478055,74780,42293,2294,22,3
478273,52222,166770,4319,13,4
478375,43255,31405,6412,0,0
478400,57521,164446,9479,19,3
478565,42850,6350,3851,16,0
478594,40228,181299,6336,1,1
478660,71125,178585,8586,12,2
478791,37015,102278,4789,15,0
478791,37015,103457,3458,15,0
478950,50002,122120,7145,22,3
478976,74693,183737,1292,13,4
479300,24475,119697,7231,23,3
479361,23768,43868,3869,18,2
479363,45866,90341,2851,17,1
479618,1855,161291,1292,13,4
479874,35641,10658,8162,21,2
480002,67634,92751,7770,18,2
480004,26227,108809,3830,19,3
480160,52556,41915,6924,23,3
480228,64363,181952,4471,18,2
480262,50281,161620,4137,15,0
480387,58229,167305,9822,13,4
480645,70786,139367,9368,13,4
480678,55223,4987,9988,0,0
480870,38704,192764,2765,0,0
481092,59587,134882,7396,22,3
481219,57172,121086,8623,19,3
481537,47824,23723,3724,12,2
481632,29353,149592,2107,1,1
481729,65284,19365,9366,19,3
481862,47609,101539,4050,1,1
481892,55945,183674,8711,16,0
482151,48812,18616,3619,23,3
482341,50971,188701,3738,16,0
482405,72728,44834,4835,23,3
482469,25100,14034,6536,22,3
482627,57143,93539,3540,23,3
482692,1417,61793,9312,1,1
482722,73513,148692,6235,19,3
483009,50506,8260,3261,24,1
483136,31597,159904,4935,16,0
483138,59957,130118,2632,23,3
483170,36452,94868,2396,22,3
483265,45910,88912,6437,23,3
483270,45778,145824,8339,21,2
483397,58328,130264,5291,13,4
483399,43726,65004,5005,21,2
483424,39517,99038,4057,17,1
483652,47243,3208,3209,1,1
483652,47243,116043,8555,1,1
483975,72149,107929,5460,12,2
484035,68764,110658,3170,16,0
484256,40708,169217,6766,12,2
484384,30223,87352,7353,12,2
484480,43343,121731,4244,19,3
484644,1237,104179,9200,20,4
484768,60023,39766,7276,21,2
484807,38828,19663,4666,18,2
485127,69478,44239,4240,15,0
485250,64222,57077,7078,12,2
485286,20572,178653,8654,14,0
485382,51616,23803,1310,24,1
485633,66508,149516,7059,22,3
485667,66323,169306,6855,22,3
485825,54460,44311,1824,13,4
485920,21991,188528,6083,23,3
486369,33094,112370,4882,21,2
486375,50387,98656,3675,20,4
486434,48905,181525,6562,19,3
486438,24239,104369,1900,23,3
486438,24239,118268,8269,23,3
486560,22699,136588,1615,20,4
486789,74066,17889,5393,15,0
486852,27796,71635,6650,22,3
486915,45983,29283,9284,18,2
486946,38324,183282,5801,13,4
487012,61984,157927,7928,0,0
487041,27937,106555,6556,17,1
487042,33404,105593,3124,15,0
487424,36995,192190,4710,19,3
487778,73531,13657,3658,15,0
487812,28949,181782,4301,1,1
488037,71023,109993,9994,16,0
488198,27307,3980,8981,24,1
488198,27307,191433,8991,24,1
488260,72889,52853,2854,0,0
488423,42403,79430,9431,1,1
488455,67583,193789,8828,24,1
488455,67583,196208,3766,24,1
488647,66038,170587,3105,19,3
488672,40090,46835,4348,15,0
488996,50741,154000,4001,13,4
488997,48136,97614,2633,1,1
489089,68974,172681,5199,21,2
489248,37156,11060,3562,16,0
489347,35240,65050,5051,22,3
489446,61303,108469,3490,16,0
489570,64070,111357,1358,16,0
489831,21370,179647,4682,19,3
490087,52517,157524,5070,13,4
490150,68084,11568,9072,14,0
490244,27508,59291,6807,16,0
490371,48371,11515,9019,14,0
490752,32566,72179,9701,15,0
490756,70105,96442,1461,12,2
490788,24749,90216,5235,20,4
490915,45986,97522,7523,20,4
491008,19807,122300,9837,16,0
491013,67201,41030,8543,21,2
491075,19585,144185,6700,21,2
491296,72407,167060,4609,17,1
491491,33905,27319,7320,18,2
491587,40150,12948,2949,20,4
491685,38320,122863,2864,17,1
491687,51415,115354,5355,12,2
491779,53072,134726,7240,23,3
491780,68843,67159,4678,22,3
491813,42727,120169,5194,20,4
491814,40942,103819,3820,24,1
491907,33560,109159,6690,23,3
492069,21428,66416,6417,0,0
492352,66811,107928,7929,17,1
492391,71986,185787,8306,21,2
492581,28655,185932,8451,17,1
492643,37408,174424,4425,23,3
492709,47113,47589,5102,24,1
493025,20488,59793,2299,14,0
493094,59887,108474,3495,1,1
493219,44275,87079,9588,19,3
493285,47402,140467,2982,1,1
493382,32077,10365,7869,14,0
493478,43534,23173,3174,1,1
493795,51352,85908,5909,21,2
493952,50191,71549,6564,15,0
494212,71524,170331,2849,17,1
494629,40315,101210,8741,16,0
494629,40315,115250,7762,16,0
494754,64559,129726,9727,20,4
494816,71029,147777,2806,23,3
495046,72122,129354,1867,22,3
495207,24241,6390,6391,12,2
495654,21247,39564,9565,23,3
495655,65957,6583,1584,21,2
495717,66547,126271,8784,0,0
495814,70244,4612,4613,23,3
495939,35126,21838,4341,21,2
496135,61090,170842,8394,20,4
496295,58060,62091,4598,23,3
496418,49993,36378,3888,12,2
496549,18955,197589,7590,24,1
496551,33268,90216,7744,15,0
496615,39406,117927,5461,19,3
496677,34240,119153,9154,1,1
496805,72496,88044,3061,13,4
496935,70108,31984,4488,14,0
496999,26515,2163,9664,0,0
497220,53734,161061,6094,0,0
497248,27853,89459,6984,24,1
498179,36272,91681,9209,23,3
498373,25225,163637,6154,22,3
498599,36403,52307,7318,14,0
498785,59899,169233,6782,24,1
498787,56557,183679,3680,12,2
498919,70357,49591,4600,12,2
498950,41645,164921,7438,16,0
499233,43037,67470,2483,20,4
499233,43037,101610,9141,20,4
499333,64460,188692,3729,24,1
499394,43315,61824,4331,16,0
499619,65017,183229,5748,23,3
499653,29893,106136,6137,24,1
499654,34292,119908,7442,21,2
499680,41941,110103,5126,1,1
499750,56288,60500,8019,14,0
499811,46069,45250,2763,13,4
499815,60079,34568,9575,24,1
499846,63442,30757,3261,24,1
499936,71585,27865,2870,17,1
500064,69718,127135,9648,20,4
500068,1628,199232,4271,18,2
500390,27343,155753,5754,13,4
500544,59806,104626,7137,19,3
500676,64253,181101,3620,14,0
500774,55483,33191,3192,15,0
500966,47113,193719,8758,24,1
500992,58994,107294,4825,24,1
501121,55178,46064,3577,12,2
501126,28258,177437,2472,14,0
501190,59821,38749,6259,20,4
501344,30460,195099,7619,20,4
501378,65620,153960,8991,24,1
501472,56686,7013,7014,19,3
501987,22682,10194,2696,21,2
502020,67123,187114,7115,22,3
502179,58340,127096,9609,21,2
502407,60442,69000,4013,14,0
502433,25975,107170,7171,21,2
502535,20237,188687,6242,15,0
502625,40445,128985,6522,19,3
502690,39490,67369,4888,20,4
502848,74785,118259,5793,24,1
502949,73748,6716,1717,0,0
503047,56830,152094,4610,13,4
503109,68134,97531,2550,21,2
503202,43235,56255,3771,0,0
503366,55637,116313,1336,20,4
503556,27892,173319,3320,14,0
503591,41399,106703,9214,24,1
503682,71653,149417,9418,0,0
503687,24895,26975,6976,23,3
503746,55376,78323,3338,12,2
503778,67966,81565,9090,19,3
503782,53938,20845,3348,15,0
504198,23314,30598,8108,19,3
504225,49013,149878,2393,18,2
504576,44836,92407,9935,15,0
504769,29608,186611,4166,22,3
504835,57463,72691,7706,23,3
504835,57463,135855,3395,23,3
504934,38116,77606,7607,0,0
504963,72637,140317,5346,22,3
505122,29528,46242,3755,24,1
505191,34261,132188,9728,1,1
505252,44690,194325,6845,16,0
505443,45811,89780,4797,15,0
505760,46060,14752,2256,20,4
505796,27685,24716,9721,20,4
505952,46486,46890,4403,16,0
505987,73481,45091,5092,22,3
506116,49678,98958,8959,24,1
506147,45739,94189,1717,0,0
506373,22108,36629,4139,14,0
506562,71107,147926,7927,17,1
506757,41410,132369,7396,22,3
507012,26950,133810,3811,13,4
507072,68143,17834,5338,22,3
507072,68143,42001,2002,22,3
507171,63691,92916,7935,0,0
507265,34837,88886,3903,15,0
507392,39364,117472,2495,13,4
507393,57154,40956,3461,22,3
507424,30142,167418,2451,16,0
507457,57265,283,5284,15,0
507457,57265,86072,6073,15,0
507494,49862,183956,8993,12,2
507525,55372,98910,1420,16,0
507584,71549,75574,8082,0,0
507584,71549,146590,6591,0,0
507589,27814,17650,5154,17,1
507616,36799,157510,7511,20,4
507649,47866,101973,9504,21,2
507650,26803,104640,9661,22,3
507685,43724,158873,1389,24,1
507717,74476,81105,8630,1,1
507745,65755,156179,8695,20,4
507745,65755,167908,7909,20,4
507782,52534,163070,8103,16,0
507844,31645,69864,7383,24,1
507873,1295,149692,7235,24,1
508037,55882,34361,6865,15,0
508037,55882,100676,3187,15,0
508130,72122,49139,9140,22,3
508451,63968,67097,2110,13,4
508902,53725,122481,2482,18,2
508964,27607,10409,5412,14,0
508993,26488,122114,9651,24,1
509029,43319,71111,6126,19,3
509121,30392,162343,7376,17,1
509219,25229,88318,3335,20,4
509249,62713,11722,9226,21,2
509254,23431,22721,2722,19,3
509284,49462,32325,7332,15,0
509312,22630,11769,4271,18,2
509413,73144,35121,2631,18,2
509479,28888,101559,9090,19,3
509542,25694,86702,4227,1,1
509572,74177,112115,4627,1,1
509572,74177,179903,9904,1,1
509667,67897,114218,9241,22,3
509797,29038,172704,5222,16,0
510147,68305,25625,5626,13,4
510208,58933,4989,2490,20,4
510277,21754,138121,3148,13,4
510466,69751,114215,9238,18,2
510597,71897,122206,7231,23,3
510626,49039,196404,3962,18,2
510693,45787,503,8004,13,4
510724,46852,157082,2113,17,1
510757,72847,89665,2174,1,1
510944,20456,1809,9310,22,3
511201,26695,148316,3345,24,1
511234,26302,183620,8657,12,2
511427,54532,124769,4770,0,0
512002,48154,199806,4845,16,0
512353,50356,63913,8926,24,1
512423,55843,109161,9162,15,0
512741,66022,189178,4215,0,0
512742,52819,23908,8913,20,4
512964,61006,27483,2488,23,3
513410,74737,100824,5845,15,0
513573,44875,131611,4125,13,4
513667,32902,161367,8916,18,2
513696,61567,75012,7520,14,0
513700,28822,189765,4802,12,2
513762,34708,6090,3591,12,2
513888,52586,138452,3479,15,0
514375,33716,48318,8319,22,3
514471,65638,176872,1907,20,4
514560,18782,84612,4613,23,3
514629,30256,126803,1828,15,0
514694,44560,185372,2927,21,2
514978,73780,33028,5532,1,1
515010,26296,4333,4334,13,4
515010,26296,45447,5448,13,4
515011,52604,181797,4316,17,1
515170,58060,124602,4603,23,3
515397,70987,142996,8025,21,2
515552,44564,111843,9377,13,4
515714,29489,126977,9490,19,3
516548,64366,83893,6402,21,2
516576,34156,42623,7632,21,2
516676,29384,91441,8969,18,2
516742,65180,99324,1834,19,3
516774,60652,162657,7690,18,2
516837,64787,146509,9024,13,4
516963,57254,125118,7631,0,0
517024,43786,64842,4843,17,1
517125,51136,69365,1872,22,3
517317,37606,156377,8893,19,3
517667,69133,18721,3724,12,2
517731,54181,102121,7142,20,4
517799,65960,175094,2646,19,3
518051,66437,22776,2777,13,4
518051,66437,110731,5754,13,4
518144,56272,189382,6937,16,0
518177,74407,44252,9261,23,3
518179,47185,107484,2505,15,0
518369,1730,44604,4605,1,1
518695,22477,137311,7312,20,4
518759,48118,40743,3248,20,4
518759,48118,45083,2596,20,4
518789,69547,66095,8602,15,0
518848,60433,68859,6378,20,4
518918,56455,131894,6921,23,3
519015,61885,126549,1574,13,4
519044,60679,149229,4258,23,3
519074,50813,21455,8962,17,1
519265,58639,105395,2926,20,4
519394,56176,79979,4994,20,4
519430,30410,46556,6557,12,2
519556,27493,97442,4970,0,0
519649,70084,47894,5407,23,3
519686,32434,135590,3130,23,3
520006,65491,99426,9427,0,0
520067,38434,91660,1661,12,2
520096,58651,11468,1469,16,0
520421,49051,96624,1643,15,0
520449,73154,71576,9098,18,2
520518,34954,49591,7104,17,1
520708,53791,56449,3965,23,3
520742,49807,157154,7155,12,2
520807,34786,179742,9743,13,4
520932,18824,67383,9890,21,2
521606,42859,119298,6832,24,1
521665,74744,58244,3255,22,3
521827,27173,90286,7814,1,1
521888,60629,139806,9807,15,0
521890,33583,132051,7078,12,2
522052,45214,1590,6591,0,0
522117,64121,132966,5480,24,1
522145,48047,28032,3037,22,3
522177,25216,111518,4030,14,0
522215,63044,168868,6417,0,0
522246,67108,46359,6360,15,0
522247,20881,146900,4443,12,2
522337,55805,150631,8177,23,3
522337,55805,182869,5388,23,3
522400,29476,139769,4796,21,2
522404,31477,163826,1375,18,2
522433,36583,69050,9051,18,2
522530,33799,28205,3210,1,1
522599,54505,182702,7739,12,2
522785,71617,141347,3862,21,2
522816,43060,53948,3949,20,4
523074,43951,128702,6239,23,3
523106,53173,164222,6739,22,3
523175,46363,150628,3144,0,0
523236,24503,111850,6873,17,1
523300,49286,31221,8731,18,2
523552,34069,59657,9658,19,3
523553,31222,52991,2992,23,3
523586,53260,48629,3638,17,1
523873,68156,21956,9463,15,0
524007,42544,154821,4822,17,1
524067,66766,30844,8354,20,4
524322,20131,170326,5361,15,0
524388,34021,40213,7726,13,4
524450,21094,172222,2223,17,1
524450,21094,176583,1618,17,1
524549,22598,107928,2949,20,4
524576,23198,19919,4922,18,2
524576,23198,169738,4771,18,2
524647,23795,68447,3460,18,2
524706,62434,164086,4087,12,2
525060,37919,75194,2716,12,2
525187,20557,23725,3726,13,4
525824,61552,123238,5751,22,3
525986,1475,182664,5183,0,0
526053,53399,178922,8923,19,3
526309,45395,36532,1539,12,2
526531,1237,143793,1336,20,4
526631,62266,146882,4425,23,3
526786,61219,3349,5850,24,1
526848,1861,161808,6841,15,0
527015,42154,25547,5548,21,2
527140,29716,164127,1676,18,2
527429,72884,51259,8775,17,1
527462,36964,134272,9299,14,0
527590,30791,96437,3965,23,3
527713,54376,51092,3598,0,0
527745,65915,596,8097,22,3
527975,35809,89866,4883,17,1
528128,34813,9173,1674,18,2
528128,34813,101247,8778,18,2
528195,53240,49502,2007,19,3
528583,58562,74667,2189,24,1
528743,35776,133929,6443,19,3
528770,22630,117854,7855,18,2
528870,39724,4686,7187,15,0
528870,39724,62856,5363,15,0
529029,33694,69606,9607,16,0
529057,71959,84929,4930,0,0
529059,43108,127921,2946,0,0
529157,50039,25746,5747,19,3
529287,69922,82340,9865,21,2
529316,50941,199311,4350,1,1
529347,56462,111582,4094,17,1
529474,52150,18581,6085,19,3
529476,33502,15045,5046,23,3
529509,52813,43776,6281,20,4
529600,19345,181300,3819,12,2
529698,34243,78502,3517,20,4
529698,34243,164302,4303,20,4
529729,66155,164395,4396,17,1
530087,52507,164741,2290,18,2
530145,63116,177800,2835,17,1
530375,20753,4322,6823,13,4
530375,20753,131314,1315,13,4
530720,26573,197500,2539,19,3
530756,21754,26237,8740,13,4
530756,21754,32274,4778,13,4
531174,40459,3226,3227,15,0
531301,57262,176357,8875,19,3
531394,69172,64250,4251,16,0
531687,45197,148783,1298,16,0
531873,28075,2405,4906,17,1
531908,36028,15886,3390,19,3
531910,43750,34521,2031,13,4
532096,62134,122291,7316,15,0
532262,60271,29015,6522,19,3
532388,21031,68827,8828,24,1
532578,46379,127175,7176,0,0
532738,26575,33287,5791,19,3
532801,67540,107466,2487,19,3
532902,47335,29641,7148,19,3
532902,47335,173536,8571,19,3
533091,34142,89469,9470,17,1
533093,54496,109129,1640,13,4
533122,30842,26179,6180,14,0
533634,43273,76206,8714,22,3
533766,49012,100734,5755,20,4
533792,44246,45449,5450,12,2
533858,57194,186930,6931,13,4
534049,74209,23426,5929,14,0
534049,74209,163696,6213,14,0
534277,55955,75677,3199,18,2
534279,23137,87926,5451,23,3
534468,69791,183949,1504,24,1
534818,66992,172135,9687,24,1
535041,24802,41299,1300,23,3
535078,46126,132766,2767,0,0
535232,57295,133031,3032,16,0
535491,30904,53777,6283,20,4
535780,25564,86712,9221,24,1
536002,31597,24137,9142,16,0
536198,23596,157888,2919,17,1
536260,43114,26642,6643,13,4
536263,57898,69649,9650,14,0
536263,57898,104300,1831,14,0
536387,50995,128850,1363,0,0
536545,71150,173406,5924,18,2
536581,69382,179748,4783,22,3
536803,22937,183934,8971,17,1
536960,31138,167882,2915,20,4
537028,32008,37624,7625,23,3
537155,20854,136495,1522,24,1
537191,21631,96954,6955,12,2
537252,68266,60700,3207,24,1
537414,58360,48131,5644,1,1
537639,43973,107792,2813,14,0
537891,27764,43785,3786,0,0
538115,62155,169928,9929,0,0
538150,44638,189976,5013,17,1
538177,72364,59109,4120,0,0
538500,43895,59657,9658,19,3
538789,44389,74755,4756,1,1
538821,70648,60780,8299,1,1
538977,67321,83757,6266,13,4
538983,35284,146789,4332,17,1
539270,71882,97471,2490,20,4
539748,28135,147245,9760,14,0
539812,53920,31337,8847,0,0
539968,22048,46141,3654,14,0
540039,39322,155606,5607,19,3
540103,66875,39318,4325,12,2
540103,66875,144054,9083,12,2
540128,1532,64417,1936,1,1
540163,71354,167738,2771,13,4
540259,36926,72444,4952,14,0
541127,21925,27256,7257,23,3
541220,29426,181349,3868,21,2
541510,33928,8009,5510,24,1
542086,63574,147356,4899,16,0
542147,67201,36039,8543,21,2
542178,63634,161838,9387,18,2
542213,29869,139722,9723,13,4
542279,53960,2459,9960,19,3
542502,25639,174590,7108,14,0
542755,25897,68402,3415,17,1
542946,49114,165136,7653,22,3
542951,64633,19267,4270,13,4
543364,70951,12604,7607,0,0
543457,31663,131906,1907,20,4
543491,26803,81289,6306,22,3
543521,73180,161207,6240,1,1
543714,52201,2175,2176,16,0
543910,21073,163449,3450,22,3
543942,58513,20105,2608,24,1
543942,58513,195083,2641,24,1
543971,26794,141057,6086,24,1
544130,69397,7731,7732,19,3
544130,69397,39151,4158,19,3
544322,66602,103921,8942,18,2
544451,58705,172806,5324,1,1
544454,68851,48619,6132,1,1
544480,55111,8034,8035,22,3
544805,34573,42245,4750,16,0
544961,36091,9765,7266,18,2
545251,62404,70967,5982,23,3
545473,23680,48425,8426,24,1
545600,73735,68467,5986,13,4
545763,23125,190489,5528,12,2
545862,64714,94558,7068,12,2
546086,47861,148801,8802,15,0
546208,32356,162776,5293,23,3
546213,47098,188048,5603,0,0
546215,70948,26330,3837,21,2
546243,59164,93644,6154,22,3
546243,59164,138890,8891,22,3
546496,50008,13076,8079,19,3
546756,59197,87794,7795,14,0
546882,46256,132223,9763,14,0
546976,26486,151501,6532,12,2
547141,45091,73109,5617,24,1
547173,39049,25996,5997,20,4
547174,43219,49007,4016,22,3
547175,60202,52085,2086,23,3
547200,57701,22236,2237,14,0
547266,55696,64521,9534,16,0
547430,25069,5198,5199,21,2
547430,25069,74696,4697,21,2
547559,37040,164492,7009,14,0
547587,23425,60199,7718,16,0
547684,48136,136029,6030,1,1
547872,60469,39976,9977,18,2
547879,58294,20933,5938,22,3
547942,69701,199510,7068,12,2
548005,24740,169740,4773,1,1
548261,19166,181185,8740,13,4
548610,52945,141670,6699,23,3
548800,47500,137491,7492,19,3
548865,42817,169050,9051,18,2
548897,41515,194559,7079,16,0
548931,64631,150605,5636,16,0
549506,31300,149459,7002,20,4
549600,29173,93970,1498,20,4
549664,55295,88554,3571,24,1
550021,27635,39134,1638,12,2
550209,73150,163268,8301,20,4
550241,48122,350,7851,23,3
550342,49136,68662,3675,20,4
550404,38825,11875,9379,22,3
550404,38825,61369,1370,22,3
550436,36835,104214,4215,0,0
550500,33928,122588,7613,24,1
550631,24427,127214,4751,15,0
550886,66383,84924,2449,13,4
550983,26044,116972,9484,19,3
551079,63721,5476,2977,1,1
551138,65213,187631,7632,21,2
551138,65213,192574,2575,21,2
551232,41767,43298,3299,24,1
551265,27701,128,7629,24,1
551719,49238,29663,9664,0,0
552161,37847,19606,7110,22,3
552736,67060,139127,1641,17,1
553063,33130,195114,5115,24,1
553414,21784,10104,2606,19,3
553508,26806,100669,3180,0,0
553573,74428,71989,7004,16,0
554240,48248,34420,9427,0,0
554656,72550,144246,9275,24,1
554725,35410,168028,5577,24,1
554789,56390,4744,9745,16,0
554823,66085,177527,2562,18,2
554849,52691,12266,9770,21,2
555110,20842,175958,8476,0,0
555201,64666,194151,1709,15,0
555971,59452,116997,6998,21,2
556036,69322,27942,5449,21,2
556097,27847,125938,3475,21,2
556131,44983,51153,3659,14,0
556865,35266,129340,9341,21,2
556992,33419,117700,2723,23,3
556996,72575,33134,5638,1,1
557062,69949,95874,3402,0,0
557062,69949,176787,1822,0,0
557125,32314,92172,7191,19,3
557348,34486,26711,4218,24,1
557763,19895,100067,7598,1,1
557830,62266,167180,9697,23,3
557959,21208,25833,5834,23,3
558437,55198,152722,2723,23,3
558501,56390,71566,1567,16,0
558594,46090,79104,9105,12,2
558692,60595,89253,4270,13,4
559462,36143,44354,4355,16,0
559554,69037,158520,3551,18,2
559555,26054,191285,3805,21,2
559556,28817,165340,7857,14,0
559776,61129,183687,3688,16,0
559942,55916,159671,9672,18,2
560032,55105,70914,5929,14,0
560160,42464,90311,2821,1,1
560293,73882,12044,7047,17,1
560389,64153,145963,3506,0,0
560641,66338,121654,6679,0,0
560674,31001,122839,7864,17,1
560678,20671,193855,8894,13,4
561059,27077,61051,8570,16,0
561091,57050,109911,7442,21,2
561189,20675,3682,6183,22,3
561255,43157,140724,8267,22,3
561445,70012,180407,2926,20,4
561536,19444,26453,3960,23,3
561602,30412,107798,7799,22,3
561824,35314,64628,9641,24,1
561890,66172,152191,2192,24,1
561894,52076,195756,8276,19,3
562241,74716,112501,5013,17,1
562273,37039,163185,8218,0,0
562336,29020,104592,4593,1,1
562336,29020,187801,5356,1,1
562529,73982,21019,6024,18,2
562594,24985,151671,4187,0,0
562595,49808,123775,1312,19,3
562627,67972,125061,7574,0,0
562726,62878,23752,8757,23,3
562726,62878,156367,3913,23,3
562816,50083,9439,1940,21,2
562880,39737,53160,5666,12,2
562880,39737,162984,5501,12,2
562978,63739,61782,1783,18,2
563075,72761,8560,6061,18,2
563239,64070,181698,4217,16,0
563296,29911,6667,9168,17,1
563396,41710,80626,5643,20,4
563584,62254,139380,4407,1,1
563680,65383,140752,5781,18,2
564134,65524,125170,5171,19,3
564224,28804,17041,2044,12,2
564835,67312,82568,7585,24,1
565120,32119,22316,2317,13,4
565186,44551,112783,7806,22,3
565186,44551,184715,4716,22,3
565317,36292,184333,1888,19,3
565442,60907,195503,5504,16,0
565569,21989,155077,7593,13,4
565667,57541,131590,1591,22,3
565698,62338,166624,9141,20,4
566211,54850,53877,1393,20,4
566337,70684,191325,1326,0,0
566375,61759,65091,5092,22,3
566880,21746,82569,5078,0,0
566949,49987,44167,1680,24,1
566949,49987,124041,1578,24,1
567075,70463,8978,8979,1,1
567110,56068,18383,8384,15,0
567332,39257,66626,6627,23,3
567332,39257,144562,9591,23,3
567335,64711,122718,7743,15,0
567335,64711,162866,7899,15,0
567584,56806,175234,5235,20,4
567617,65572,199569,7127,20,4
567842,72382,173038,5556,13,4
567874,65311,156953,1984,24,1
568066,29596,69683,9684,15,0
568453,74791,79802,2310,13,4
568484,40027,96540,6541,15,0
568484,40027,182407,2408,15,0
568546,72565,105990,8501,1,1
568548,62084,60369,2876,24,1
568579,53698,140119,7662,20,4
568674,27740,128904,6441,14,0
568677,54439,29686,9687,24,1
568740,28742,138608,8609,14,0
568896,68750,82562,5071,12,2
568900,22547,111571,9105,12,2
568931,73948,143810,8839,12,2
569280,33544,121907,9444,17,1
569287,62840,66916,1929,22,3
569344,50759,26610,6611,20,4
569760,49468,169969,7518,0,0
569765,70198,6546,4047,0,0
569765,70198,137390,4930,0,0
569766,44965,6243,8744,22,3
569793,52466,115129,2663,17,1
569829,35200,41755,9268,20,4
569856,38647,178369,3404,1,1
569955,66958,104106,4107,18,2
570176,22457,137470,7471,22,3
570182,55036,41630,6639,17,1
570182,55036,66050,3569,17,1
570337,72274,71303,3811,13,4
570880,68080,58268,8269,23,3
570978,69802,178226,8227,15,0
571042,73559,140310,2825,24,1
571074,24301,87525,2542,22,3
571141,43016,77931,2946,0,0
571172,39397,119695,9696,15,0
571331,21973,3835,6336,1,1
571715,66877,94524,4525,18,2
571936,1256,135815,5816,15,0
572001,47356,21181,3684,23,3
572005,21305,50821,5832,18,2
572103,27553,141307,6336,1,1
572193,1792,167934,5483,1,1
572291,30329,145761,8276,19,3
572519,41387,61731,1732,18,2
572771,53791,171618,9170,23,3
572838,28397,173556,8591,0,0
573092,50008,192319,7358,19,3
573445,28468,180565,8120,24,1
573542,33632,12782,7785,15,0
573733,63094,22463,4966,18,2
573824,22435,73366,3367,17,1
573953,51601,22391,2392,22,3
573957,32834,26054,8557,17,1
574055,62356,19016,4019,14,0
574177,52273,87149,9658,19,3
574304,63992,64847,7354,14,0
574310,24808,198879,8880,16,0
574368,70195,63735,1254,16,0
574470,39997,151504,4020,19,3
574756,47758,143378,5893,24,1
574883,26807,105447,7958,13,4
574950,34606,10149,7653,22,3
574982,39733,67300,9807,15,0
575047,40180,146577,1606,24,1
575392,32404,160498,5531,23,3
575394,32053,53750,3751,19,3
575395,61984,68326,3339,0,0
575873,73433,129181,4206,13,4
575911,64426,103499,6010,19,3
575938,31063,7802,5303,16,0
575938,31063,87500,2517,16,0
576325,53500,163123,8156,14,0
576802,70688,100296,7827,12,2
576931,46151,89025,6550,16,0
577473,54163,160199,2716,12,2
577795,34172,151212,3728,18,2
577830,52546,109798,4819,16,0
577889,27244,120786,5811,19,3
577890,61045,144632,4633,24,1
577927,29851,138991,1505,18,2
578183,62599,51744,6755,15,0
578215,71327,23936,8941,0,0
578534,72748,183999,4000,24,1
578597,34130,66732,4251,16,0
578661,51244,99951,7479,23,3
578786,30694,52506,7517,20,4
578917,69112,50124,7640,17,1
578917,69112,177994,7995,17,1
579043,53963,57704,2715,18,2
579073,1361,75051,2573,13,4
579076,60788,92013,7032,13,4
579138,38485,61418,6431,24,1
579238,30598,39757,2261,21,2
579238,30598,41855,4360,21,2
579968,41974,151645,1646,23,3
580096,39127,71354,3862,21,2
580165,52039,87238,4763,21,2
580390,55369,179560,9561,20,4
580516,1549,8899,3900,24,1
580710,38737,97729,2748,14,0
580897,65629,3288,5789,21,2
580993,54832,25466,7969,0,0
581158,26684,35197,2707,20,4
581216,52765,50817,8333,20,4
581223,71905,153842,8873,16,0
581253,63668,77614,5136,17,1
582017,53818,164754,9787,20,4
582019,21262,196797,6798,16,0
582022,21388,137572,2599,14,0
582052,46717,111257,6280,18,2
582246,41311,35178,2688,15,0
582311,32701,112630,7653,22,3
582944,51856,91717,1718,21,2
582977,39679,7279,7280,12,2
583043,30274,9664,4665,17,1
583142,68050,72622,5130,0,0
583426,56641,125396,7909,20,4
583590,49123,103918,6429,18,2
583616,70517,17455,7456,21,2
583777,30454,139189,6729,15,0
583777,30454,186480,6481,15,0
583841,36266,91572,9100,0,0
583843,46540,95305,2833,15,0
584002,63343,149790,2305,23,3
584641,21767,148234,8235,21,2
584645,59944,152287,4803,1,1
584676,55549,73313,5821,12,2
584676,55549,196416,1455,12,2
585346,31862,172481,2482,18,2
585413,56278,59163,4174,21,2
585543,33188,46873,4386,14,0
585798,41146,12331,7334,21,2
585798,41146,131164,8704,21,2
585826,49114,176714,9232,22,3
585986,47297,112302,4814,19,3
586020,51611,123988,9013,19,3
586150,60655,7562,7563,16,0
586150,60655,88341,8342,16,0
586211,66229,169545,9546,13,4
586343,54355,140920,3435,13,4
586438,20039,115876,5877,13,4
586438,20039,173844,1396,13,4
586469,20308,47060,7061,20,4
586599,54112,121997,7022,17,1
586753,20623,73352,3353,16,0
586753,20623,119138,9139,16,0
586918,72506,77285,4807,15,0
587394,46012,194073,6593,1,1
587399,32755,121457,1458,24,1
587525,48974,39678,4685,17,1
587555,43424,108171,5702,12,2
587712,28690,181220,6257,15,0
587713,70411,114500,2034,12,2
587843,68059,14733,7235,24,1
588068,54103,140606,3121,19,3
588097,1498,141097,6126,19,3
588389,56293,116492,9004,18,2
588391,69814,43236,5741,13,4
588483,69565,77462,2477,14,0
588608,33698,142212,9755,0,0
588674,49858,146699,6700,21,2
588903,20681,5770,8271,13,4
589443,58297,124505,2042,19,3
589635,44750,92558,2559,12,2
589826,40255,73989,3990,22,3
589830,48989,195429,2987,22,3
589890,73598,8342,8343,21,2
589926,30916,36424,6425,24,1
590144,36718,187096,7097,14,0
590150,41086,199672,2192,24,1
590529,47686,52401,4907,22,3
590693,27440,134769,7283,18,2
590883,41884,119546,2058,1,1
590887,39292,18184,5688,19,3
590949,64501,51547,6558,17,1
591078,54893,157433,7434,13,4
591109,29740,72604,7619,20,4
591301,44683,188978,4015,13,4
591367,27028,59945,4956,24,1
591398,46474,104626,9647,20,4
591461,58382,84704,2229,22,3
591616,34736,31674,1675,23,3
591623,59092,44089,9098,18,2
591809,30086,177008,7009,14,0
591942,33520,141792,4307,12,2
592005,69523,108953,3974,23,3
592259,55645,196719,1758,12,2
592419,27836,116252,8764,18,2
592455,70370,67197,4716,22,3
592583,61573,167606,7607,0,0
592741,23827,192681,2682,12,2
592772,19120,137750,2777,13,4
593090,55252,181786,6823,13,4
593221,29560,140889,3404,1,1
593350,36340,163513,6030,1,1
593381,41533,199061,9062,14,0
593447,47798,27808,2813,14,0
593447,47798,83453,5962,14,0
593475,28480,90177,2687,18,2
593889,26911,71166,6181,15,0
594245,24155,130605,5632,13,4
594277,61483,19412,6916,24,1
594277,61483,190720,3240,24,1
594342,65722,172452,4970,0,0
594373,28489,109504,4525,18,2
594403,47113,50604,8120,24,1
594726,22525,4901,9902,18,2
595105,62422,144976,4977,0,0
595172,34666,47839,7840,14,0
595174,33589,53578,8589,0,0
595298,63125,143439,3440,23,3
595591,43124,179746,4781,0,0
595622,48551,186950,6951,21,2
595751,51703,843,5844,12,2
595751,51703,65856,8363,12,2
596100,50003,177586,5138,17,1
596197,39149,33140,8147,20,4
596263,62587,68982,6501,24,1
596323,68848,128215,3240,24,1
596707,42437,54801,2317,13,4
596839,20710,106600,6601,16,0
597024,37648,15312,5313,15,0
597091,44357,82890,2891,20,4
597091,44357,125980,3517,20,4
597445,59851,129041,6578,24,1
597509,35237,125155,5156,14,0
597510,24547,37159,2166,24,1
597541,21536,38977,1481,21,2
597669,51847,193620,8659,15,0
597923,46541,140535,3050,15,0
597926,56740,105101,2632,23,3
598050,21575,145775,3318,17,1
598242,34232,54690,4691,23,3
598561,55552,89588,7113,15,0
598567,41797,156946,4492,22,3
598595,55903,25975,5976,22,3
598657,51812,163922,3923,15,0
598690,25643,83919,8936,0,0
598823,22832,1595,9096,16,0
598918,31240,70801,3309,12,2
599238,55205,104770,2301,20,4
599271,51260,63708,8721,15,0
599271,51260,100189,2700,15,0
599493,22978,146501,6502,17,1
599781,35221,63921,8934,17,1
599844,57715,6787,6788,1,1
599844,57715,187866,7867,1,1
600033,43036,177668,5220,16,0
600130,50005,114461,9484,19,3
600261,39520,23161,3162,0,0
600544,21163,121889,6914,18,2
600545,27533,74051,4052,14,0
600704,66173,28167,5674,17,1
600705,60562,8915,8916,18,2
600710,36424,64049,1568,12,2
600711,25048,192111,9669,24,1
601090,66403,49266,1771,1,1
601090,66403,70076,7598,1,1
601348,48514,75868,8376,20,4
601509,35206,68179,5698,16,0
601511,69478,109953,4974,15,0
601606,22945,11852,6855,22,3
601861,62255,25393,5394,0,0
601920,23135,59069,6585,15,0
601986,28201,186304,3859,1,1
602021,71756,67908,2921,0,0
602085,55906,133365,8392,16,0
602592,23593,112161,7184,1,1
602593,64097,22297,9804,20,4
602663,58309,165428,5429,21,2
602791,48565,39411,4418,19,3
602816,73762,43177,3178,15,0
602885,40087,38498,8499,12,2
602886,69290,135753,5754,13,4
603072,74941,107370,2391,17,1
603078,73753,21274,8781,16,0
603140,28985,103244,8265,24,1
603170,1322,79268,6790,13,4
603206,29008,4556,9557,23,3
603396,43754,99434,1944,20,4
603462,24448,126480,8993,12,2
603463,45490,71338,3846,21,2
603683,63064,70359,5374,22,3
603683,63064,90840,5859,22,3
603873,32860,41749,6758,24,1
603873,32860,58919,3930,24,1
603943,48691,164116,1665,20,4
604193,51625,8127,5628,1,1
604263,42178,54638,7144,21,2
604420,57863,24450,1957,1,1
604485,46240,141829,9372,16,0
604517,47164,52902,5408,24,1
604609,27130,172962,5480,24,1
604961,63325,115722,3256,22,3
604967,31823,125519,8032,16,0
605159,31846,44093,9102,16,0
605251,35996,94792,7302,18,2
605251,35996,149616,4645,18,2
605411,51322,79069,6591,0,0
605478,62794,135109,7623,0,0
605540,37732,185086,5087,13,4
605668,1621,107757,5288,16,0
605893,54826,174398,9433,18,2
606209,27781,46863,1872,22,3
606246,28358,132003,9543,20,4
606631,57955,165510,8027,24,1
607008,68818,99955,7483,17,1
607172,35725,160036,5069,15,0
607203,19390,58632,3643,18,2
607236,25520,50278,7794,23,3
607266,38039,121341,1342,0,0
607491,49417,119159,9160,0,0
607617,67954,61371,8890,19,3
607617,67954,183166,8203,19,3
607620,29492,169827,7376,17,1
607717,56992,169799,9800,13,4
607777,68762,46700,6701,14,0
607810,70330,154029,1575,13,4
607847,29089,195867,8387,22,3
608135,43750,133287,5801,13,4
608579,52076,60215,2722,19,3
608643,24605,3460,8461,16,0
608643,24605,141832,9375,16,0
608930,34795,54020,6526,21,2
609031,50660,2319,7320,18,2
609058,29470,76043,8551,20,4
609156,59744,97632,2651,18,2
609185,55921,133683,6197,1,1
609280,63967,133672,3673,24,1
609383,36496,147589,7590,24,1
609479,68891,127156,9669,24,1
609632,30097,49894,9895,18,2
609858,26740,161563,6596,20,4
609990,38258,191613,9171,12,2
610020,50773,50472,5483,1,1
610023,43255,170334,5369,0,0
610145,38849,55622,8128,14,0
610242,32296,164232,1781,14,0
610501,68798,87109,7110,22,3
610598,61841,175145,7663,23,3
610628,57649,163148,3149,14,0
610951,69275,183125,5644,1,1
610979,64150,182212,9767,1,1
611043,42379,89447,9448,1,1
611043,42379,97883,5411,1,1
611077,29033,198746,3785,14,0
611525,55117,163644,6161,14,0
611589,42923,21641,6646,19,3
611589,42923,186523,1560,19,3
611648,41227,63849,8862,24,1
611713,49390,44324,6829,19,3
611781,43720,52270,7281,1,1
611971,50930,79753,9754,0,0
612100,29381,149819,9820,21,2
612102,31291,199500,4539,20,4
612259,51494,132840,7867,1,1
612261,74383,4714,9715,21,2
612452,55087,190208,5247,23,3
612484,18950,120391,5416,13,4
612512,48094,34739,2249,22,3
612583,73976,114592,7104,17,1
612839,40622,108397,3418,22,3
613127,40003,142397,2398,19,3
613155,41687,22167,7172,16,0
613249,74113,144570,2113,17,1
613346,22589,168265,5814,18,2
613444,37475,7763,7764,17,1
613476,35584,115449,5450,12,2
613734,61120,9746,9747,19,3
613761,52331,54364,1880,22,3
613764,28042,146092,8607,22,3
614208,36301,189013,4050,1,1
614275,54722,10454,2956,13,4
614276,54805,74619,9634,14,0
614311,72397,98912,3931,0,0
614496,26239,80613,5630,18,2
614565,58660,159812,4843,17,1
614853,1784,147248,7249,15,0
614883,50299,175860,5861,14,0
614885,23653,172205,4723,23,3
614947,33650,132786,2787,24,1
615078,42212,128781,8782,14,0
615137,21002,46494,8999,18,2
615138,28445,147174,7175,17,1
615140,63887,25247,2754,15,0
615234,50333,136180,8694,17,1
615590,48031,164880,9913,0,0
615591,74803,43169,5674,17,1
615616,49000,181547,4066,21,2
615649,46751,70058,7580,17,1
615718,31754,6797,6798,16,0
615718,31754,85453,5454,16,0
615777,43123,91870,9398,21,2
615874,28993,68444,8445,15,0
616000,41147,149991,7534,14,0
616001,48076,146056,8571,19,3
616162,47200,25105,2612,1,1
616357,74912,42727,2728,24,1
616417,69983,85301,7810,20,4
616673,49543,81390,8915,19,3
616705,35185,113731,3732,17,1
616805,33295,69634,4647,19,3
616834,55625,31523,1524,12,2
616929,51946,100972,3483,1,1
616965,44195,110617,8151,1,1
617058,20849,17660,2663,17,1
617152,20167,6822,1823,1,1
617280,42896,61420,3927,23,3
617280,42896,190592,3112,23,3
617447,61429,19554,9555,16,0
617478,63721,55229,2745,1,1
617697,50914,43597,3598,0,0
618118,31049,103898,8919,23,3
618145,32590,171410,1411,14,0
618215,54694,144261,9290,16,0
618215,54694,194559,7079,16,0
618725,43303,129703,2216,12,2
618725,43303,185398,7917,12,2
618784,54332,6196,6197,1,1
619009,65014,36244,6245,14,0
619072,54598,55422,7928,0,0
619137,26638,191319,6358,15,0
619142,47410,143671,3672,18,2
619271,31921,188253,5808,20,4
619361,37571,172437,2438,16,0
619461,30649,103082,3083,18,2
619716,63253,35210,2720,17,1
619716,63253,140678,8221,17,1
619809,35497,12734,5236,20,4
620066,45034,146423,3966,19,3
620099,61793,61546,6559,0,0
620129,23626,37164,7165,0,0
620129,23626,120230,5255,0,0
620167,42259,43928,8937,13,4
620608,63847,195024,2582,24,1
620741,39298,100520,5541,18,2
620929,72034,118552,6086,24,1
620932,38260,104791,2322,20,4
620992,58108,121005,6030,1,1
621506,55955,112279,7302,18,2
621508,29809,123140,3141,15,0
621765,66011,84646,7155,12,2
621830,40298,5037,2538,21,2
621859,74404,172397,2398,19,3
621888,72401,197175,2214,21,2
622149,33136,145995,3538,23,3
622182,63346,123863,3864,22,3
622273,32396,109733,7264,16,0
622435,53222,49639,4648,14,0
622438,63878,116444,3978,15,0
622468,19634,34776,2286,15,0
622470,38609,59115,6631,14,0
622498,56527,13783,3784,19,3
622722,32071,77292,4814,19,3
622853,55168,70479,8001,0,0
623329,74477,180556,5593,18,2
623364,73792,183379,8416,0,0
623648,55198,49628,2133,23,3
623713,23977,49422,9423,17,1
623744,59399,17036,2039,20,4
623745,57712,179093,1611,0,0
624135,1787,158029,8030,20,4
624262,53707,84149,6658,23,3
624389,50611,46900,6901,0,0
624416,29803,197416,7417,20,4
624417,24965,168785,3818,21,2
624422,67660,34515,7019,21,2
624549,56017,48921,3930,24,1
624707,47323,148866,1381,24,1
624709,74827,91483,6502,17,1
624902,29434,66401,6402,21,2
625280,36017,30789,8299,1,1
625446,29555,21515,6520,21,2
625479,55348,134429,9456,23,3
625728,28897,76480,4002,0,0
625794,49564,125317,5318,17,1
626147,26725,175438,2990,20,4
626178,28001,54080,6586,22,3
626532,34099,123619,3620,14,0
626722,34373,35611,3121,19,3
627009,23617,159120,6666,22,3
627042,55489,120602,5627,20,4
627043,39901,63150,5657,23,3
627109,68701,17057,9559,15,0
627365,52958,175294,5295,17,1
627431,55846,7617,2618,21,2
627552,42451,146730,9245,15,0
627590,47215,169766,2283,16,0
627840,22783,108989,4010,12,2
627872,35470,8864,8865,1,1
627875,54779,19809,2311,12,2
627908,29281,46343,3856,13,4
627908,29281,55765,5766,13,4
627972,19403,177410,9928,14,0
628321,36019,87231,4756,1,1
628544,74650,3873,3874,17,1
628544,74650,76243,8751,17,1
628583,28210,12608,7611,19,3
628583,28210,95101,7611,19,3
628614,51913,157012,4558,18,2
628704,19565,90868,5887,1,1
628705,27917,16980,4484,22,3
628805,46247,169348,1865,17,1
628962,1183,13142,5644,1,1
628962,1183,23146,8151,1,1
628992,55444,89450,1959,17,1
628992,55444,199032,4071,17,1
628993,37891,181278,6315,22,3
629120,69017,18859,3862,21,2
629440,30614,38520,6030,1,1
629506,26467,144583,4584,1,1
629511,27481,19926,2428,13,4
629733,31897,116446,6447,24,1
629760,28916,43952,8961,24,1
629925,72514,180846,5883,1,1
629957,64243,34969,9976,0,0
630085,53686,179012,4047,0,0
630085,53686,192157,7196,0,0
630183,74857,199657,9658,19,3
630243,56017,39099,6609,24,1
630375,28090,124713,2250,1,1
630470,24776,4300,9301,17,1
630595,65833,122115,7140,1,1
630657,72871,75037,5038,24,1
630788,40799,43977,6482,12,2
630790,69547,127171,9684,15,0
630884,71953,19766,9767,1,1
631110,46243,57994,5510,24,1
631206,52967,119475,7009,14,0
631589,54179,166743,9260,23,3
631623,27191,196054,8574,13,4
631652,33865,177938,7939,21,2
631751,32411,3473,8474,19,3
631938,73003,74412,1934,23,3
631938,73003,181670,1671,23,3
632166,54946,23043,8048,13,4
632166,54946,85133,7642,13,4
632258,23497,74568,4569,18,2
632423,31294,68821,3834,20,4
632482,23266,141221,8764,18,2
632611,45715,117031,2054,23,3
632677,46435,196610,4168,16,0
632773,74335,31420,1421,24,1
632773,74335,48884,1389,24,1
632864,49360,176698,1733,19,3
632993,43982,95153,5154,17,1
633056,23206,23794,1301,21,2
633056,23206,123155,5668,21,2
633088,47672,14105,9108,16,0
633380,38900,177041,4593,1,1
633414,27865,164133,9166,23,3
633536,21334,33761,1271,12,2
633568,21865,183101,3102,19,3
633634,49424,173848,8883,16,0
633798,50311,58208,3219,24,1
633893,58703,180138,7693,1,1
634373,74387,185395,2950,23,3
634663,48812,129875,7412,23,3
634757,28354,139682,9683,16,0
635008,30683,126111,6112,19,3
635076,32801,123906,3907,19,3
635235,63491,86129,8638,21,2
635492,54688,41991,9504,21,2
635874,72614,158148,8149,23,3
636097,71053,136130,3670,19,3
636355,28897,15021,5022,0,0
636388,65710,52936,5442,0,0
636646,37696,133764,8791,15,0
636772,33284,59816,4827,14,0
636932,53000,170830,8382,16,0
636933,57433,81025,6042,21,2
637158,34493,38376,8377,21,2
637284,35477,50699,3205,20,4
637314,62339,134082,6596,20,4
637412,58909,157451,2482,18,2
637474,28135,146784,9299,14,0
637570,74687,112469,2470,22,3
637735,49375,44693,4694,16,0
637794,36527,43776,6281,20,4
637892,70798,97585,5113,0,0
638277,40192,94557,9576,12,2
638406,24301,158758,8759,22,3
638432,53770,31997,9507,1,1
638501,59912,76375,1390,20,4
638593,27169,96650,1669,16,0
638593,27169,152552,2553,16,0
638691,35384,80124,5141,13,4
638723,25417,68431,5950,24,1
638914,66089,127984,7985,16,0
639044,54943,194547,7067,23,3
639170,32338,86116,3641,23,3
639175,48520,165074,2623,23,3
639200,52001,166855,1888,19,3
639590,30892,37337,9841,1,1
639748,32800,176747,1782,14,0
639910,37894,152267,4783,22,3
639939,23983,34554,9561,20,4
639939,23983,135795,3335,20,4
640163,62746,21715,6720,18,2
640325,20468,157090,9606,12,2
640391,50071,177231,4783,22,3
640485,24481,42741,7750,18,2
640517,58067,7094,2095,20,4
640867,45622,76855,4377,22,3
640933,18994,117589,2612,1,1
640934,25604,7234,7235,24,1
641254,42065,183752,8789,12,2
641376,26389,179098,1616,14,0
641412,46678,99204,4223,19,3
641447,41564,51449,3955,21,2
641507,41380,1617,6618,1,1
641989,38485,176177,3729,24,1
642310,59749,67653,5172,15,0
642400,22993,42674,5179,13,4
642566,38041,91406,3916,1,1
642592,30101,166995,6996,20,4
642692,53848,124834,9859,24,1
642724,36019,180487,8042,1,1
643171,70549,151256,8802,15,0
643267,35866,194599,2157,17,1
643426,74615,136988,4528,24,1
643428,66028,178175,3210,1,1
643457,26794,77502,10,24,1
643552,28319,157006,2037,12,2
644197,35255,133527,8554,0,0
644257,26390,13225,3226,15,0
644545,20240,62674,2675,19,3
644579,59227,117216,7217,0,0
644645,62584,73717,6225,18,2
644834,23399,190267,5306,23,3
644868,58145,94293,1821,21,2
644963,49757,1381,3882,24,1
644963,49757,22074,2075,24,1
645412,49288,8810,3811,13,4
645478,59797,147858,5401,21,2
645507,71356,138036,5576,0,0
645540,62956,152916,2917,20,4
646532,46043,119118,9119,22,3
646561,19283,99094,9095,23,3
646880,28225,22684,5187,12,2
647042,24904,39976,2480,15,0
647044,47618,88788,6313,12,2
647076,67558,184059,9096,16,0
647077,73387,51732,4238,0,0
647139,39667,93377,5887,1,1
647238,36931,71617,1618,17,1
647267,22861,57065,2076,19,3
647392,57280,174748,7266,18,2
647459,66973,109608,4629,18,2
647585,20758,15851,8353,23,3
647715,58982,72923,5431,24,1
647840,31036,193727,8766,0,0
647844,29047,19613,4616,16,0
648070,61268,98553,8554,0,0
648162,27307,123437,5950,24,1
648290,19118,100579,5600,1,1
648325,67252,158532,3563,18,2
648357,68465,42216,9729,16,0
648388,34324,77603,2618,21,2
648736,26684,120102,2615,20,4
648771,61483,43790,8799,24,1
648839,58384,184121,6640,17,1
648995,69602,81568,6585,15,0
649060,55559,126507,1532,12,2
649187,32434,94960,2488,23,3
649377,34012,93647,8666,12,2
649605,65476,189615,4652,15,0
649633,65546,160065,5098,1,1
649860,31255,107735,2756,17,1
649888,26594,46596,4109,20,4
649926,32987,170625,5660,1,1
649991,69049,83215,5724,14,0
650052,22171,98522,8523,21,2
650147,57415,82719,7736,1,1
650304,61645,154174,1720,0,0
650405,48014,161158,8707,16,0
650433,47800,113845,8868,24,1
650758,31426,68415,5934,19,3
650758,31426,114958,7470,19,3
650758,31426,159489,9490,19,3
650848,21931,76899,6900,15,0
650848,21931,198187,8188,15,0
651104,66493,119815,7349,1,1
651105,38224,77436,2451,16,0
651203,42923,64878,7385,19,3
651303,30187,58283,5799,20,4
651328,40757,126014,8527,20,4
651331,34142,168953,6502,17,1
651335,45647,116173,3707,21,2
651558,35290,169863,9864,23,3
651622,29690,86041,3566,24,1
651779,59044,96648,1667,22,3
652132,47734,171461,6496,1,1
652195,71107,105430,2961,17,1
652229,53183,148250,3279,18,2
652291,26359,172977,2978,20,4
652513,26449,11350,1351,21,2
652513,26449,118845,3868,21,2
652644,41134,172999,5517,22,3
653092,70621,106129,3660,15,0
653186,65114,197093,2132,12,2
653217,60076,93187,5697,20,4
653280,50441,24788,7291,17,1
653280,50441,154664,7180,17,1
653345,23165,139586,7126,1,1
653350,40084,165909,8426,24,1
653639,24028,64520,4521,24,1
653703,41234,159654,7200,14,0
653765,64528,151080,6111,14,0
653889,38203,84338,1863,17,1
654400,42707,196427,8947,21,2
654560,69658,20833,3336,21,2
654560,69658,146584,4127,21,2
654788,62878,22234,4737,23,3
654882,26185,7787,7788,22,3
654882,26185,32279,4783,22,3
654949,22190,40552,5561,12,2
655008,19825,137298,4838,23,3
655074,43004,98990,8991,24,1
655077,74879,182281,7318,14,0
655108,34451,47052,4565,13,4
655206,34861,173341,8376,20,4
655298,36752,112371,4883,17,1
655331,65770,11392,1393,20,4
655332,33352,112696,2697,18,2
655495,65630,68883,3896,19,3
656163,41194,132479,2480,15,0
656257,38443,83051,3052,17,1
656551,72236,123398,3399,16,0
656994,51088,117597,7598,1,1
656995,22801,42188,2189,24,1
657088,29344,143549,6064,1,1
657190,65042,10044,5047,19,3
657381,30331,190700,5739,1,1
657603,36139,173829,8864,16,0
657703,60685,158739,8740,13,4
657990,65770,57897,5413,20,4
658821,19814,134147,9174,13,4
659072,65545,133112,5626,13,4
659202,21724,47614,2623,23,3
659204,58133,50397,5408,24,1
659330,61876,56915,1926,22,3
659395,53110,165175,2724,14,0
659428,61816,133857,6371,23,3
659553,34807,30443,2947,0,0
659553,34807,75010,7518,0,0
659620,40387,150791,8337,15,0
659717,69964,120613,3126,24,1
659970,22732,7712,7713,21,2
660583,62740,160722,3239,23,3
660641,74624,46234,8739,20,4
660772,71912,124723,4724,18,2
661030,54521,62190,7203,22,3
661413,44432,109425,1936,1,1
661478,37435,52860,7871,19,3
661478,37435,75658,8166,19,3
661601,23777,43249,5754,13,4
661636,58184,73830,3831,17,1
661952,61360,25135,5136,17,1
662022,59335,58924,8925,1,1
662691,34228,23874,1381,24,1
662944,74789,69719,2226,13,4
662944,74789,158117,3148,13,4
663015,53942,88105,5630,18,2
663300,61600,48225,3234,20,4
663428,49397,179971,5006,1,1
663525,66646,35602,3112,23,3
663587,35632,97848,7849,23,3
663588,64138,105747,3278,0,0
663589,53353,191116,3636,1,1
663622,67541,43572,8581,17,1
663713,35626,173911,8946,22,3
663783,57604,142729,5244,20,4
663975,54590,75459,5460,12,2
664004,32449,163131,3132,0,0
664101,20383,36744,9248,0,0
664418,60505,151331,1332,16,0
664420,39181,134344,1884,1,1
664610,60619,31145,3649,24,1
664672,42707,175643,8161,21,2
664896,22412,101891,6912,24,1
664899,67942,25850,8353,23,3
664931,23014,29064,9065,21,2
664967,44755,70514,3022,18,2
665281,24602,98884,3903,15,0
665381,49672,41965,4470,23,3
665445,31463,164738,2287,14,0
665476,67501,152189,4705,23,3
665602,69965,135580,8094,20,4
665795,37891,47907,2916,22,3
665830,72331,41789,1790,15,0
665892,62197,45965,3478,22,3
665952,44146,115755,8267,22,3
666759,60595,138449,3476,13,4
666880,1283,51000,3506,0,0
666946,47900,148134,5677,21,2
667011,39157,45,2546,20,4
667041,73433,92775,5285,13,4
667072,74134,30850,8360,23,3
667079,45412,131198,8738,0,0
667106,52502,68405,8406,22,3
667201,33133,158898,8899,16,0
667360,40570,32473,2474,0,0
667393,70895,28898,8899,16,0
667557,57247,971,5972,1,1
667874,20257,161253,1254,16,0
667970,71708,119566,4589,16,0
668069,56518,150508,8054,21,2
668354,39938,137670,2697,18,2
668640,46603,11270,6273,18,2
668640,46603,143727,3728,18,2
668676,36461,59884,2390,18,2
668704,25742,24745,7248,18,2
668707,41192,42228,2229,22,3
668804,45833,113789,8812,15,0
668896,47680,152220,7251,22,3
668900,31612,1796,1797,15,0
668996,59230,103280,8301,20,4
668997,58127,139037,6577,24,1
668997,58127,150758,3274,24,1
668997,58127,178980,8981,24,1
669090,35878,80918,5935,24,1
669349,39793,48945,6458,0,0
669511,67876,186,2687,18,2
669730,24952,105181,5182,0,0
669762,41029,134205,4206,13,4
669830,63373,27351,2356,19,3
669894,69712,103096,5607,19,3
670594,33301,172969,5487,17,1
670631,24589,183700,8737,21,2
670657,64777,157043,9559,15,0
670722,21641,62837,5344,17,1
670727,23266,74164,1686,18,2
670755,45346,193239,8278,13,4
670785,51508,143182,5697,20,4
670884,65560,152802,5318,17,1
671237,31237,141270,3785,14,0
671521,51778,141299,3814,23,3
671648,44362,99713,2223,17,1
671842,27355,43647,8656,18,2
672131,50105,6097,6098,17,1
672323,26405,153854,8885,14,0
672423,60122,134968,7482,14,0
672484,67240,156605,9121,24,1
672519,65221,44130,6635,17,1
672674,48575,919,8420,17,1
672674,48575,115129,2663,17,1
672869,41195,154441,4442,12,2
672995,43108,159754,9755,0,0
673062,27856,180315,5352,13,4
673157,49591,76959,9467,18,2
673255,44864,193742,8781,16,0
673667,51166,21770,6775,24,1
673732,49688,35257,5258,14,0
673829,69403,185796,8315,16,0
674016,29479,82663,5172,15,0
674113,70489,104890,9911,0,0
674146,64435,71234,6249,18,2
674179,21406,35107,7611,19,3
674337,38177,28825,6332,19,3
674340,22541,162848,7881,16,0
674596,34058,75957,8465,14,0
674598,19915,150886,3402,0,0
674726,22040,49708,4717,21,2
674946,52870,45707,5708,16,0
675139,56650,142871,2872,24,1
675143,64090,29266,6773,24,1
675170,57472,126169,6170,0,0
675296,62674,100310,2821,1,1
675394,53944,120316,7853,0,0
675744,52195,573,8074,15,0
675745,31912,44877,2390,18,2
675778,47614,87899,5424,18,2
675815,72775,128078,8079,19,3
675841,37151,56719,4235,14,0
675841,37151,181785,9340,14,0
675876,45031,58881,1387,13,4
675943,51200,198216,5774,20,4
676103,41047,98811,8812,15,0
676225,67552,147269,4812,16,0
676391,55798,93487,3488,22,3
676449,20608,37119,2126,14,0
676486,67901,24141,9146,24,1
676486,67901,44970,4971,24,1
676613,53065,3467,5968,15,0
676708,59402,173505,8540,16,0
677187,57173,100509,3020,19,3
677189,20792,116323,3857,17,1
677218,50077,124410,4411,23,3
677319,32143,84041,9058,0,0
677473,43172,22828,7833,16,0
677699,72481,126598,9111,18,2
677858,43612,78551,3566,24,1
677986,45361,95811,3339,0,0
678087,69680,67344,2357,20,4
678278,58387,36059,3569,17,1
678372,20506,79574,9575,24,1
678433,61027,79940,9941,18,2
678500,71951,151374,1375,18,2
678629,34153,56314,6315,22,3
678658,39968,23948,1455,12,2
678689,36350,4168,4169,20,4
679105,69448,87331,4856,19,3
679137,58982,144460,4461,24,1
679137,58982,189057,6612,24,1
679300,48439,36975,9479,19,3
679460,44833,199879,2399,15,0
679522,33521,80000,1,17,1
679649,1337,31932,1933,22,3
679942,48946,133776,3777,20,4
680097,56206,169458,4491,23,3
680135,44804,32592,7599,13,4
680135,44804,129454,6991,13,4
680166,55171,102513,7534,14,0
680227,35095,123876,8901,24,1
680386,28813,104930,7441,20,4
680550,72079,35694,5695,18,2
680773,52666,72157,4665,17,1
680865,28135,155559,8075,14,0
680931,37108,195328,2886,1,1
680995,20011,89707,2216,12,2
681025,26899,10626,5629,15,0
681025,26899,191163,8721,15,0
681058,35797,18122,3125,13,4
681088,40502,106532,4063,17,1
681541,57124,109982,2493,1,1
681733,73504,83347,3348,15,0
682053,52219,122098,2099,0,0
682182,49399,53206,5712,24,1
682306,47971,16984,4488,14,0
682310,56605,27903,2908,17,1
682466,22792,190580,5619,20,4
682471,24787,119091,1603,0,0
682497,30154,195938,5939,18,2
682502,61330,54871,9882,15,0
682529,55093,128290,3315,13,4
682754,28442,184453,4454,17,1
682883,37522,63832,6339,22,3
682951,45163,136589,1616,14,0
682981,45260,177763,5315,24,1
683072,40822,85725,3250,24,1
683105,41135,19296,9297,14,0
683105,41135,198067,5625,14,0
683332,59257,178687,8688,15,0
683520,42319,13253,5755,20,4
683747,53765,66457,6458,0,0
683815,73753,56201,8707,16,0
683845,61867,117830,5364,1,1
683972,40175,147136,4679,16,0
684006,28939,72767,2768,15,0
684165,43358,90275,2785,14,0
684354,74386,191358,1359,13,4
684454,66937,12734,5236,20,4
684454,66937,33804,8811,20,4
684576,53578,22655,7660,12,2
684615,32962,146403,1432,21,2
684672,69787,199705,2225,20,4
684864,41885,143660,3661,1,1
684864,41885,195758,5759,1,1
685027,44273,36037,8541,16,0
685158,46793,116956,4490,15,0
685219,35764,43334,3335,20,4
685475,21575,179081,4116,17,1
685829,48998,119944,2456,15,0
685861,37534,99973,4992,18,2
686054,55513,30007,2511,17,1
686084,44924,28645,6152,13,4
686084,44924,65606,3125,13,4
686146,56792,106354,6355,19,3
686149,36553,181618,1619,23,3
686178,45611,9875,7376,17,1
686532,49297,157941,7942,18,2
686534,65536,178851,1369,14,0
686592,52369,119178,6712,15,0
686594,25139,56818,1829,19,3
686624,40246,88160,5685,20,4
686725,65629,171030,8582,21,2
686951,19324,8139,5640,15,0
687207,71294,90501,5520,22,3
687232,26638,56432,1443,15,0
687264,53212,102591,5102,24,1
687810,70021,156742,1773,19,3
687814,59683,141617,1618,17,1
688036,23374,6560,6561,20,4
688166,21031,49687,2192,24,1
688455,32890,7324,2325,18,2
688677,22189,24029,4030,14,0
688899,63349,56612,6613,14,0
688933,28202,167147,4696,14,0
688994,63376,79578,2086,23,3
689252,52091,109880,7411,18,2
689442,22981,105234,2765,0,0
689445,58097,196382,3940,24,1
689446,70615,2495,7496,15,0
689540,41260,37791,7792,15,0
689570,52501,185858,8377,21,2
689671,51617,156773,9289,24,1
689857,65821,128248,5785,14,0
689891,36139,154529,4530,16,0
690215,57308,64816,9829,24,1
690471,59954,130996,8536,1,1
690790,67604,61510,1511,20,4
690852,67475,97394,7395,12,2
690950,53725,72431,4939,18,2
691077,49280,31328,3832,14,0
691334,33745,34270,6774,18,2
691557,22066,112724,5236,20,4
691814,43567,68014,8015,17,1
691904,70639,56529,6530,24,1
691906,46966,58572,8573,1,1
691908,69064,91513,9041,0,0
691936,40295,89938,9939,18,2
691972,37120,146691,1720,0,0
692518,61255,25114,5115,24,1
692675,65833,35333,2843,1,1
693059,67147,68105,8106,13,4
693315,56182,141085,8628,21,2
693479,24646,130552,8092,1,1
693568,65500,100863,5884,1,1
693607,59405,31188,6195,0,0
693920,64192,128265,8266,12,2
693990,38459,139205,6745,12,2
694434,68530,40241,5250,23,3
694502,53663,180684,5721,20,4
694563,30695,136895,1922,16,0
694624,41744,165412,7929,17,1
694661,41869,44068,9077,24,1
694724,66719,30229,5236,20,4
694853,65374,68825,1332,16,0
695302,53681,32902,7909,20,4
695335,45764,192866,2867,17,1
695683,46285,130031,5058,17,1
695716,48037,83037,3038,21,2
695908,21997,174472,2024,0,0
696198,56326,184218,1773,19,3
696486,40823,88680,8681,17,1
696644,74857,189872,9873,19,3
696739,24769,64892,2411,16,0
696934,38407,21655,9162,15,0
697185,28411,166902,6903,24,1
697186,35866,42626,7635,17,1
697253,66940,8458,3459,24,1
697476,26140,44697,9706,14,0
697700,43924,24120,4121,24,1
697700,43924,71651,4159,24,1
697734,56294,5354,5355,12,2
697766,36266,171361,1362,0,0
698020,36143,103152,5663,16,0
698054,22366,35078,2588,19,3
698176,67411,179704,2222,14,0
698304,34654,84289,4290,21,2
698341,44656,19896,4899,16,0
698369,73322,97443,7444,22,3
698469,29806,198949,1469,16,0
699072,62206,147635,2664,18,2
699235,32137,26681,6682,20,4
699235,32137,99842,7370,20,4
699267,55889,137515,7516,24,1
699268,23698,156169,6170,0,0
699328,58951,54785,2301,20,4
699329,31241,94349,4350,1,1
699329,31241,96918,9428,1,1
699366,74302,90289,7817,14,0
699525,31931,19052,4055,12,2
699683,51139,195268,2826,15,0
699714,58172,96629,4157,17,1
699716,50584,106283,3814,23,3
699845,50584,103465,8486,23,3
700352,66893,73921,3922,22,3
700416,30448,177315,9833,13,4
700451,65530,364,2865,22,3
700452,41117,46319,3832,14,0
700454,39962,144487,7002,20,4
700512,45869,19868,2370,20,4
700576,44485,168309,8310,20,4
700608,30079,194748,4749,22,3
700609,18764,119391,1903,17,1
700614,35849,11285,6288,24,1
700644,45685,194418,9457,22,3
700736,63346,82467,2468,22,3
700770,73532,6538,9039,1,1
700773,21997,61325,1326,0,0
701027,69434,46648,1657,16,0
701057,23020,81450,3959,14,0
701059,54013,12300,9804,20,4
701127,31390,122778,5291,13,4
701127,31390,173748,6266,13,4
701507,28237,107242,7243,1,1
701603,25915,17128,2131,0,0
701603,25915,198300,3339,0,0
701729,69313,124875,9900,13,4
701799,65710,199028,4067,0,0
701954,56401,85501,5502,17,1
701955,66556,123929,1466,18,2
701956,35584,66072,3591,12,2
702213,24848,47754,7755,22,3
702241,70339,141211,8754,20,4
702304,47428,103222,5733,15,0
702337,45904,69079,6598,20,4
702498,35989,9756,4757,18,2
702562,63574,120778,8315,16,0
702914,62986,79112,6634,18,2
702946,30739,98785,3804,1,1
703105,31654,181358,8913,20,4
703110,40382,193386,5906,20,4
703460,50359,30332,7842,0,0
703525,44671,109023,9024,13,4
703650,20603,161414,3931,0,0
703808,23033,7234,2235,14,0
703941,57757,46877,9382,18,2
704034,31577,83989,3990,22,3
704130,66623,114525,9548,14,0
704164,34172,144723,4724,18,2
704224,60967,144373,1916,20,4
704291,27289,18142,5646,0,0
704390,56318,87959,2976,21,2
704391,20803,91605,6624,20,4
704646,62801,52860,7871,19,3
705185,32719,199007,1527,21,2
705217,31301,64538,7045,21,2
705446,59374,161507,9056,22,3
705474,49627,156064,8580,21,2
705889,41932,75795,3317,19,3
706144,65396,198129,3168,20,4
706148,74558,134546,9573,14,0
706404,51503,6911,1912,15,0
706437,24158,41506,4011,15,0
706535,46790,153432,8463,23,3
706754,24580,45039,7544,16,0
706854,70385,169426,4459,13,4
706949,45889,80324,5341,1,1
706979,56068,176755,1790,15,0
706982,67511,70658,8180,20,4
707010,61015,32916,7923,16,0
707141,28414,180762,3281,13,4
707170,37450,53792,8803,18,2
707367,28135,61113,3620,14,0
707367,28135,197826,5384,14,0
707523,28214,177576,7577,13,4
707622,70127,3524,8525,12,2
708384,36970,79190,6712,15,0
708418,66166,49987,9988,0,0
708455,36463,104889,7400,21,2
709121,39979,138857,6397,21,2
709188,50407,45354,5355,12,2
709188,50407,199730,7288,12,2
709190,44827,77632,2647,20,4
709190,44827,159243,4274,20,4
709350,67987,163439,3440,23,3
709383,59902,131521,1522,24,1
709542,35368,150082,5113,0,0
709670,70654,179756,4791,21,2
709701,67201,23684,3685,21,2
709894,39667,199538,2058,1,1
709924,55543,174106,4107,18,2
710051,27362,133892,8919,23,3
710886,39793,96717,4245,0,0
711173,23257,112058,4570,18,2
711205,62407,192038,2039,20,4
711363,66226,34065,9072,14,0
711430,42205,38758,8759,22,3
711650,24983,165858,8375,23,3
711651,25696,168223,3256,22,3
711683,57640,63908,1427,21,2
711717,37342,132296,9836,22,3
712038,61793,125559,3096,0,0
712162,61105,36669,9173,16,0
712195,66227,149312,6855,22,3
712326,38638,148974,4003,21,2
712358,1621,36714,9218,16,0
712451,66818,18924,8925,1,1
712487,21547,162720,7753,12,2
712611,27796,97523,5051,22,3
713024,36889,25774,8277,18,2
713090,24268,40086,5095,17,1
713124,69475,491,5492,17,1
713154,49657,19951,9952,22,3
713158,56950,14109,6611,20,4
713216,39925,197690,2729,19,3
713220,73949,987,3488,22,3
713220,73949,43937,8946,22,3
713285,21560,167199,7200,14,0
713478,20098,129129,4154,18,2
713569,70399,198900,8901,24,1
713764,56278,149451,4480,21,2
713954,59936,31586,6593,1,1
714115,26179,43867,3868,21,2
714240,47080,46660,9165,24,1
714309,32008,19222,6726,23,3
714310,33914,149482,4511,15,0
714370,26449,141912,9455,21,2
714560,29483,147464,5007,12,2
714595,34030,21960,9467,18,2
714690,49189,54224,6730,21,2
714916,73687,6630,6631,14,0
715107,50135,85093,5094,0,0
715108,59299,79288,6810,14,0
715203,20773,21707,6712,15,0
715264,65078,150215,2731,19,3
715397,21682,74913,7421,19,3
715524,71743,127379,4916,15,0
715587,35455,119059,9060,0,0
715810,62981,22089,2090,13,4
715810,62981,183247,5766,13,4
715937,21622,40435,5444,13,4
716389,45131,107555,7556,23,3
716481,35287,98302,5830,0,0
716486,24953,186158,3713,12,2
716512,61142,31989,4493,24,1
716612,33139,84733,4734,0,0
716710,66574,28023,8024,13,4
716999,68053,122704,5217,23,3
717058,71899,8955,8956,22,3
717253,72919,143247,3248,20,4
717440,53158,187753,7754,16,0
717447,74419,164584,4585,19,3
717504,41306,166530,6531,14,0
717570,22570,44200,9209,23,3
717794,32422,137515,5055,21,2
717860,57457,174287,9322,22,3
717985,21997,122856,5369,0,0
717989,40954,119762,7296,20,4
718018,37987,169065,4098,15,0
718149,36401,189823,4860,17,1
718183,47501,70991,6006,19,3
718241,72070,156590,4136,22,3
718306,39161,100703,5724,14,0
718337,35098,29932,9933,14,0
718403,31366,115241,7753,12,2
718404,64411,85126,7635,17,1
718404,64411,140066,5095,17,1
718407,44377,89294,4311,22,3
718691,66301,74482,4483,17,1
718727,34276,187915,5470,19,3
719014,22045,45429,2942,13,4
719140,51103,12251,4753,22,3
719168,37153,102285,2286,15,0
719204,21820,112879,5391,18,2
719393,73199,35209,5210,0,0
719558,49138,111857,1858,15,0
719655,66676,15335,5336,17,1
719748,27815,124611,7124,12,2
719873,31598,107030,9541,19,3
719968,44221,6303,6304,0,0
719975,22786,184441,9478,23,3
720035,43711,114536,9559,15,0
720198,56263,146281,3824,0,0
720355,21446,58826,6342,20,4
720388,54061,145960,8475,15,0
720449,42884,40364,2869,20,4
720453,58618,124689,9714,0,0
720610,1637,86202,6203,15,0
720962,47218,82351,9876,1,1
721024,36562,115241,7753,12,2
721058,24037,9998,7499,19,3
721062,30434,147369,2398,19,3
721184,41855,62159,7172,16,0
721251,38008,47383,2392,22,3
721349,46010,65069,7576,12,2
721922,46567,52711,5217,23,3
721984,20347,163966,1515,18,2
722019,62006,33836,1346,12,2
722087,42937,6795,9296,21,2
722148,73762,55476,7982,15,0
722183,71522,16833,1836,0,0
722566,65203,136959,6960,14,0
722659,24964,833,8334,22,3
722662,34468,22916,2917,20,4
722821,36823,27352,7353,12,2
722947,54349,118946,8947,21,2
722948,72503,153346,5862,14,0
723046,28352,148238,3267,20,4
723075,38672,138796,6336,1,1
723105,55339,151332,8878,19,3
723239,22162,194318,6838,1,1
723462,71959,102920,2921,0,0
723527,27745,122363,9900,13,4
723649,72058,170555,5590,24,1
723685,68326,57979,7980,22,3
723715,25834,70349,7871,19,3
723942,36269,28550,8551,20,4
723969,20008,105855,3386,24,1
724226,64642,142432,4947,22,3
724324,40183,92022,4532,19,3
724358,68794,92169,9697,23,3
724385,55967,109561,9562,14,0
724612,69245,193983,3984,16,0
724710,57886,29456,1959,17,1
724710,57886,71448,3956,17,1
724836,37279,111336,1337,20,4
725158,22318,196670,9190,20,4
725248,38872,38533,8534,21,2
725312,62665,29233,9234,22,3
725312,62665,114338,1872,22,3
725313,43954,14898,4899,16,0
725313,43954,75351,7859,16,0
725537,43267,78091,8092,1,1
725895,56017,85010,2535,24,1
726080,45022,1766,6767,20,4
726404,69088,19371,9372,16,0
726433,41839,12791,7794,23,3
726436,60217,33381,3382,17,1
726496,49501,184046,9083,12,2
726883,72910,12470,4972,16,0
726951,52322,153581,6097,12,2
727040,34310,55951,8457,16,0
727207,39896,108710,3731,23,3
727363,34615,11986,6989,16,0
727429,46015,185406,2961,17,1
727715,61381,168977,4010,12,2
727776,24992,3836,3837,21,2
728229,56885,140840,5869,24,1
728423,59266,74071,9086,24,1
728513,25441,138787,3814,23,3
728513,25441,182698,5217,23,3
728678,66346,154553,2099,0,0
728899,20399,57654,2665,17,1
729476,74276,98886,8887,0,0
729568,46559,129382,4407,1,1
729734,60985,99011,4030,14,0
729763,27698,77452,9960,19,3
729892,34069,94639,9658,19,3
730183,42301,196790,1829,19,3
730464,66640,31005,8515,19,3
730464,66640,198927,3966,19,3
731073,40297,198015,8016,1,1
731235,32095,64716,4717,21,2
731331,35272,139454,6994,19,3
731394,25597,184237,9274,23,3
731458,48491,133612,8639,17,1
731655,60338,161173,6206,13,4
731776,48395,130172,5199,21,2
731783,20530,155784,5785,14,0
731813,59956,136239,3779,17,1
731815,74735,44978,7483,17,1
731877,19160,13090,8093,19,3
732101,38638,54289,4290,21,2
732192,71599,193095,3096,0,0
732262,22094,22107,2108,15,0
732293,51766,91650,1651,21,2
732293,51766,111350,3862,21,2
732454,22112,62470,7483,17,1
732512,46529,68260,3273,23,3
732646,22033,76802,6803,17,1
732839,33520,8978,1479,12,2
733285,59275,164674,7191,19,3
733286,53411,160246,5279,17,1
733377,24272,95187,5188,18,2
733382,29155,34848,2358,22,3
733700,42385,136116,8630,1,1
733765,32986,120096,5121,14,0
733797,72689,134918,2458,0,0
734691,29476,162418,7451,21,2
734819,43333,56545,9051,18,2
734822,54181,80711,3220,20,4
735015,59029,116373,3907,19,3
735015,59029,161541,9090,19,3
735015,59029,199104,4143,19,3
735109,1682,128961,8962,17,1
735234,33637,72977,2978,20,4
735335,71735,66602,1615,20,4
735361,40060,94885,9904,1,1
735361,40060,119501,7035,1,1
735750,66154,158212,5758,18,2
735907,22715,79614,7136,17,1
735973,55321,176750,6751,18,2
736065,38951,175595,3147,23,3
736263,69893,44290,6795,20,4
736448,18868,20009,10,24,1
736772,43852,194442,4443,12,2
737153,23884,37830,5340,17,1
737376,58819,141192,3707,21,2
737382,56131,176776,1811,1,1
737603,29476,17068,2071,21,2
737696,51277,90321,5340,17,1
738343,23551,134430,4431,18,2
738436,58333,194241,4242,18,2
738534,66091,37094,9598,21,2
738625,66097,148000,8001,0,0
738628,66736,118693,8694,17,1
739107,36785,166705,9222,18,2
739265,1712,165703,5704,18,2
739365,32212,156993,6994,19,3
739463,64355,42967,7976,16,0
739521,46033,14348,6850,15,0
739556,72425,56635,9141,20,4
739782,64573,184032,6551,0,0
739904,50251,107906,2927,21,2
739905,38153,112479,7502,18,2
739911,50132,93029,8048,13,4
740162,22354,9645,4646,1,1
740166,50741,52402,7413,13,4
740167,40111,103071,8092,1,1
740225,19246,53446,8457,16,0
740355,38251,149725,9726,17,1
740358,62770,198681,6239,23,3
740615,48170,187250,7251,22,3
740736,73417,84098,9115,23,3
740868,43456,189410,1929,22,3
741313,49039,123067,3068,18,2
741440,60007,16658,1661,12,2
741443,50500,159040,9041,0,0
741539,72007,167151,2184,18,2
741604,38614,56865,9371,16,0
741764,43228,154386,6902,17,1
741958,44989,9780,4781,0,0
742146,58799,71110,3618,20,4
742247,56086,7116,7117,23,3
742308,36979,5105,2606,19,3
742407,62794,84235,6744,0,0
742468,38158,18536,6040,0,0
742758,62321,119548,7082,18,2
742758,62321,176428,6429,18,2
742884,33943,198738,8739,20,4
742946,46327,17762,5266,15,0
743104,62711,11188,6191,14,0
743296,63215,60,2561,22,3
743424,34852,727,8228,12,2
743424,34852,11556,4058,12,2
743427,64720,167297,9814,19,3
743587,62987,64917,4918,16,0
743617,46697,95209,5210,0,0
743873,52139,68969,8970,17,1
743905,30494,4654,9655,18,2
744032,29482,110765,3277,21,2
744064,54166,15716,3220,20,4
744103,34321,174616,7134,17,1
744422,50056,122991,8016,1,1
744455,68701,7415,4916,15,0
744802,67633,34990,7494,20,4
744807,39925,27473,7474,19,3
744928,61255,36807,1814,24,1
745124,46606,129805,7342,22,3
745312,65456,170044,2562,18,2
745636,36280,8293,5794,13,4
745701,19451,105006,7517,20,4
745733,32494,124854,2391,17,1
745796,25331,25975,8478,21,2
745797,37289,68557,3570,1,1
746179,58354,153178,5694,22,3
746304,22670,164962,4963,14,0
746432,28024,72163,2164,17,1
746788,27847,85509,8018,21,2
746818,66757,147702,2731,19,3
746880,57536,10832,5835,21,2
746947,56174,169892,4925,20,4
747142,40648,125109,2646,19,3
747143,70180,161359,3876,18,2
747559,69257,41309,3814,23,3
747651,22786,144028,1571,23,3
747684,31192,27464,4971,24,1
747684,31192,60792,3299,24,1
747745,28942,15754,3258,19,3
747750,43588,16309,1312,19,3
747872,46708,49144,4153,15,0
747940,66617,150631,8177,23,3
747972,25156,140201,5230,13,4
748357,41854,123599,8624,17,1
748641,48634,150462,8008,17,1
748801,70517,105788,5789,21,2
748807,38768,68136,5655,15,0
748932,37784,132763,7790,22,3
749061,24832,160425,5458,24,1
749286,50107,195208,5209,19,3
749344,65749,159705,4736,12,2
749346,37499,32587,5091,1,1
749477,74501,103712,3713,12,2
749507,30512,114560,4561,15,0
749574,66437,123520,6033,13,4
749671,34222,60387,5400,23,3
749700,43669,73954,3955,21,2
749728,59453,83231,3232,22,3
750016,54739,41972,9485,19,3
750179,27844,16115,3619,23,3
750400,56842,108362,8363,12,2
750528,64150,166713,6714,1,1
750693,45058,150777,5808,20,4
750944,51487,121897,9434,18,2
751302,54376,32230,4734,0,0
751587,29984,144727,7242,0,0
751744,19370,174655,9690,23,3
751937,26972,24921,4922,18,2
751968,46156,161849,9398,21,2
751974,34138,83710,6219,12,2
752034,51019,157600,2631,18,2
752065,56294,131592,4106,12,2
752165,48229,96850,9360,21,2
752195,40849,14917,4918,16,0
752644,55174,98626,8627,20,4
753027,47401,49734,7247,17,1
753088,57007,187434,9953,12,2
753124,70067,124154,6667,20,4
753126,59033,9020,9021,12,2
753184,19777,27217,7218,22,3
753221,64247,10950,8454,22,3
753319,23134,81266,8791,15,0
753319,23134,192108,9666,15,0
753410,27290,19292,9293,16,0
753569,18838,9048,6549,16,0
753606,44089,143049,3050,15,0
753606,44089,173756,8791,15,0
753700,61685,42381,9894,15,0
753797,64897,184754,9791,19,3
753798,54223,89818,9819,24,1
753953,26389,117003,2026,14,0
754081,44131,198475,8476,0,0
754432,58231,144348,1891,24,1
754433,58387,159687,2203,17,1
754528,19351,103426,5937,16,0
754630,56197,191521,1522,24,1
754658,74608,193021,5541,18,2
754754,60694,54065,9076,19,3
755139,29257,83396,3397,19,3
755330,71815,20595,5600,1,1
755364,21407,12196,4698,16,0
755394,39814,24786,4787,24,1
755457,52453,48624,3633,24,1
755620,33373,72996,2997,15,0
755655,52994,117373,2396,22,3
755776,60022,140617,3132,0,0
755809,56665,22008,9515,12,2
755908,45829,90032,7560,19,3
755939,63298,6790,1791,23,3
755939,63298,114187,1721,23,3
756164,74710,179361,6913,0,0
756259,74513,24150,9155,17,1
756324,28985,102153,7174,24,1
756483,37078,30195,5202,1,1
756484,65062,84261,6770,17,1
756484,65062,159731,7277,17,1
756548,30023,85125,2650,18,2
756741,48637,122517,7542,0,0
756768,70577,95859,5860,1,1
756833,62732,123092,8117,21,2
757094,27467,69376,9377,13,4
757220,64024,123126,5639,14,0
757479,43081,79908,4923,24,1
757762,63976,162210,4727,16,0
758017,57740,113190,8213,13,4
758084,27349,7398,4899,16,0
758085,22969,63021,5528,12,2
758085,22969,86693,9202,12,2
758688,38875,79616,4631,17,1
758788,35947,102056,4567,13,4
758980,60893,75677,5678,23,3
759142,30304,119656,4679,16,0
759492,55879,184750,2305,23,3
759622,65665,101117,3628,17,1
759684,51646,198736,6294,13,4
759783,50710,10344,5347,20,4
759905,45616,108551,8552,23,3
759909,62062,53886,8897,1,1
759971,33832,11383,3885,22,3
760099,21428,69260,6779,0,0
760289,24292,167911,7912,16,0
760320,31102,130228,5255,0,0
760354,69365,33194,5698,16,0
760356,36463,111497,6520,21,2
760418,19252,196142,6143,16,0
760455,61954,135696,8210,20,4
760455,61954,159147,6693,20,4
760455,61954,180612,5649,20,4
760486,64105,167439,7440,19,3
760611,66880,192443,7482,14,0
760678,74962,78053,3068,18,2
760704,65557,137294,9808,18,2
760900,49714,24369,1876,18,2
761089,68816,195119,7639,15,0
761092,41744,162154,9703,17,1
761094,63146,44573,7078,12,2
761124,68189,139189,6729,15,0
761568,64187,148146,8147,20,4
761604,22060,76489,1504,24,1
761638,27830,90821,5840,12,2
761728,41236,50638,5649,20,4
761728,41236,61524,6537,20,4
762080,73192,82264,4773,1,1
762082,31397,105741,3272,12,2
762402,56611,123295,3296,0,0
762432,58936,94356,4357,0,0
762561,68060,136971,9485,19,3
762656,72190,138833,1347,20,4
762752,59374,47798,7799,22,3
762752,59374,134492,7006,22,3
762851,53741,4700,2201,22,3
763173,46279,184822,2377,16,0
763329,29075,34233,6737,20,4
763333,36814,94853,4854,18,2
763360,32755,176310,8828,24,1
763488,41134,163798,6315,22,3
763525,41047,174427,6945,15,0
763559,42205,21725,9232,22,3
763559,42205,193947,6467,22,3
763939,70582,91173,3683,12,2
764422,51856,65786,3305,21,2
764423,26519,84962,4963,14,0
764451,27496,136721,9235,16,0
764773,67804,99679,2189,24,1
764900,46288,10493,2995,21,2
764994,64927,113632,3633,24,1
765056,48196,28038,5545,0,0
765153,68687,187767,2804,16,0
765158,36320,165465,5466,23,3
765346,64420,21929,1930,21,2
765446,21334,16765,6766,12,2
765446,21334,167222,9739,12,2
765536,32134,105893,8404,14,0
765539,30199,50347,5358,23,3
765859,55690,59554,4565,13,4
765988,38968,120647,8184,23,3
766338,61883,151986,9532,17,1
766726,36965,46358,6359,21,2
767040,29533,192718,5238,21,2
767552,22612,80193,2702,22,3
767585,25825,110957,5980,19,3
767587,34156,45676,5677,21,2
767655,63653,96038,8548,0,0
767682,41147,21955,6960,14,0
767783,35132,33859,3860,14,0
767939,65519,87895,2912,12,2
768033,53639,143075,5590,24,1
768064,1180,96949,6950,13,4
768294,73444,159790,9791,19,3
768388,35920,121730,4243,15,0
768515,37999,110502,8036,1,1
768548,48281,49805,7318,14,0
768609,43099,105406,7917,12,2
768839,69113,151495,1496,0,0
768870,22346,59358,1864,18,2
769286,24899,121405,6430,21,2
769381,72037,88215,3232,22,3
769542,58627,69026,1533,1,1
769700,35465,61382,3889,14,0
769732,73949,158182,8183,22,3
769735,34171,12159,7162,21,2
770021,60847,65349,7856,12,2
770054,28669,27066,9569,16,0
770563,66358,23625,6128,20,4
770563,66358,118923,1435,20,4
770753,55081,39665,4672,0,0
770754,67208,72613,5121,14,0
771111,46942,139485,7025,19,3
771175,37810,196467,1506,19,3
771268,34264,27222,9725,12,2
771271,61198,159474,9475,16,0
771424,45320,69849,2356,19,3
771457,42835,23556,8561,19,3
771558,43663,34410,9417,16,0
771968,48055,192944,5464,14,0
772257,73696,51709,9225,22,3
772257,73696,165981,8498,22,3
772770,62561,76424,3946,15,0
772928,36292,107922,5453,19,3
773089,41147,9079,9080,14,0
773216,21620,136510,4050,1,1
773505,58891,88521,3538,23,3
774342,1234,75584,8092,1,1
774369,22670,95302,2830,14,0
774690,55114,43041,3042,21,2
774945,62197,32402,2403,22,3
775105,57794,199801,2321,19,3
775330,57112,4772,7273,1,1
775527,68987,100429,5450,12,2
775555,68791,41666,9179,20,4
775878,42791,67390,4909,1,1
775878,42791,126877,1902,1,1
775942,45958,143896,3897,0,0
776103,32167,69897,4910,22,3
776293,21004,8375,3376,23,3
776579,61883,157085,4631,17,1
776610,47138,50702,8218,0,0
776837,19813,64369,4370,19,3
776932,65875,72524,7539,18,2
776963,64522,20332,2835,17,1
777157,27164,80079,2588,19,3
777189,62902,5722,8223,1,1
777251,36947,26829,9332,21,2
777254,32314,120433,7970,19,3
778022,53371,24987,4988,14,0
778087,25292,152548,5064,21,2
778180,54043,40960,5969,19,3
778563,54049,133298,3299,24,1
778563,54049,138223,3250,24,1
778784,44362,25457,7960,17,1
778784,44362,41938,9451,17,1
778849,36494,89835,7360,22,3
778882,24706,92444,2445,0,0
778979,74728,180714,8269,23,3
779107,25484,72392,4900,17,1
779430,41930,101468,8999,18,2
779489,64088,100237,5258,14,0
779648,18920,57392,7393,17,1
779877,49396,171758,4276,16,0
779908,64796,64889,7396,22,3
779974,1856,192994,2995,21,2
780005,39529,101545,9076,19,3
780103,42845,186269,8788,16,0
780130,34807,110111,5134,0,0
780227,35758,122229,9766,12,2
780227,35758,170484,5519,12,2
780228,65002,24112,4113,19,3
780290,1492,19382,1884,1,1
780323,27100,180685,8240,24,1
780676,64003,121293,6318,19,3
780677,44942,32783,5287,13,4
780677,44942,151863,9409,13,4
781061,19354,32138,7145,22,3
781155,19463,26367,1372,22,3
781189,69080,29748,9749,23,3
781318,46679,97842,2861,18,2
781538,51287,2720,7721,22,3
781603,35440,70882,8404,14,0
781606,45611,93488,8507,17,1
781667,57832,195433,5434,19,3
781827,57160,9347,1848,16,0
781984,36086,2310,4811,23,3
782277,20108,105795,8306,21,2
782535,46594,196970,4528,24,1
782786,32488,111681,4193,18,2
782915,62219,122422,2423,16,0
782981,25361,124847,7360,22,3
783104,40774,181312,1313,12,2
783200,20558,11187,6190,14,0
783298,36742,138943,6483,12,2
783332,28715,34868,7372,23,3
783395,27796,156352,3898,22,3
783427,31069,146183,6184,15,0
783459,68992,192679,5199,21,2
783589,65761,18007,3010,1,1
783589,65761,86685,4210,1,1
783589,65761,198554,8555,1,1
783621,63400,123926,8951,20,4
784225,23725,103639,6150,16,0
784256,64750,116922,9434,18,2
784322,38719,75918,3440,23,3
784512,48875,7202,9703,17,1
784610,38887,165732,3281,13,4
784704,59143,121747,9284,18,2
784736,65876,41932,6941,18,2
784743,54178,70956,5971,23,3
784774,68950,3742,3743,1,1
784900,42946,192484,5004,20,4
784930,59143,32966,2967,18,2
785024,29635,30011,7521,14,0
785090,31613,146316,1345,12,2
785251,34847,94681,9700,1,1
785312,60052,27991,7992,16,0
785379,1843,128485,3510,1,1
785478,57376,95768,8278,13,4
785633,67450,192196,9754,0,0
785634,61693,188221,3258,19,3
785824,28507,51628,4134,24,1
785857,35668,16295,6296,23,3
785862,54163,16867,1870,12,2
785954,67700,79351,9352,22,3
785988,38167,161873,4390,0,0
786211,32513,28924,6431,24,1
786529,68539,131532,1533,1,1
786562,60389,91831,1832,12,2
786663,56456,60869,5882,17,1
786786,51499,127238,2263,18,2
786914,41662,182304,7341,16,0
786948,39748,194396,4397,13,4
787776,45302,53694,3695,12,2
787780,47686,162161,4678,22,3
788129,40652,108207,3228,19,3
788513,57244,33782,1292,13,4
788736,70666,158152,5698,16,0
788739,66155,80726,3235,17,1
788896,67918,11154,8658,12,2
788966,38123,97410,9920,0,0
789026,69127,145284,2827,0,0
789031,34534,40874,3379,24,1
789251,46583,81639,1640,13,4
789382,48505,41266,1267,17,1
789702,49378,49075,9076,19,3
789702,49378,107516,5047,19,3
789735,30565,110717,3229,17,1
789795,72406,28976,1479,12,2
789825,26836,133186,3187,15,0
789891,36619,62734,2735,16,0
789956,63173,199380,1900,23,3
790436,55903,31495,3999,22,3
790470,20363,146560,6561,20,4
790663,19282,143874,6389,0,0
790818,51121,33755,6259,20,4
790820,39970,23824,8829,21,2
790951,54919,27313,9816,19,3
791236,57643,113282,8305,12,2
791331,68818,156770,4316,17,1
791333,31612,192249,9807,15,0
791424,64024,166691,6692,14,0
791586,68189,191638,1639,15,0
791841,67177,120747,5772,18,2
791942,64576,17605,2608,24,1
792166,56833,18830,1332,16,0
792418,45964,171479,6514,12,2
793058,57223,55519,8025,21,2
793314,48149,144299,1842,16,0
793440,65858,101897,6918,17,1
793440,65858,109354,9355,17,1
793447,53146,111813,6836,24,1
793634,56588,126649,1674,18,2
793670,22114,193412,3413,17,1
793830,49639,35862,3372,20,4
793925,22589,48916,6429,18,2
793984,36529,153743,3744,13,4
794018,57251,141685,6714,1,1
794433,24751,129472,1985,24,1
794470,53890,179037,9038,19,3
794629,73426,97715,2734,1,1
794689,19385,106549,9060,0,0
794977,48041,85032,5033,22,3
795104,36793,135021,5022,0,0
795108,32494,69652,4665,17,1
795361,69826,57378,4894,17,1
795650,62885,172002,9554,17,1
795655,73141,98258,5786,14,0
795846,29626,181584,9139,16,0
796005,22111,96187,3715,13,4
796225,30265,193442,5962,14,0
796323,26504,71167,3675,20,4
796353,40976,186834,1871,13,4
796579,44443,41579,9092,1,1
796613,64625,162240,7273,1,1
796709,54749,95738,5739,1,1
796835,27481,142565,7594,13,4
796864,27263,175008,7526,13,4
796901,71437,141017,8560,14,0
796967,70651,159320,6866,22,3
797056,40063,134653,4654,0,0
797062,56810,79524,9525,14,0
797092,56141,86861,1878,0,0
797665,68305,73402,8417,13,4
798118,67183,171788,6823,13,4
798438,37280,180193,5230,13,4
798501,67777,79039,6561,20,4
798659,35918,145372,2915,20,4
798885,62245,21052,3555,21,2
799271,46142,16362,6363,0,0
799428,53209,65775,8282,1,1
799489,33055,75327,2849,17,1
799491,44290,95352,7862,17,1
799815,21826,110634,5657,23,3
799874,39392,161881,6914,18,2
799876,32615,21886,4389,16,0
799939,25109,112572,7595,13,4
799941,21940,92302,4812,16,0
800003,29132,88202,3219,24,1
800096,63509,137799,7800,12,2
800387,31396,159805,9806,13,4
800418,28171,64529,2048,0,0
800423,70231,104148,4149,0,0
800678,22895,74493,2015,15,0
800738,49808,39515,9516,19,3
801060,72697,86007,6008,19,3
801153,23905,109445,4466,1,1
801153,23905,155881,8397,1,1
801287,56653,68226,3239,23,3
801828,58316,46546,6547,20,4
801890,68512,100886,8417,13,4
802022,62422,198884,1404,0,0
802054,25243,7513,5014,1,1
802247,58411,84618,2143,1,1
802311,23755,168827,6376,23,3
802368,68347,141970,4485,23,3
802624,53516,51541,4047,0,0
802624,53516,60381,5394,0,0
802785,43307,67755,2768,15,0
802848,50888,150272,2788,17,1
802882,38467,60343,7862,17,1
803014,70861,32120,9630,20,4
803042,36977,122254,9791,19,3
803202,64039,158491,8492,20,4
803298,52751,189046,4083,21,2
803301,52906,111546,6569,20,4
803555,19714,79755,2263,18,2
803940,27127,174903,4904,16,0
803943,56383,197204,9724,0,0
804102,74635,125548,5549,0,0
804608,65776,132053,9593,17,1
804800,49400,16801,4305,19,3
804803,46837,127517,7518,0,0
804964,28273,1931,1932,15,0
804998,1739,144979,4980,12,2
805250,70798,2313,2314,0,0
805383,21115,111190,6213,14,0
805476,43118,137012,2039,20,4
805633,24739,129425,4450,12,2
805985,72364,108111,3132,0,0
806149,29642,156543,1574,13,4
806401,50182,84079,9096,16,0
806407,71915,124933,2470,22,3
806466,73213,9136,1637,21,2
806560,35839,157334,2365,15,0
806754,66697,145130,5131,15,0
806819,23884,111346,6369,17,1
806887,74242,9988,9989,0,0
806887,74242,156805,1836,0,0
807043,57364,168403,8404,14,0
807079,74971,54971,4972,16,0
807203,48805,164734,9767,1,1
807746,49690,51561,9077,24,1
807878,33115,186407,8926,24,1
807911,59726,67190,2203,17,1
808034,53158,125370,7883,16,0
808288,54946,47121,2130,13,4
808288,54946,79983,9984,13,4
808324,64828,135451,2991,14,0
808449,71528,41069,8582,21,2
808485,19714,72487,7502,18,2
808583,62344,44737,7242,0,0
808609,49700,110892,8426,24,1
808613,64990,48248,5761,15,0
808740,68858,79123,4138,17,1
808898,51745,122628,7653,22,3
809159,39829,196262,3820,24,1
809447,43243,86963,9472,15,0
809700,48058,25550,8053,14,0
809921,54595,36534,9038,19,3
809952,50059,129288,9289,24,1
810055,72703,134904,7418,0,0
810086,73204,96363,6364,14,0
810247,44026,185710,5711,14,0
810336,59104,14715,4716,22,3
810433,54826,28773,6280,18,2
810500,61831,51785,1786,18,2
810500,61831,106655,6656,18,2
810502,45883,127124,9637,12,2
810625,37117,28544,3549,16,0
810628,36088,46551,9056,22,3
810628,36088,78008,3023,22,3
810657,72455,46626,6627,23,3
810657,72455,186461,6462,23,3
810790,33079,11067,3569,17,1
811011,70375,179751,4786,20,4
811300,72781,24836,4837,21,2
811303,61904,71338,1339,24,1
811425,21643,124013,6526,21,2
811526,43252,14381,9384,24,1
811527,25084,145988,8503,0,0
811745,37646,22090,9597,0,0
812039,58142,92057,2058,1,1
812165,65749,166062,3611,12,2
812517,33563,38324,5834,23,3
812579,24389,66501,9008,15,0
812679,21262,123871,1408,16,0
812742,64337,129306,4331,16,0
812804,37502,80125,7650,18,2
812896,49330,116568,1591,22,3
813062,38045,88996,4013,14,0
813159,67156,124693,2230,19,3
813249,69329,137384,4924,15,0
813413,54418,172229,2230,19,3
813826,52504,195534,8054,21,2
813828,60406,120683,5708,16,0
813891,20968,40956,3461,22,3
814022,66988,48150,8151,1,1
814022,66988,199291,1811,1,1
814179,36791,36845,1852,24,1
814181,62138,164609,2158,24,1
814595,62735,115152,7664,14,0
814692,31189,126649,1674,18,2
815046,19588,29010,9011,1,1
815460,55684,70722,8244,12,2
815719,21152,29578,4583,13,4
816007,40432,21768,6773,24,1
816355,73109,161453,3970,13,4
816355,73109,179902,9903,13,4
816359,43994,12168,7171,21,2
816359,43994,20017,2520,21,2
816359,43994,68925,1432,21,2
816743,33866,140015,5044,14,0
816996,27634,103978,1509,1,1
817510,63389,116053,3587,23,3
817573,49303,149888,2403,22,3
817606,19330,138572,6112,19,3
817729,45418,127824,7825,24,1
818336,52762,13076,8079,19,3
818499,20444,100228,2739,22,3
818529,64393,102535,5046,23,3
818529,64393,184370,9407,23,3
818726,27317,45758,5759,1,1
818919,74704,69226,1733,19,3
819168,60559,116117,8629,17,1
819171,55033,6761,4262,16,0
819200,1468,55354,5355,12,2
819424,37760,119606,9607,16,0
819493,47654,41835,1836,0,0
819681,49882,136993,9507,1,1
819686,41393,99641,9642,0,0
819745,44008,134553,7067,23,3
819874,61177,47370,9875,1,1
819874,61177,123226,5739,1,1
820001,27055,111602,6625,24,1
820292,67954,190550,8108,19,3
820326,61766,90317,2827,0,0
820420,25621,82572,2573,13,4
820644,26300,6390,6391,12,2
820928,73552,26545,9048,18,2
821029,64411,43381,3382,17,1
821281,64553,142801,5316,20,4
821410,70349,105086,5087,13,4
821537,50290,198581,6139,17,1
821605,44009,190086,5125,12,2
821730,55508,189684,4721,17,1
821760,57121,74322,6830,22,3
821861,60467,16640,9142,16,0
822049,73273,23793,8798,15,0
822405,74750,93182,3183,22,3
822566,47020,67857,5376,20,4
822567,31790,121450,8987,17,1
822821,58360,198707,6265,1,1
822914,74879,163784,3785,14,0
823015,71764,160036,2553,16,0
823457,61661,148448,5991,13,4
823622,56602,198972,1492,24,1
823845,66155,179483,4518,17,1
824034,39547,99899,2409,21,2
824098,57997,55681,8187,18,2
824102,26695,85934,3459,24,1
824256,27062,145137,7652,23,3
824391,25315,108556,6087,20,4
824485,32413,2334,7335,16,0
824519,20674,44205,1718,21,2
824519,20674,187169,7170,21,2
824610,33305,179454,7006,22,3
824705,65849,27917,2922,23,3
824736,61778,4216,4217,16,0
824736,61778,111226,3738,16,0
824743,45472,129628,4653,15,0
824800,54773,34179,1689,0,0
824934,68530,104928,9949,23,3
825026,50993,97058,2077,21,2
825152,52420,46479,1488,23,3
825217,33686,48450,5963,1,1
825217,33686,98298,8299,1,1
825348,39146,23823,8828,24,1
825441,62407,145841,5842,20,4
825442,61795,119761,2273,19,3
825633,58243,107215,9726,17,1
825633,58243,179852,7404,17,1
825856,62701,28932,1435,20,4
826656,33956,42422,2423,16,0
827204,68893,179099,6651,0,0
827397,33842,129934,2447,0,0
827521,35312,34775,7279,15,0
827554,70171,163509,3510,1,1
827717,29062,84788,4789,15,0
827749,64913,104729,4730,22,3
827781,19609,33642,3643,18,2
827840,72976,147447,4990,18,2
828134,70900,183429,3430,15,0
828196,20872,69401,4414,13,4
828225,42427,158898,3929,14,0
828294,42283,31117,8627,20,4
828615,44813,133417,3418,22,3
828678,27367,148466,3495,1,1
828961,30938,185754,5755,20,4
829024,71878,149113,9114,21,2
829154,24121,131154,3668,17,1
829380,22993,176660,1695,13,4
829542,51277,65497,3016,17,1
829570,31318,152525,2526,22,3
829604,67282,159514,7060,16,0
829762,38333,47038,2047,0,0
829859,68531,102221,2222,14,0
829895,30938,191982,7021,20,4
830022,50860,185630,8149,23,3
830116,52384,48037,8038,24,1
830404,72568,159652,2168,12,2
830406,64508,17177,9679,12,2
830533,34843,60118,5131,15,0
830656,73529,106595,4126,19,3
830887,74192,136289,8803,18,2
830919,51640,61297,6310,12,2
830947,24526,69716,2223,17,1
831301,49216,191252,3772,16,0
831527,21347,69506,7025,19,3
831527,21347,94461,4462,19,3
831527,21347,194531,4532,19,3
831749,52979,69086,9087,23,3
831941,31063,44770,2283,16,0
832005,62764,35861,8365,22,3
832135,46082,171318,1319,16,0
832292,71128,106715,6716,13,4
832834,56029,56084,6085,19,3
832838,65462,179420,6972,18,2
833314,59299,97794,7795,14,0
833445,72658,65707,5708,16,0
833540,74785,189382,9383,24,1
833667,31174,1720,9221,24,1
833798,67730,76746,9254,19,3
834052,39881,175004,5005,21,2
834085,69128,115174,7686,20,4
834087,50204,72373,4881,1,1
834087,50204,144781,9810,1,1
834244,43090,106453,3984,16,0
834338,37703,149511,4540,16,0
834565,53200,120616,8153,14,0
834691,19939,132204,7231,23,3
834788,39514,199352,6910,19,3
834848,28939,25319,2826,15,0
834915,57887,158764,1280,1,1
835075,32924,72191,4699,19,3
835075,32924,104458,9479,19,3
835396,58123,2241,2242,12,2
835717,73444,55170,5171,19,3
836192,46945,91879,1880,22,3
836258,56260,116359,1382,24,1
836260,29516,59732,7248,18,2
836292,32834,2525,5026,17,1
836550,21799,155206,5207,22,3
836643,70081,113187,5699,13,4
836741,32698,6026,6027,20,4
836837,41711,4650,4651,18,2
836929,29896,190840,5879,18,2
836931,67048,160645,8194,22,3
836935,55487,450,7951,18,2
837603,65713,66012,3531,15,0
837632,68650,13668,3669,23,3
837766,62620,127273,2298,0,0
837767,53029,36916,4426,13,4
837958,35029,76894,6895,18,2
838054,29132,55947,3463,24,1
838276,47062,32937,7944,17,1
838340,18913,123041,5554,17,1
838656,49306,199801,7359,21,2
838789,57475,12761,7764,17,1
838852,51910,86388,3913,23,3
839201,65507,34121,6625,24,1
839234,73087,57435,9941,18,2
839424,56641,21489,3992,20,4
839426,39796,95025,7535,23,3
839744,71893,64244,9257,17,1
839811,36592,152897,7928,0,0
839840,33086,103571,3572,13,4
839840,33086,119021,9022,13,4
839972,57115,31353,6360,15,0
840002,52498,17204,9706,14,0
840038,43078,189033,6588,1,1
840196,45442,21010,3513,22,3
840354,24289,28656,3661,1,1
840354,24289,73509,3510,1,1
840450,23909,49055,6568,17,1
840705,33508,31606,6613,14,0
840711,49246,130047,5074,17,1
840999,37228,134967,9994,16,0
841024,31579,2192,2193,19,3
841152,22921,6652,6653,12,2
841218,71029,156291,6292,23,3
841440,62314,199706,7264,16,0
841473,29512,39408,1912,15,0
841636,51812,61024,3531,15,0
841636,51812,89996,9997,15,0
841637,53117,61917,1918,1,1
842177,19834,48075,8076,13,4
842343,64042,22208,9715,21,2
842565,43252,161187,6220,24,1
842566,28558,48105,8106,13,4
842597,25558,172938,7973,19,3
842658,42827,68955,8956,22,3
842788,41431,54699,4700,19,3
842788,41431,182041,4560,19,3
842821,20579,72194,9716,18,2
843045,61669,64688,7195,23,3
843143,53162,194079,1637,21,2
843360,26128,159828,7374,24,1
843460,71626,181678,6715,19,3
843494,71623,103388,8409,0,0
843588,65312,9322,6823,13,4
843715,30172,141004,6033,13,4
843715,30172,168775,1292,13,4
843842,41617,27169,7170,21,2
844002,34790,29350,4355,16,0
844160,62621,160928,8477,15,0
844647,29780,66020,8527,20,4
844742,68602,74262,6770,17,1
844835,1381,146843,1872,22,3
844965,63632,116587,6588,1,1
844994,42628,2845,5346,22,3
845157,54778,64238,9251,17,1
845223,34598,176881,6882,22,3
845254,20194,13668,3669,23,3
845350,26522,34154,4155,18,2
845380,61606,126846,6847,13,4
845444,19565,30125,5132,1,1
845478,23231,29676,9677,17,1
845575,46396,7585,5086,12,2
845798,57748,195590,5591,24,1
845895,43843,171795,9347,15,0
845920,51781,6542,4043,13,4
846180,46807,114959,4960,22,3
846215,39767,11627,1628,14,0
846561,26806,67175,7176,0,0
846949,68480,60551,5564,1,1
847072,57038,70763,3271,14,0
847110,53515,8776,1277,0,0
847110,53515,79111,9112,0,0
847110,53515,199375,6933,0,0
847296,23752,153498,3499,16,0
847297,46025,157740,2771,13,4
847366,45037,1700,1701,15,0
847524,59222,168620,6169,14,0
847810,55630,76200,6201,14,0
847841,37901,70359,7881,16,0
848128,66358,114788,2322,20,4
848259,49939,86825,1842,16,0
848388,71231,123411,5924,18,2
848420,34204,75069,5070,13,4
848481,42016,128026,8027,24,1
848673,54671,155709,8225,0,0
849253,62249,127298,4835,23,3
849477,44539,157669,2700,15,0
849699,35932,116367,1390,20,4
849829,63508,66696,4215,0,0
850018,18775,174952,7470,19,3
850050,69322,9712,7213,21,2
850087,59053,82749,5258,14,0
850246,59155,125697,3234,20,4
850342,72178,7457,9958,21,2
850406,43283,142289,2290,18,2
850562,33913,121646,6671,1,1
850661,52240,154969,2515,1,1
850661,52240,159803,7349,1,1
850662,41293,83067,8084,13,4
850727,39553,91788,1789,20,4
850821,62575,95217,7727,0,0
851012,64558,175787,3339,0,0
851140,38266,125223,5224,17,1
851303,20617,198261,3300,13,4
851621,27589,123004,3005,1,1
851714,53890,29641,7148,19,3
851815,72593,59163,1669,16,0
851875,67279,46352,1361,15,0
852039,47651,51949,1950,17,1
852226,26099,12164,4666,18,2
852289,46507,36733,9237,12,2
852385,34810,135425,2965,19,3
852452,54119,119409,1921,22,3
852677,29534,34157,1667,22,3
852677,29534,162459,4976,22,3
853030,30781,181216,3735,20,4
853252,66502,30847,8357,16,0
853379,65183,121524,6549,16,0
853383,38251,58617,3628,17,1
853570,38962,149645,4674,15,0
853639,68671,110745,5768,16,0
853670,42490,140504,5533,16,0
853765,59366,190912,3432,18,2
853895,69094,150066,7612,17,1
853990,39857,78567,6089,17,1
854464,61949,20479,2982,1,1
854562,47392,36019,3529,0,0
854656,31226,148965,1480,23,3
854721,59938,158610,8611,15,0
854723,66299,17412,2415,14,0
855168,73237,74268,1790,15,0
855173,19838,190686,8244,12,2
855328,72710,56931,4447,0,0
855554,45380,59776,4787,24,1
855814,18983,153964,1510,14,0
855873,32008,89366,4383,23,3
855975,58984,174491,4492,22,3
856035,19409,39329,9330,0,0
856071,67714,127844,2869,20,4
856099,38921,81900,6917,13,4
856099,38921,164280,6797,13,4
856194,27661,68549,3562,16,0
856194,27661,101088,3599,16,0
856227,22244,95037,2565,16,0
856387,61291,161262,6295,19,3
856388,36431,91009,3519,20,4
856416,32575,47433,2442,19,3
856579,32923,8958,1459,24,1
856581,27946,76069,8577,14,0
856709,51601,162690,5207,22,3
856929,29072,124481,6994,19,3
856929,29072,162492,5009,19,3
857029,25121,133076,8103,16,0
857348,47707,137808,7809,16,0
857921,30845,85278,2803,1,1
857925,72617,18552,3555,21,2
858112,63463,122172,2173,14,0
858208,36244,139956,4983,12,2
858210,26726,79229,6751,18,2
858307,64880,1943,1944,20,4
858374,58703,104999,7510,1,1
858501,61150,86882,4407,1,1
858851,36311,94965,2493,1,1
858852,64093,22319,4822,17,1
859079,67219,122400,4913,21,2
859079,67219,165787,3336,21,2
859297,59555,151627,4143,19,3
859297,59555,177147,7148,19,3
859426,69335,125063,5064,21,2
859686,55693,185477,3032,16,0
860001,52310,186261,3816,1,1
860193,43117,97120,9630,20,4
860326,70582,124232,6745,12,2
860326,70582,157264,7265,12,2
860416,74335,3090,5591,24,1
860550,22972,137324,4864,24,1
860704,64717,5087,2588,19,3
860871,52811,146439,1468,23,3
860995,51949,61874,9393,16,0
861031,44492,170496,5531,23,3
861088,20893,39621,4628,15,0
861254,38893,96492,1511,20,4
861254,38893,112451,2452,20,4
861475,60427,126461,6462,23,3
861504,28585,123268,5781,18,2
861506,29155,144323,9352,22,3
861860,57521,73019,3020,19,3
861894,60596,111614,6637,23,3
862050,67451,5362,5363,15,0
862436,51241,127569,7570,19,3
862823,53905,21864,9371,16,0
862881,47788,152653,2654,17,1
863111,49430,36533,4043,13,4
863111,49430,172951,7986,13,4
863877,41716,192169,4689,12,2
864133,32245,3165,5666,12,2
864483,59060,121044,6069,12,2
864551,23857,140887,3402,0,0
864673,57253,173877,8912,17,1
864801,74932,89375,9376,24,1
864934,27965,71457,1458,24,1
864963,62519,71303,3811,13,4
865088,25754,51389,1390,20,4
865446,18952,142674,7703,24,1
865600,1264,159639,7185,16,0
865664,38059,193196,8235,21,2
865670,49579,112937,7960,17,1
865670,49579,161052,3569,17,1
865735,57977,177543,7544,16,0
865830,48952,31558,9068,0,0
865830,48952,183893,6412,0,0
866112,25649,100354,2865,22,3
866178,25078,92097,7116,20,4
866209,73483,49874,2379,17,1
866753,68176,163947,6464,14,0
866759,44632,80645,8170,19,3
866855,27386,180845,3364,16,0
866914,42373,71762,1763,18,2
867045,42550,128573,6110,12,2
867104,26155,46437,6438,18,2
867201,40630,100828,3339,0,0
867329,19609,122012,2013,18,2
867362,55792,186460,4015,13,4
867585,62294,21768,1769,13,4
867974,20698,189273,6828,19,3
868705,48737,74247,9262,16,0
868737,27913,44448,9457,22,3
868738,71204,2087,7088,17,1
868770,42029,127002,2027,13,4
868930,61492,66264,8771,19,3
869027,43213,128107,5644,1,1
869126,53765,11857,6860,0,0
869316,28001,137515,2542,22,3
869348,73931,129653,4678,22,3
869506,54544,168238,5787,23,3
869571,59723,44278,4279,22,3
870020,47626,24726,4727,16,0
870020,47626,81677,1678,16,0
870080,43741,115269,7781,15,0
870119,26317,8284,5785,14,0
870306,62609,37250,2257,23,3
870400,46598,112214,2215,21,2
870500,67205,103320,3321,1,1
871047,29536,177529,2564,0,0
871078,41288,6753,6754,14,0
871142,33724,112561,2562,18,2
871168,21796,173814,8849,23,3
871298,62182,8797,8798,15,0
871365,71977,149018,9019,14,0
871365,71977,167832,5381,14,0
871430,35717,59192,6708,16,0
871591,39578,91201,3711,14,0
871776,63274,105118,7629,24,1
871810,64738,6652,1653,17,1
872038,59813,136034,8548,0,0
872263,42437,129376,9377,13,4
872546,48803,90269,7797,13,4
872613,27403,166119,3668,17,1
872711,24316,128375,8376,20,4
872737,41014,38029,5539,17,1
872737,41014,157173,4719,17,1
872773,20960,196262,1301,21,2
872800,70240,83722,8739,20,4
873377,22507,100245,2756,17,1
873475,48332,20141,5146,23,3
873475,48332,128396,5933,23,3
873477,51722,86054,6055,0,0
873702,29482,27072,2077,21,2
873763,31150,122493,5006,1,1
873830,50770,24412,9417,16,0
874016,55018,58456,8457,16,0
874369,52760,167125,2158,24,1
874402,31681,106806,4337,14,0
874593,63721,156632,9148,1,1
874787,53902,119297,4320,23,3
875141,72269,7650,2651,18,2
875170,27910,137262,4802,12,2
875205,53809,16346,1349,22,3
875303,26132,173650,6168,17,1
875395,48686,73003,5511,16,0
875462,37612,5013,5014,1,1
875463,37684,94934,4935,16,0
875808,22966,141774,9317,18,2
876103,61402,189162,1681,12,2
876642,68606,156065,6066,23,3
876775,23222,52887,5393,15,0
876802,26617,6707,9208,1,1
876867,29026,49721,4730,22,3
877284,42757,166769,1802,13,4
877380,49921,105750,3281,13,4
877441,41197,68736,6255,18,2
877473,21613,136722,9236,13,4
877603,55124,133953,1493,0,0
877632,23101,191241,8799,24,1
878052,36163,82100,2101,18,2
878052,36163,143189,5704,18,2
878240,63442,97853,2872,24,1
878337,46750,121514,4027,12,2
878369,71290,49141,9142,16,0
878496,30689,184082,4083,21,2
878567,1537,60994,3501,15,0
878822,52603,152407,4923,24,1
878917,44005,115227,2761,18,2
879078,58346,45881,8386,21,2
879328,34486,109013,4034,24,1
879364,73363,150603,3119,1,1
879462,46685,109599,7130,24,1
879558,40849,87505,2522,16,0
879972,64193,14018,4019,14,0
880034,47539,160900,3417,23,3
880036,45767,71653,6668,14,0
880067,46054,118821,6355,19,3
880071,35879,80950,8475,15,0
880099,40757,996,5997,20,4
880102,35869,190798,5837,23,3
880196,70117,118844,3867,0,0
880230,57251,49155,1660,1,1
880579,58109,155762,5763,19,3
880864,1630,109812,9813,24,1
880902,50167,42651,7660,12,2
880963,27280,153855,6371,23,3
881061,20038,177705,7706,23,3
881280,43229,137685,7686,20,4
881505,22810,25120,7623,0,0
881666,67712,155697,8213,13,4
881856,60518,101485,9016,22,3
882017,35584,13791,8794,12,2
882021,55879,173612,3613,23,3
882179,35090,78391,5913,13,4
882340,55091,140014,2529,21,2
882369,73837,172559,5077,0,0
882786,24400,124017,9042,14,0
882915,28411,49870,7383,24,1
883012,39865,69908,2415,14,0
883138,20716,175784,5785,14,0
883204,27143,166691,4240,15,0
883335,69725,161906,6939,20,4
883744,19435,83745,6254,21,2
883779,65755,139153,6693,20,4
883908,28837,29634,2137,23,3
884003,26479,55096,2612,1,1
884033,43792,27692,5199,21,2
884068,53785,91979,9507,1,1
884260,71107,51164,8680,17,1
884320,58891,194825,9864,23,3
884322,59818,79936,9937,21,2
884580,36473,114970,9993,0,0
884805,61690,179745,2263,18,2
884932,69512,150992,6023,13,4
885124,22057,23971,1478,17,1
885188,43507,171844,9396,16,0
885569,44720,11576,6579,21,2
885633,62125,68622,6141,13,4
885639,47191,60431,7950,20,4
885893,36026,167818,2851,17,1
886017,35923,153190,8221,17,1
886022,21184,6057,6058,22,3
886112,22231,124798,4799,18,2
886117,60889,39828,2332,1,1
886183,64282,57426,2437,15,0
886213,28480,14723,4724,18,2
886469,49177,63936,8949,23,3
886469,49177,64183,6690,23,3
886469,49177,158830,6376,23,3
886566,38884,174830,4831,20,4
886752,54097,34650,4651,18,2
886849,36922,171567,1568,12,2
886849,36922,186481,6482,12,2
887015,30472,48249,5762,21,2
887076,53572,36356,1363,0,0
887079,30004,128057,3082,23,3
887297,26485,135746,3286,14,0
887520,69550,73502,6010,19,3
887814,31529,76410,8918,19,3
887911,71785,18019,5523,23,3
887939,60694,133420,5934,19,3
888135,59692,80696,3205,20,4
888166,31195,61372,3879,18,2
888166,31195,71145,8667,18,2
888229,40315,74519,9534,16,0
888485,33631,101942,1943,13,4
888514,37423,40393,2898,13,4
888613,42442,71011,3519,20,4
888771,57578,174666,9701,15,0
888805,74519,43454,3455,19,3
888805,74519,71244,3752,19,3
888898,22106,4709,7210,13,4
889252,74659,142588,2589,12,2
889315,61054,196538,9058,0,0
889376,41875,60481,5494,22,3
889477,74591,195658,5659,16,0
889479,32461,79089,6611,20,4
889571,29890,112942,2943,13,4
889632,25652,104565,9586,19,3
889665,62242,176,7677,21,2
889760,52762,186084,3639,19,3
889763,32345,57184,4700,19,3
889764,21497,127516,5053,15,0
889893,72949,91919,1920,0,0
890085,33541,189985,5022,0,0
890309,52217,9074,4075,22,3
890339,48679,12085,7088,17,1
890368,23068,15520,3024,19,3
890498,73759,102196,9727,20,4
890881,28918,123958,8983,19,3
890881,28918,148971,1486,19,3
890977,31174,10549,3051,24,1
891143,38852,141840,4355,16,0
891168,34150,77017,9525,14,0
891237,26917,189200,4237,16,0
891264,33094,41715,1716,21,2
892038,68321,119448,6982,19,3
892068,41590,49226,6739,22,3
892101,23998,73023,5531,23,3
892357,35132,154932,9963,14,0
892357,35132,186812,9331,14,0
892481,50756,40315,5324,1,1
892513,29765,112681,5193,20,4
892645,62113,15093,5094,0,0
893059,59834,22331,4834,1,1
893126,71819,164322,1871,13,4
893414,32095,6606,1607,21,2
893414,32095,14179,9182,21,2
893731,67811,72159,7174,24,1
893954,28942,164893,2442,19,3
894023,64109,54612,4613,23,3
894499,39697,129199,6736,19,3
894503,56944,15407,7909,20,4
894628,60472,107976,5507,22,3
894784,64612,190598,8156,14,0
894880,50296,52304,7315,22,3
894915,53170,99700,4719,17,1
895175,26407,166183,3732,17,1
895493,49342,79798,7320,18,2
896069,57745,179640,2158,24,1
896291,61871,150996,8542,24,1
896450,30482,68465,5984,13,4
896678,40829,55193,7699,1,1
896739,31861,117606,7607,0,0
896871,57797,114634,2168,12,2
896960,58997,114478,4479,12,2
896962,68092,184582,4583,13,4
896997,40762,72972,5480,24,1
896998,20648,135408,5409,22,3
897057,68326,123702,8727,22,3
897190,50473,172695,7730,19,3
897253,62575,21546,1547,0,0
897254,42032,11556,9060,0,0
897286,35084,34404,1914,13,4
897344,69898,94252,6762,13,4
897376,37600,107878,2899,1,1
897442,51193,114217,1751,23,3
897447,58789,153371,3372,20,4
897639,57575,75006,7514,17,1
897859,66197,90863,5882,17,1
898018,22783,138363,5903,12,2
898087,28997,178924,8925,1,1
898178,60497,14171,9174,13,4
898275,74755,41565,9078,19,3
898275,74755,123636,6149,19,3
898561,64123,12340,7343,23,3
898592,69097,165074,5075,15,0
898662,33815,156369,8885,14,0
898721,53257,1689,6690,23,3
898722,29189,111335,6358,15,0
898881,54901,33015,8022,18,2
898884,70582,93791,3792,12,2
898885,41617,51685,4191,21,2
898944,55768,104075,6586,22,3
898981,38585,110261,2773,14,0
899427,47032,133242,8269,23,3
899460,32351,10397,7901,13,4
899460,32351,30063,5070,13,4
899778,44956,80268,5285,13,4
899873,44443,87474,2491,1,1
900000,50287,19830,7334,21,2
900225,73792,22923,7928,0,0
900262,68755,154633,4634,24,1
900416,39673,75813,3335,20,4
900423,57818,76516,4038,14,0
900452,26717,22220,7225,0,0
900454,33712,49836,9837,16,0
900737,22801,12978,5480,24,1
900807,23021,172415,7450,19,3
900834,37918,35152,7656,20,4
900868,58115,103487,3488,22,3
901057,26416,80050,2559,12,2
901317,56815,24808,9813,24,1
901380,47566,125315,2852,19,3
901477,49286,116419,3953,18,2
901477,49286,182649,2650,18,2
901635,29123,142871,7900,12,2
901670,51211,174490,9525,14,0
901761,30220,150462,2978,20,4
901793,40048,85080,2605,15,0
901830,69379,179816,7368,14,0
901890,56320,118754,3777,20,4
901926,48509,21940,6945,15,0
901989,64229,84748,7257,23,3
902023,51847,29862,2365,15,0
902055,50546,199658,4697,21,2
902179,23717,39583,4590,22,3
902244,71722,6323,3824,0,0
902656,31801,124269,4270,13,4
902656,31801,164951,9984,13,4
902658,19672,85875,8384,15,0
902721,42295,158073,5619,20,4
902724,66521,97029,9539,21,2
902724,66521,180122,7677,21,2
902784,49795,32195,7202,14,0
902821,38206,148067,5610,22,3
902821,38206,169914,4947,22,3
902914,68453,2945,2946,0,0
902914,68453,159457,1973,0,0
902948,18790,92731,5241,0,0
903200,66241,160312,5345,16,0
903424,31498,99893,7421,19,3
903876,28592,96184,8694,17,1
903876,28592,110358,2870,17,1
903910,25948,14675,4676,14,0
904037,50293,114060,4061,19,3
904065,71230,56596,6597,0,0
904165,42371,179112,6664,13,4
904258,44179,68922,8923,19,3
904454,67681,58868,6384,20,4
904483,24895,63869,3870,23,3
904610,40766,103311,5822,22,3
904839,24583,195598,8118,22,3
905249,24790,87995,5520,22,3
905606,54991,111480,9014,0,0
905607,69230,44301,1814,24,1
905702,73562,23626,8631,17,1
905702,73562,167736,7737,17,1
905794,61360,171409,6444,17,1
905799,54286,171736,9288,21,2
905861,72664,42889,2890,15,0
905861,72664,195707,3265,15,0
906178,29641,19745,9746,15,0
906214,48241,68762,3775,14,0
906944,59378,105413,7924,13,4
906977,25084,75836,3358,0,0
907044,30446,37575,2582,24,1
907046,42667,171772,6807,16,0
907140,45313,2298,4799,18,2
907142,44477,11082,8586,12,2
907142,44477,153202,8233,12,2
907269,1196,79387,6909,20,4
907494,69190,39653,7163,22,3
907495,72952,150220,2736,18,2
907559,62942,166493,9010,22,3
907584,56698,127208,9721,20,4
907591,20368,42412,7421,19,3
907591,20368,114646,4647,19,3
908007,73967,82839,5348,12,2
908038,68804,51796,1797,15,0
908038,68804,184236,6755,15,0
908289,34525,178978,4013,14,0
908453,72217,109117,1628,14,0
908486,41308,197070,9590,15,0
908608,69886,184748,4749,22,3
908933,37939,57353,4869,15,0
909156,54593,18320,3323,19,3
909346,56272,197416,9936,16,0
909383,54046,192688,7727,0,0
909540,65416,177367,7368,14,0
909795,65359,79786,2294,22,3
909825,64271,4465,4466,1,1
909920,52301,84812,9829,24,1
909920,52301,131625,9165,24,1
909956,64897,33104,3105,19,3
910144,51442,156707,9223,1,1
910179,62644,101371,8902,23,3
910240,57463,153979,3980,23,3
910245,73489,103687,6198,16,0
910432,52517,122223,2224,13,4
910469,32890,193999,1557,18,2
910501,24202,108753,8754,20,4
910528,20731,37327,9831,19,3
910567,23707,109275,6806,16,0
910631,29108,80044,7569,16,0
910853,71146,91226,8754,20,4
911043,47188,80361,2870,17,1
911072,39562,93457,5967,21,2
911270,41338,62664,2665,17,1
911492,33413,65158,2677,21,2
911585,73612,93952,3953,18,2
911617,54877,28261,8262,18,2
911780,37684,99158,9159,16,0
911971,33361,167054,9571,17,1
911975,44294,115754,8266,12,2
912003,26719,120270,5295,17,1
912003,26719,169810,4843,17,1
912066,52523,123636,3637,16,0
912133,26360,146984,2013,18,2
912134,68315,14103,6605,0,0
912487,61255,13999,6501,24,1
912547,25162,30667,5674,17,1
912803,53870,25249,2756,17,1
913120,37915,173989,6507,22,3
913346,57253,55626,8132,17,1
913474,37396,82880,2881,15,0
913505,52417,132584,5098,1,1
913537,73459,187843,2880,1,1
913697,45148,34327,6831,15,0
914598,63701,46072,8577,14,0
914723,36754,181664,6701,14,0
914755,73063,19352,4355,16,0
914755,73063,36432,3942,16,0
914853,32677,156563,1594,23,3
915142,39266,27351,2356,19,3
915142,39266,149790,9791,19,3
915296,37208,142913,7942,18,2
915878,73570,131684,1685,16,0
915972,23540,171021,8573,1,1
916069,68278,31817,6824,20,4
916101,56056,71942,1943,13,4
916224,62681,6377,8878,19,3
916225,24200,4584,9585,19,3
916288,54013,26269,1274,20,4
916292,23863,69760,7279,15,0
916710,21827,123523,8548,0,0
917059,22237,54426,6932,0,0
917059,22237,76590,6591,0,0
917088,34204,103409,8430,13,4
917159,55216,65022,5023,13,4
917250,50644,186381,8900,20,4
917316,45691,198644,6202,13,4
917412,1516,150755,3271,14,0
917540,51625,22611,2612,1,1
917540,51625,38629,3636,1,1
917572,57694,69316,1823,1,1
917605,70126,78690,6212,22,3
917894,36898,167860,5409,22,3
917927,68894,191476,3996,21,2
918144,59659,182055,2056,20,4
918176,37553,124264,1801,13,4
918242,25564,182347,7384,24,1
918243,23125,73308,3309,12,2
918274,74161,37954,5464,14,0
918368,73087,71963,4471,18,2
918753,28048,23851,1358,16,0
918854,56636,69690,2197,16,0
918854,56636,129320,1833,16,0
918947,44329,172635,2636,14,0
918979,24103,56536,4052,14,0
919046,30850,79910,9911,0,0
919173,54724,169550,4583,13,4
919270,59897,33570,8577,14,0
919270,59897,61263,8782,14,0
919296,66199,48152,8153,14,0
919456,47104,98724,6252,13,4
919490,70340,38650,6160,16,0
919778,53515,182875,5394,0,0
919910,23726,149138,9139,16,0
919940,54635,77844,7845,21,2
919940,54635,121828,4341,21,2
920034,25363,159440,4471,18,2
920130,23293,195873,3431,22,3
920198,69055,101028,6049,1,1
920293,71215,15601,5602,12,2
920481,36016,112292,7315,22,3
920519,33953,100780,3291,22,3
920775,62861,117692,5226,23,3
920838,67546,93267,3268,18,2
920993,51376,127416,2441,15,0
921092,50563,59909,4920,19,3
921157,41896,178842,1360,1,1
921253,20495,5884,3385,15,0
921287,52529,83081,5590,24,1
921541,41956,155283,5284,15,0
921569,31646,136312,1339,24,1
922048,59971,63796,6303,21,2
922180,71000,148316,5859,22,3
922339,32089,74471,9486,17,1
922720,24905,149584,7127,20,4
922884,67826,75433,7941,24,1
922886,49496,49153,6666,22,3
922914,26416,68481,8482,12,2
922914,26416,151475,9021,12,2
922945,41632,11228,8732,24,1
922977,42761,158098,5644,1,1
923079,50725,15738,5739,1,1
923079,50725,152670,7701,1,1
923200,23278,73235,5743,21,2
923296,74384,195207,2765,0,0
923395,22633,93567,6077,24,1
923426,73387,92979,5489,0,0
923685,72976,26719,6720,18,2
923937,68587,80472,5489,0,0
924129,57577,131878,6905,12,2
924230,37384,83439,3440,23,3
924230,37384,90135,7663,23,3
924230,37384,154424,4425,23,3
924387,58384,183520,8557,17,1
924419,22792,150585,3101,20,4
924422,24280,40380,7893,22,3
924422,24280,59832,2338,22,3
924611,46489,46819,6820,12,2
924835,29779,36606,9110,16,0
925184,49813,169631,2148,24,1
925344,26806,113404,5916,0,0
925728,22279,105144,2675,19,3
925895,37354,96204,8714,22,3
926022,58145,86620,1637,21,2
926080,74875,78877,8878,19,3
926180,48208,83315,5824,19,3
926181,49906,175927,8445,15,0
926342,57992,104490,4491,23,3
926342,57992,177674,5226,23,3
926405,71002,44709,4710,19,3
926468,72386,13294,8297,14,0
926471,40736,72602,2603,17,1
926599,62005,21181,3684,23,3
926624,55778,123874,1411,14,0
926624,55778,187556,2593,14,0
926885,19862,158349,5895,18,2
927041,55765,44716,2229,22,3
927041,55765,157863,5409,22,3
927585,58897,185306,7825,24,1
927586,27682,34407,1917,16,0
927616,26242,86628,1645,13,4
927751,69658,46420,1429,21,2
927813,69869,141645,1646,23,3
928065,39943,96698,9208,1,1
928071,20335,156964,1995,18,2
928197,35890,189285,9286,18,2
928226,54581,47898,7899,15,0
928387,59912,82494,7511,20,4
928481,30859,155692,8208,18,2
928487,66662,138142,8143,12,2
928518,65915,39272,4279,22,3
928518,65915,131961,1962,22,3
928678,69556,186190,6191,14,0
928679,70619,17266,2269,20,4
928801,71512,119476,7010,22,3
928801,71512,133156,8183,22,3
928839,40375,26334,8837,22,3
928993,41371,55314,5315,24,1
929252,48070,97607,5135,22,3
929345,37132,6597,4098,15,0
929446,57620,33279,8286,1,1
929538,22567,122187,9724,0,0
929538,22567,142389,7418,0,0
929607,60190,126612,4149,0,0
929669,33538,184013,1568,12,2
929894,61412,5368,7869,14,0
930119,58016,31734,9244,1,1
930405,38356,113356,3357,17,1
930405,38356,135832,8346,17,1
930466,26941,82929,5438,16,0
930821,25729,10764,3266,20,4
930981,28672,15368,5369,0,0
931076,72910,152829,5345,16,0
931719,34094,51977,4483,17,1
931813,41554,115089,5090,24,1
931905,30827,136045,6046,16,0
932098,52757,11466,8970,17,1
932165,49378,127577,7578,19,3
932390,33082,38898,8899,16,0
932551,21148,100490,8021,1,1
932900,53992,80213,2722,19,3
932930,22279,95517,3045,19,3
933154,61558,117663,2686,1,1
933217,45008,91609,4119,16,0
933510,40516,86798,1815,19,3
933572,1243,5624,5625,14,0
933600,47873,34419,1929,22,3
933600,47873,177801,7802,22,3
933831,44942,6310,3811,13,4
933859,59902,23007,5510,24,1
933922,32420,120739,3252,17,1
934113,73202,188474,6029,1,1
934469,63038,13979,6481,15,0
934723,35651,11465,8969,18,2
934821,66559,121375,3888,12,2
934849,22972,54802,2318,24,1
934917,24904,65812,5813,15,0
935014,72862,133430,5944,1,1
935043,44725,69408,9409,13,4
935234,59053,133773,8800,14,0
936352,27373,117463,9975,17,1
936423,19588,37810,7811,1,1
936423,19588,71901,1902,1,1
936449,56137,15826,5827,22,3
936452,32461,20608,5613,20,4
936514,55238,161531,6564,15,0
936581,20416,147734,2763,13,4
936737,26140,158781,8782,14,0
936773,52540,169957,4990,18,2
936899,43324,128896,8897,1,1
937159,48454,110329,5352,13,4
937281,54301,45761,3274,24,1
937316,46025,169532,4565,13,4
937478,60058,168316,5865,23,3
937540,27865,51919,4425,23,3
937571,67510,150884,8430,13,4
937636,1870,170167,5202,1,1
937957,27169,51719,9235,16,0
937991,58673,161877,4394,16,0
938017,37772,24869,4870,16,0
938083,65732,193914,6434,16,0
938247,26677,181642,6679,0,0
938626,30590,71020,8542,24,1
938661,38245,120033,2546,20,4
938695,74338,70299,5314,1,1
939140,38080,99806,7334,21,2
939175,50584,11345,8849,23,3
939175,50584,183813,3814,23,3
939397,32201,186895,9414,0,0
939429,28138,126870,1895,21,2
939783,45155,123155,8180,20,4
939907,1255,25772,5773,14,0
940225,42619,98948,1458,24,1
940259,48487,108483,6014,16,0
940322,67180,90380,2890,15,0
940323,29260,13571,3572,13,4
940359,48293,82434,4943,0,0
940386,48773,198298,5856,15,0
940486,18907,111663,4175,0,0
940580,51430,107064,2085,12,2
940644,32689,175183,7701,1,1
940803,69676,137334,2361,17,1
940870,71977,113954,6466,14,0
940963,65881,115864,8376,20,4
941025,55550,159479,9480,14,0
941088,53896,9606,9607,16,0
941088,53896,191576,4096,16,0
941126,68746,119372,6906,1,1
941159,21001,36512,1519,16,0
941222,53411,62183,9702,17,1
941222,53411,130484,2998,17,1
941472,53089,92385,7404,17,1
941472,53089,98931,3950,17,1
941538,70991,105599,5600,1,1
941542,58936,52786,5292,0,0
941638,21928,169341,6890,14,0
941766,57748,66509,1522,24,1
941767,62723,180314,2833,15,0
941859,69973,13677,6179,12,2
942114,60266,29341,6848,18,2
942180,28735,40719,5728,18,2
942242,51113,137818,7819,22,3
942272,20668,8351,3352,19,3
942723,66929,49470,6983,14,0
942727,58435,148534,6077,24,1
943044,26794,194760,2318,24,1
943393,67484,6793,4294,24,1
943428,54832,68893,6412,0,0
943552,68818,36666,4176,17,1
943714,37120,110269,5292,0,0
943751,37237,161538,6571,18,2
944000,57710,47064,9569,16,0
944032,55015,94424,4425,23,3
944099,26344,20687,8194,22,3
944101,33694,27997,5504,16,0
944486,45337,188913,6468,22,3
944773,65581,6698,6699,23,3
944962,23356,2004,9505,19,3
944962,23356,73638,3639,19,3
945057,69889,153355,8386,21,2
945092,29842,97621,2640,12,2
945121,62524,125648,5649,20,4
945666,22529,172044,7079,16,0
945669,61901,48477,5990,23,3
945826,40084,24707,4708,24,1
945830,36200,64107,9120,12,2
945984,72082,18876,6380,16,0
946247,48436,179247,4282,1,1
946275,72664,2343,4844,15,0
946343,30070,87451,2468,22,3
946343,30070,176456,4008,22,3
946470,71402,22715,5218,18,2
946817,74866,133861,3862,21,2
946951,47749,5341,5342,1,1
947074,51455,154235,1781,14,0
947234,22057,81617,1618,17,1
947238,24991,3300,8301,20,4
947265,57008,40404,7917,12,2
947269,51298,90769,3279,18,2
947296,33832,30297,7807,22,3
947552,51877,7528,2529,21,2
947619,31336,178013,3048,20,4
947718,48812,138271,3298,23,3
947780,67811,26786,9289,24,1
947872,31178,117157,2180,15,0
947873,57887,97088,2107,1,1
948038,68090,175362,5363,15,0
948322,50956,153604,8635,24,1
948583,44999,60916,8435,22,3
948903,26276,20229,7736,1,1
948964,64553,124748,7261,20,4
948996,26440,42322,9835,20,4
949090,38491,90917,5936,22,3
949092,43621,54431,6937,16,0
949220,24688,97354,4882,21,2
949793,48829,161708,1709,15,0
949862,35749,35999,3509,24,1
949920,36115,38630,6140,0,0
949957,73825,123482,8507,17,1
950023,57991,16846,4350,1,1
950117,40103,26073,6074,23,3
950214,27526,128858,6395,12,2
950630,21355,115735,3269,22,3
951042,25738,181509,4028,13,4
951138,54602,91980,6999,20,4
951232,59977,91285,6304,0,0
951392,47737,48703,8704,21,2
951456,69257,168183,8184,23,3
951555,42691,108002,5533,16,0
951681,46544,186243,1280,1,1
951781,40678,144964,7479,23,3
952005,35485,40574,5583,20,4
952384,49177,94912,2440,23,3
952452,29347,31831,4335,23,3
952453,26275,116886,6887,18,2
952550,25237,105981,5982,23,3
952704,64696,133207,8234,20,4
952709,71422,34598,9605,22,3
952867,46697,50960,8476,0,0
953061,45449,38253,5763,19,3
953699,57553,67305,4824,12,2
954148,47395,108699,8700,24,1
954466,56717,17069,4573,1,1
954535,56725,28669,3674,14,0
954661,62515,170837,8389,17,1
954662,61168,136211,6212,22,3
954817,41258,48821,1326,0,0
954849,64483,143778,6293,18,2
955078,66160,33015,8022,18,2
955105,42940,93675,3676,13,4
955105,42940,144113,6628,13,4
955460,38491,83182,3183,22,3
955685,26711,5799,8300,1,1
955685,26711,56359,8865,1,1
955745,71237,131090,8630,1,1
955941,31817,132576,5090,24,1
956162,72335,111230,8764,18,2
956259,51796,179321,9322,22,3
956933,39931,120495,8032,16,0
957414,29125,71911,9433,18,2
957414,29125,109056,4077,18,2
957444,50125,2,7503,22,3
957445,42256,123527,8552,23,3
957508,71486,84165,9182,21,2
957543,42106,146540,1569,21,2
957699,45809,176435,8953,22,3
957762,1702,102967,2968,19,3
957827,58472,108510,8511,22,3
958051,37349,3883,8884,13,4
958055,42322,181344,6381,20,4
958215,74827,137364,2391,17,1
958304,19915,159996,5027,0,0
958464,36571,162074,2075,24,1
958724,26104,29948,9949,23,3
959075,59599,32450,9960,19,3
959106,41804,81069,6086,24,1
959174,26935,19077,1579,22,3
959462,72016,164439,9472,15,0
959553,61733,31953,1954,24,1
959556,34348,14565,2069,21,2
959618,33542,19651,7155,12,2
959715,53597,87432,2449,13,4
959877,23596,37831,2838,17,1
960033,57316,62218,9737,1,1
960069,34256,155121,2667,18,2
960096,20017,103270,3271,14,0
960101,44056,25134,5135,22,3
960162,40474,118644,3667,19,3
960835,68777,94074,9093,1,1
960835,68777,146316,3859,1,1
961024,38179,26765,9268,20,4
961063,47011,163869,8902,23,3
961283,41875,38176,3183,22,3
961287,27851,112054,2055,22,3
961317,30659,107360,4891,12,2
961541,51649,112309,9843,13,4
961989,41491,72139,4647,19,3
962115,34292,195788,5789,21,2
962144,23263,117069,4603,23,3
962276,50924,94189,6699,23,3
962307,73300,66091,8598,14,0
962341,67730,87909,5434,19,3
962437,62788,14874,2378,16,0
962625,70171,12274,9778,1,1
962625,70171,102292,4803,1,1
962784,22499,77429,7430,24,1
962790,65731,76706,9214,24,1
962823,41443,178092,3127,24,1
962881,41467,77246,2261,21,2
963111,34727,136268,8782,14,0
963271,27094,103548,3549,16,0
963461,48731,145159,5160,15,0
963526,21515,9297,1798,15,0
963716,31190,187121,4676,14,0
963718,31343,79967,9968,17,1
963781,54472,97394,7395,12,2
963905,56401,98638,8639,17,1
963970,23846,56533,1544,1,1
964134,24355,6103,6104,15,0
964134,24355,47898,7899,15,0
964229,19540,91827,9355,17,1
964289,28006,192775,5295,17,1
964293,67160,22826,2827,0,0
964417,49265,93900,6410,22,3
964992,54833,66532,9039,1,1
964997,22082,95260,2788,17,1
965157,63121,107681,5212,0,0
965222,34742,109410,6941,18,2
965286,42064,43788,8797,22,3
965856,59965,42242,4747,24,1
965952,67078,196739,1778,19,3
965984,36775,108781,1292,13,4
965986,66082,153416,5932,17,1
966017,23489,170474,8026,19,3
966083,39518,29865,4870,16,0
966182,72943,2985,7986,13,4
966435,25429,146381,8896,18,2
966595,21493,26151,3658,15,0
966628,31946,125858,5859,22,3
966629,54989,159423,6969,18,2
966753,65059,131965,6992,18,2
966791,39416,44852,9861,20,4
966791,39416,100723,3234,20,4
966852,63001,59623,7139,0,0
967074,73105,136093,8607,22,3
967077,51673,74054,9069,17,1
967138,21979,10359,2861,18,2
967141,30139,53928,8939,21,2
967173,72275,20198,5203,1,1
967200,64528,1561,1562,14,0
967268,42094,6361,3862,21,2
967493,28367,206,2707,20,4
967493,28367,171904,6939,20,4
967552,37289,58993,4004,1,1
967554,47317,160310,2827,0,0
967843,62461,27743,5250,23,3
967845,52145,53348,8359,0,0
967873,65066,2269,2270,21,2
967969,50659,162653,5170,17,1
967970,20567,21504,4007,21,2
968000,66391,105597,3128,24,1
968614,1295,73206,3207,24,1
968640,67796,179282,4317,19,3
968641,39179,51049,3555,21,2
968647,72862,118353,5887,1,1
968709,57632,175315,7833,16,0
968770,45787,81461,3970,13,4
968864,22648,168824,3857,17,1
968930,40306,111788,1789,20,4
969317,51034,160360,7909,20,4
969344,46783,21414,1415,16,0
969441,60500,15117,5118,1,1
969799,54019,151349,1350,13,4
969856,66961,83045,3046,17,1
970214,49093,801,5802,16,0
970275,39649,165481,3030,21,2
970403,26590,175560,3112,23,3
970437,66928,106547,1568,12,2
970464,25210,163648,8681,17,1
970629,24191,86430,8939,21,2
970630,67528,170989,8541,16,0
970727,59488,26564,6565,24,1
970851,22079,118047,5581,24,1
971011,51946,157243,9759,1,1
971011,51946,161359,1360,1,1
971396,59698,142313,7342,22,3
971520,24973,133952,3953,18,2
971744,31897,101836,1837,24,1
971810,23101,143197,5712,24,1
971941,54061,130,5131,15,0
972099,42022,146446,8961,24,1
972135,53383,91720,1721,23,3
972194,39629,166008,8525,12,2
972419,61271,132028,9568,23,3
972448,26285,156742,1773,19,3
972676,49529,26612,4119,16,0
972709,57280,123628,3629,18,2
972742,21256,116379,6380,16,0
972800,54187,99722,4741,24,1
973025,1360,106645,6646,19,3
973026,26321,142573,2574,17,1
973190,56915,124608,4609,17,1
973315,51074,184017,6536,22,3
973633,26023,90980,5999,0,0
973920,55691,25989,3496,14,0
974054,36239,114702,9725,12,2
974084,50306,12650,2651,18,2
974144,28870,192337,9895,18,2
974246,39814,90789,3299,24,1
974246,39814,157589,7590,24,1
974532,62203,168739,3772,16,0
974562,24062,13287,8290,21,2
974562,24062,62434,2435,21,2
974919,66973,48382,5895,18,2
975014,60202,182873,2874,23,3
975138,70379,59935,9936,16,0
975363,44734,16954,9456,23,3
975364,38278,162683,7716,13,4
975457,35027,62608,7621,21,2
975844,66568,30391,7901,13,4
975874,29302,134271,6785,21,2
976033,21607,148205,3234,20,4
976455,35234,8598,3599,16,0
976455,35234,35453,5454,16,0
976544,66772,198102,3141,15,0
976550,21445,36642,6643,13,4
976609,38221,132310,9850,20,4
976676,59107,186043,3598,0,0
976711,33901,36514,9018,18,2
977026,47698,92298,2299,14,0
977412,37654,185446,3001,24,1
977697,41731,68002,5521,1,1
977952,48196,81881,4390,0,0
977952,48196,159942,7488,0,0
977990,38447,55171,7677,21,2
978149,56989,4574,2075,24,1
978180,62554,2055,4556,19,3
978368,55825,176620,4172,13,4
978373,70330,171510,4028,13,4
978403,52366,87969,7970,19,3
978404,57994,95694,5695,18,2
978439,63304,105033,7544,16,0
978469,72904,139046,6586,22,3
978502,36481,56009,6010,19,3
978594,49802,163426,3427,23,3
978625,68296,132038,2039,20,4
978657,27010,63508,3509,24,1
978692,25457,55956,5957,12,2
978693,41593,91868,1869,21,2
978855,73363,159167,4198,1,1
978855,73363,187759,5314,1,1
978887,66175,170035,5070,13,4
978978,53624,87651,2668,21,2
979363,65045,75061,7569,16,0
979363,65045,187733,5288,16,0
979458,74764,184745,7264,16,0
979651,70984,35776,3286,14,0
979682,21424,146708,4251,16,0
979974,35404,185757,3312,13,4
980132,53557,83106,5615,24,1
980612,22588,36165,8669,20,4
980642,43823,65858,5859,22,3
980642,43823,67542,2555,22,3
980646,47350,186824,6825,20,4
980999,54455,108029,8030,20,4
981126,41891,83478,3479,15,0
981188,72253,70120,5135,22,3
981573,52789,196803,6804,19,3
981607,39080,56688,6689,14,0
981634,51136,8918,1419,22,3
981703,30752,13271,8274,18,2
981733,35776,97469,7470,19,3
981952,40849,75714,3236,16,0
981952,40849,134390,9417,16,0
982816,19585,3980,1481,21,2
983046,61954,125996,5997,20,4
983079,21352,112285,9819,24,1
983110,41950,49683,2188,17,1
983171,36328,133176,8203,19,3
983264,54392,139003,9004,18,2
983525,46847,1885,9386,13,4
983552,43576,21284,6289,12,2
983842,68159,7129,9630,20,4
983939,47087,144908,2451,16,0
984006,61138,84343,4344,1,1
984038,42013,163581,6098,17,1
984070,65449,193466,5986,13,4
984102,40103,186636,6637,23,3
984358,50779,47,7548,23,3
984481,55748,95519,5520,22,3
984517,24350,57971,5487,17,1
984580,62035,161774,1775,12,2
984711,26630,34569,4570,18,2
984711,26630,122860,2861,18,2
984999,61373,118618,6152,13,4
985155,65200,136688,9202,12,2
985248,31180,47544,2553,16,0
985254,64387,9992,2493,1,1
985255,26678,17941,2944,24,1
985348,35926,160665,3182,22,3
985349,43018,20872,5877,13,4
985632,59641,5314,7815,12,2
985632,59641,105151,2682,12,2
985799,52384,49383,9384,24,1
986182,63889,66468,1481,21,2
986563,49424,100042,2553,16,0
987171,41998,195254,5255,0,0
987362,70264,154744,2290,18,2
987425,61657,140450,7993,0,0
987526,59120,161240,3757,23,3
987621,33169,20113,5118,1,1
987621,33169,36349,3859,1,1
987939,67549,145057,5058,17,1
988002,42238,137063,2090,13,4
988003,71294,106424,8935,22,3
988004,34130,76651,9159,16,0
988007,52108,77097,9605,22,3
988133,22582,129439,1952,13,4
988259,53860,21100,8607,22,3
988322,44927,99097,9098,18,2
988358,44161,170889,5924,18,2
988643,22576,138157,5697,20,4
988678,56662,135144,2684,20,4
988771,70085,110007,7541,22,3
988865,32518,103847,6358,15,0
988896,54188,29195,1698,0,0
988967,41365,19563,9564,20,4
989412,74744,168393,5942,22,3
989607,68731,105021,5022,0,0
989638,22010,25534,8037,1,1
989796,35656,15294,5295,17,1
989799,20564,65634,5635,16,0
989894,44063,107959,7960,17,1
989959,23930,177716,5268,18,2
990209,60100,42059,2060,16,0
990277,26780,92433,2434,15,0
990404,41866,62451,7464,0,0
990626,53194,190785,5824,19,3
990657,55105,101641,1642,14,0
990724,56825,56787,9293,16,0
990854,40358,114736,7248,18,2
990947,43054,40383,2888,21,2
990982,49429,181217,6254,21,2
991075,71653,22406,9913,0,0
991235,59341,31579,6586,22,3
991333,46285,180718,8273,17,1
991521,22882,22171,4674,15,0
991718,55987,141605,4120,0,0
991875,54446,159023,6569,20,4
991940,29713,158957,3988,24,1
991970,25108,178823,1341,22,3
992037,30331,13019,5521,1,1
992227,28807,92391,7410,15,0
992227,28807,109007,9008,15,0
992289,45058,101481,3992,20,4
992323,21547,33969,1479,12,2
992323,21547,163689,3690,12,2
992513,37402,77756,2771,13,4
993127,55628,147696,5239,19,3
993346,68302,39843,9844,15,0
993506,52469,35474,5475,13,4
993542,43514,58488,3499,16,0
994053,21781,26064,8567,19,3
994054,61501,8705,6206,13,4
994215,19183,55534,5535,14,0
994402,27100,145614,5615,24,1
994499,54688,105511,3042,21,2
994849,45428,44966,9975,17,1
995012,43645,174361,1913,16,0
995042,37855,100780,3291,22,3
995171,49108,53848,1364,14,0
995172,37502,11594,9098,18,2
995296,21685,6905,6906,1,1
995463,23032,93153,3154,0,0
995622,26017,6285,3786,0,0
995777,28313,69682,7201,16,0
995875,34285,143046,8075,14,0
995905,52996,69525,4538,12,2
995974,31612,33652,8659,15,0
996069,20938,61188,3695,12,2
996225,64420,149562,2077,21,2
996288,53590,94739,9758,20,4
996326,37510,73268,8283,20,4
996357,48313,196748,9268,20,4
996486,46088,40580,8093,19,3
996519,26317,193266,5786,14,0
996578,45784,48970,1475,17,1
996711,21323,91450,1451,16,0
996743,41272,89141,4158,19,3
996805,48310,167835,2868,16,0
997286,30571,121770,1771,1,1
997377,41021,98031,5559,22,3
997445,21157,8312,8313,19,3
997508,45431,134222,9249,22,3
997665,70832,70924,8446,19,3
997765,25735,171785,9337,20,4
997767,50890,5837,3338,12,2
997956,73376,92454,4964,0,0
998308,25880,55178,7684,0,0
998336,49795,2172,9673,14,0
998500,67690,79807,4822,17,1
998625,45451,163980,9013,19,3
998726,71617,80585,3094,21,2
998852,68824,83013,5522,17,1
999077,35851,16012,3516,17,1
999171,25694,184275,9312,1,1
999201,67895,49545,9546,13,4
999520,40975,11087,8591,0,0
999559,34481,63061,8074,15,0
999845,74635,193095,3096,0,0
1000132,55595,96436,6437,23,3
1000262,68902,78835,1343,24,1
1000262,68902,113125,3126,24,1
1000359,53086,148742,6285,16,0
1000576,31744,50760,8276,19,3
1000640,33556,156871,9387,18,2
1000679,52075,100358,7889,20,4
1000932,33190,87394,2411,16,0
1001060,55412,178766,1284,16,0
1001189,74540,144260,9289,24,1
1001603,19409,21412,6417,0,0
1001669,49744,58963,6479,12,2
1001701,33032,197416,7417,20,4
1001794,73061,67675,5194,20,4
1001829,70384,152015,9561,20,4
1002337,47392,37216,7217,0,0
1002978,29560,53026,8037,1,1
1003043,1639,25012,2519,1,1
1003078,66100,108185,8186,13,4
1003363,61669,14753,2257,23,3
1003620,45895,199381,6939,20,4
1003813,34442,22007,7012,23,3
1003936,41099,2092,2093,19,3
1004036,66601,17054,7055,15,0
1004131,45313,156500,4046,18,2
1004164,33388,137345,9859,24,1
1004613,41599,12102,2103,24,1
1004741,73054,149663,9664,0,0
1004742,39362,2694,7695,24,1
1004742,39362,120069,2582,24,1
1004903,25841,91494,9022,13,4
1004929,71030,140193,7736,1,1
1004966,43657,190027,7585,24,1
1005027,42862,139098,6638,0,0
1005318,51034,197557,2596,20,4
1005894,20819,27664,5171,19,3
1005952,74038,154669,9700,1,1
1006244,48104,164407,4408,22,3
1006693,19094,155854,3400,19,3
1006791,34714,51796,6807,16,0
1006817,30752,155813,5814,18,2
1006914,21433,91199,8727,22,3
1007237,45941,24550,9555,16,0
1007271,48614,137992,5532,1,1
1007462,21748,121571,9108,16,0
1007493,63547,149497,7040,16,0
1007556,31396,177500,7501,13,4
1007809,25894,199269,1789,20,4
1007907,29530,49702,2207,17,1
1007907,29530,162222,2223,17,1
1008161,23401,127383,2408,15,0
1008357,34021,61285,8804,13,4
1008357,34021,123916,3917,13,4
1008419,33919,197574,5132,1,1
1008421,54889,66267,3786,0,0
1008481,68050,47313,9818,0,0
1008673,25331,145106,7621,21,2
1008736,35203,47278,4791,21,2
1008768,25084,63503,3504,0,0
1008769,58346,92654,2655,21,2
1008865,42187,130785,3299,24,1
1008965,33305,34940,4941,22,3
1009126,48109,64706,4707,13,4
1009153,49654,93926,3927,23,3
1009283,74468,195900,8420,17,1
1009634,46496,64934,7441,20,4
1009696,39955,148379,8380,1,1
1009730,63988,61340,8859,19,3
1009765,40933,179656,9657,18,2
1010023,72346,82400,2401,13,4
1010023,72346,100579,8110,13,4
1010083,27778,84224,9241,22,3
1010308,38002,345,5346,22,3
1010400,32797,127935,7936,13,4
1010597,58612,20143,7650,18,2
1010597,58612,117881,2904,18,2
1010720,1279,75365,2887,14,0
1010753,50914,69099,9100,0,0
1010790,32449,100669,3180,0,0
1010880,47350,124785,2322,20,4
1010912,37450,31254,8764,18,2
1010950,44470,99618,9619,21,2
1011012,54821,196499,4057,17,1
1011173,69572,123319,5832,18,2
1011174,41329,180608,5645,22,3
1011267,22019,101824,9355,17,1
1011459,28918,14325,1829,19,3
1011461,59311,70268,7790,22,3
1011808,74932,157462,7463,24,1
1011847,64426,116839,9351,19,3
1011910,27374,95127,5128,16,0
1012101,52945,61661,9180,23,3
1012161,63862,124622,9647,20,4
1012513,27377,57072,9578,14,0
1012516,22123,194442,4443,12,2
1012579,50576,31666,6673,13,4
1012838,54898,167065,2098,18,2
1013024,70085,154959,4960,22,3
1013024,70085,157825,5371,22,3
1013059,61316,29703,4708,24,1
1013152,26224,38492,3499,16,0
1013159,37673,196044,3602,19,3
1013382,74473,123013,8038,24,1
1013507,50261,20004,7511,20,4
1014084,20141,40224,7737,17,1
1014116,54016,42645,7654,18,2
1014310,47146,13043,8046,0,0
1014503,73415,87192,4717,21,2
1014561,54455,178061,5613,20,4
1014725,64189,12130,9634,14,0
1014752,41977,76646,4168,16,0
1014757,54754,84081,9098,18,2
1014757,54754,97656,5184,18,2
1014853,30184,117405,2428,13,4
1014853,30184,139710,2224,13,4
1015012,51829,105151,2682,12,2
1015170,39749,152061,7092,22,3
1015298,48866,35829,8333,20,4
1015303,59927,121734,9271,16,0
1015522,35449,161277,3794,23,3
1015586,57344,142492,5007,12,2
1015681,61483,89329,1838,24,1
1015874,44695,192345,4865,14,0
1016323,49618,9978,9979,0,0
1016487,55868,144076,1619,23,3
1016515,56548,107241,7242,0,0
1017381,45184,52566,7577,13,4
1017539,20111,181535,9090,19,3
1017570,31219,51411,8927,0,0
1017570,31219,192084,9642,0,0
1017636,46798,167326,7327,12,2
1017698,62620,51596,1597,0,0
1017858,50876,47042,7043,23,3
1017859,61208,66576,1589,17,1
1018086,24166,102889,2890,15,0
1018117,54788,27488,9991,13,4
1018336,22486,117989,5523,23,3
1018502,26485,91952,9480,14,0
1018688,37102,151640,1641,17,1
1018722,64891,76251,8759,22,3
1018822,53698,118049,5583,20,4
1019073,27373,10000,1,17,1
1019172,32423,95848,3376,23,3
1019297,31352,82359,7376,17,1
1019297,31352,195818,5819,17,1
1019299,49063,142114,9657,18,2
1019361,50558,191827,6866,22,3
1019426,38149,83813,3814,23,3
1019428,60167,107093,2114,18,2
1019493,64582,77984,7985,16,0
1019552,52505,70662,8184,23,3
1019589,27796,11103,8607,22,3
1019652,46396,181284,8839,12,2
1019713,44942,177398,9916,13,4
1019746,65038,108159,3180,0,0
1020036,69466,29370,4375,21,2
1020352,31978,46017,8522,22,3
1020417,39130,199040,9041,0,0
1020580,51043,39501,9502,0,0
1020609,43438,190940,8498,22,3
1020645,70555,172891,5409,22,3
1021540,31951,130506,3020,19,3
1021764,21217,160370,7919,15,0
1021794,55882,88027,3044,15,0
1021988,37564,97782,5310,16,0
1022151,48149,153637,8668,16,0
1022151,48149,169715,7264,16,0
1022211,28885,58948,3959,14,0
1022532,54851,119091,9092,1,1
1022657,65836,28157,8158,24,1
1022691,60442,169272,6821,14,0
1022692,34825,197568,7569,16,0
1022722,44710,78716,8717,22,3
1022758,30313,29943,7450,19,3
1022758,30313,36928,4438,19,3
1023046,52664,119475,1987,12,2
1023299,38278,73748,6256,13,4
1023429,33475,119954,9955,16,0
1024035,58420,177430,2465,15,0
1024295,69310,192395,2396,22,3
1024359,29461,56100,6101,1,1
1024516,40862,10658,5661,21,2
1024577,54092,126780,1805,19,3
1024580,20309,144778,9807,15,0
1024738,43711,60885,5898,15,0
1024775,59488,13999,4000,24,1
1024930,38159,121618,9155,17,1
1025063,64666,197417,2456,15,0
1025092,73388,104300,9321,13,4
1025281,45959,177088,7089,12,2
1025282,68440,14872,9875,1,1
1025730,27349,37568,7569,16,0
1025920,23660,66223,3742,14,0
1025923,63985,109720,7251,22,3
1025952,25490,173347,3348,15,0
1026373,59701,32223,4727,16,0
1026596,34708,8283,3284,12,2
1026598,58874,29714,4719,17,1
1026982,53282,91139,8667,18,2
1027073,70219,99721,9722,15,0
1027296,37600,38203,3210,1,1
1027397,33637,163261,3262,20,4
1027685,67958,164030,4031,23,3
1027813,70198,86778,6779,0,0
1027840,62822,147715,5258,14,0
1027971,74080,104019,4020,19,3
1028002,53950,163576,8609,14,0
1028135,43720,70176,7698,1,1
1028258,56513,107591,2612,1,1
1028448,65665,173903,3904,17,1
1028482,73627,92046,7065,15,0
1028549,73199,117046,4580,0,0
1028675,69688,192981,5501,12,2
1029093,39133,74748,9763,14,0
1029152,39001,79837,7359,21,2
1029223,64534,59770,9771,24,1
1029223,64534,102288,9819,24,1
1029313,30439,37467,2474,0,0
1029313,30439,81362,1363,0,0
1029477,59054,35858,5859,22,3
1029510,31501,147168,9683,16,0
1029635,69242,98020,8021,1,1
1029764,71104,110221,2733,1,1
1029827,44161,166847,6848,18,2
1029856,47525,84874,2399,15,0
1029987,50996,132180,4694,16,0
1030304,40616,106548,4079,16,0
1030311,67841,29114,9115,23,3
1030626,1834,80869,3378,24,1
1030691,65548,147276,9791,19,3
1030784,74771,25108,2615,20,4
1030854,35437,125981,3518,17,1
1031268,34210,154149,9180,23,3
1031332,58981,39320,1824,13,4
1031361,41258,130083,7623,0,0
1031365,53098,27010,7011,16,0
1031365,53098,76754,4276,16,0
1031367,53995,94183,9202,12,2
1032098,33062,127210,9723,13,4
1032160,49148,47559,5072,19,3
1032257,49759,138750,6290,21,2
1032449,44824,36915,6916,24,1
1032451,71150,107721,2742,18,2
1032609,43243,40502,3007,15,0
1032609,43243,83782,3783,15,0
1032708,74330,114211,9234,22,3
1032774,54205,82556,2557,19,3
1032996,70861,106616,6617,20,4
1033474,51169,84548,9565,23,3
1033542,24875,31279,1280,1,1
1033926,74974,134247,9274,23,3
1033927,72143,98985,8986,23,3
1033987,31405,165339,7856,12,2
1034054,65776,1958,1959,17,1
1034145,68506,27654,2659,17,1
1034881,60034,47878,2887,14,0
1034977,1697,102184,4695,24,1
1035043,43538,6102,8603,22,3
1035266,62747,26728,1733,19,3
1035655,31946,87982,5507,22,3
1035655,31946,111896,4408,22,3
1035781,1378,70342,7864,17,1
1035938,46525,93320,8339,21,2
1036065,55708,51702,9218,16,0
1036289,59164,16808,9310,22,3
1036291,40474,54910,2426,19,3
1036579,58384,178194,3229,17,1
1036673,49604,137411,2438,16,0
1036993,58387,139305,4332,17,1
1037091,61567,176518,1553,14,0
1037092,49330,20854,5859,22,3
1037094,50020,60101,5114,17,1
1037159,54253,53284,3285,14,0
1037250,56161,113254,8277,18,2
1037312,35644,83319,8336,23,3
1037345,64865,89082,4099,21,2
1037600,26503,76527,6528,19,3
1038087,45544,180405,5442,0,0
1038208,34003,11768,1769,13,4
1038214,39283,128347,3372,20,4
1038368,70834,142581,2582,24,1
1038374,20506,173504,3505,24,1
1038400,67339,83726,8743,18,2
1038628,24346,25090,7593,13,4
1038631,53407,19635,7139,0,0
1038788,65758,60027,5040,0,0
1038788,65758,124619,4620,0,0
1038914,19247,129214,6751,18,2
1038951,35137,3000,3001,24,1
1039299,31951,3104,3105,19,3
1039367,52756,194092,6612,24,1
1039397,44839,109672,7203,22,3
1039584,48592,2001,9502,0,0
1039584,48592,26337,1342,0,0
1039780,69334,72448,2449,13,4
1039809,63925,104267,4268,15,0
1039843,20768,69640,4653,15,0
1039873,35449,67417,9924,23,3
1040100,51035,171803,9355,17,1
1040417,35137,19646,2148,24,1
1040640,36301,178487,6039,1,1
1040704,26479,156055,3601,1,1
1040802,61183,141769,4284,19,3
1040806,58597,5576,3077,12,2
1041026,64205,175740,5741,13,4
1041056,38194,144714,7229,21,2
1041186,25772,189254,4291,19,3
1041254,64879,69365,9366,19,3
1041315,21694,66080,3599,16,0
1041536,37117,157180,2211,16,0
1041798,42620,166154,6155,18,2
1041891,58096,7546,2547,1,1
1041924,48139,63310,5817,1,1
1041990,42124,139077,6617,20,4
1042498,57155,198061,3100,14,0
1042852,73060,138924,8925,1,1
1042886,41461,198272,8273,17,1
1042946,21734,144346,1889,19,3
1042978,70808,154561,9592,18,2
1042981,51220,197649,2688,15,0
1043139,36200,43805,6310,12,2
1043205,56000,49310,6823,13,4
1043331,47890,132501,7528,17,1
1043361,58612,112657,7680,18,2
1043362,21092,79681,7203,22,3
1043362,21092,99730,4749,22,3
1043425,55333,47338,7339,13,4
1043425,55333,193799,8838,13,4
1043937,72560,34546,4547,18,2
1044098,42802,64886,7393,17,1
1044192,63001,186566,1603,0,0
1044259,36148,54410,4411,23,3
1044261,72322,80723,3232,22,3
1044295,34429,130939,3453,1,1
1044358,61636,190512,3032,16,0
1044836,61636,89220,4237,16,0
1044898,34708,165343,2892,12,2
1045063,33080,31230,8740,13,4
1045088,67282,106925,4456,16,0
1045219,45853,177761,2796,20,4
1045287,59089,34461,1971,14,0
1045539,34435,23001,5504,16,0
1045539,34435,38149,5659,16,0
1045573,29414,167525,5074,17,1
1046018,41143,7225,4726,14,0
1046144,32518,24778,4779,15,0
1046466,27692,167789,7790,22,3
1046500,34324,58000,3011,21,2
1046629,66148,138811,8812,15,0
1046818,37894,47053,9558,22,3
1046946,51091,39757,9758,20,4
1046983,72637,179231,9232,22,3
1047207,64027,152255,9801,12,2
1047300,24221,38268,5778,21,2
1047300,24221,188671,6226,21,2
1047397,36647,103717,8738,0,0
1047552,45350,47577,5090,24,1
1047552,45350,60657,5670,24,1
1047558,35326,158053,8054,21,2
1047811,53495,70583,8105,20,4
1048322,64891,59598,9599,22,3
1048486,31372,76899,1914,13,4
1048544,67426,38255,8256,12,2
1048672,31510,54579,4580,0,0
1048871,38365,31437,6444,17,1
1049153,62548,99047,1557,18,2
1049153,62548,161538,6571,18,2
1049348,61480,51321,6332,19,3
1049379,70316,164962,7479,23,3
1049472,45616,61911,6924,23,3
1049607,51961,152534,5050,14,0
1049798,46075,103981,1512,23,3
1049826,71782,1636,9137,20,4
1049826,71782,155720,3266,20,4
1049830,60919,9156,4157,17,1
1050112,46579,57357,7358,19,3
1050212,39541,19316,6820,12,2
1050241,66022,189285,1804,0,0
1050658,34570,157646,7647,19,3
1050658,34570,177449,7450,19,3
1050663,56486,64411,1930,21,2
1050756,23548,197079,4637,0,0
1051111,40195,153933,1479,12,2
1051300,59161,33886,8893,19,3
1051334,33482,196351,8871,0,0
1051361,69886,159135,4166,22,3
1051397,34246,112496,5008,18,2
1051397,34246,165540,5541,18,2
1051456,56483,124650,7163,22,3
1051716,27458,105043,5044,14,0
1051776,61438,79949,4964,0,0
1051939,36580,103936,1467,17,1
1051973,20702,192088,7127,20,4
1052002,66431,124572,9597,0,0
1052323,57329,11585,4087,12,2
1052358,32992,102961,2962,0,0
1052418,56383,144221,9250,0,0
1052419,54091,98215,3234,20,4
1052485,74827,118749,1261,17,1
1052801,22567,145753,3296,0,0
1052963,33712,102355,9886,16,0
1053061,28519,194542,9581,0,0
1053255,73258,10260,7764,17,1
1053317,73783,125714,8227,15,0
1053541,64291,47387,2396,22,3
1053699,74977,181334,3853,0,0
1053795,20666,68937,6456,22,3
1054209,74224,161692,9241,22,3
1054211,53380,27034,4541,24,1
1054211,53380,166446,6447,24,1
1054496,25154,10252,2754,15,0
1054499,51034,63221,8234,20,4
1054691,29483,4279,4280,12,2
1054692,54793,18279,5783,1,1
1054693,52390,58842,3853,0,0
1054983,36274,151521,1522,24,1
1055106,32737,77111,2126,14,0
1055170,74923,143611,6126,19,3
1055271,37496,53492,8503,0,0
1055334,38582,41633,4138,17,1
1055425,40852,167156,4705,23,3
1055654,31886,121785,9322,22,3
1055714,30869,54316,1832,12,2
1055877,36802,152052,7083,18,2
1056006,64807,113374,5886,23,3
1056037,66551,102010,9541,19,3
1056195,58739,2487,4988,14,0
1056228,62494,18914,1416,13,4
1056518,27850,196444,8964,21,2
1056545,37984,119723,9724,0,0
1056738,23788,165117,2666,18,2
1056805,24289,170279,5314,1,1
1056870,30983,106931,1952,13,4
1057062,73342,155022,5023,13,4
1057218,73397,66820,1833,16,0
1057218,73397,142613,5128,16,0
1057349,31091,61090,8609,14,0
1057703,69853,92864,5374,22,3
1057732,20162,146730,9245,15,0
1057799,42509,145852,3395,23,3
1057826,24133,46448,8953,22,3
1057826,24133,165306,7823,22,3
1057861,43919,70571,3079,19,3
1057926,21523,63100,5607,19,3
1057926,21523,108993,6524,19,3
1058181,44266,87409,2426,19,3
1058181,44266,120134,5159,19,3
1058183,46150,104329,4330,18,2
1058276,71104,161069,6102,1,1
1058403,42490,68406,8407,16,0
1058501,43361,25581,5582,22,3
1058531,60497,14830,9833,13,4
1058532,59681,195636,8156,14,0
1058593,26407,196228,1267,17,1
1058720,53669,33791,6295,19,3
1058980,27574,61904,4411,23,3
1058981,63572,164630,4631,17,1
1059043,37894,193155,8194,22,3
1059428,27166,123867,6380,16,0
1059559,50170,154482,6998,21,2
1060134,34309,176896,4448,18,2
1060228,20300,148868,8869,22,3
1060323,72566,27054,4561,15,0
1060323,72566,36844,1851,15,0
1060388,56827,92099,9627,1,1
1060672,61234,160986,6019,22,3
1060710,38695,177204,2239,0,0
1060805,51649,14543,9546,13,4
1060870,45296,157365,2396,22,3
1060932,67457,81813,4322,21,2
1060966,53344,20162,5167,15,0
1061186,71828,29497,7004,16,0
1061217,73838,26660,4167,19,3
1061252,44089,27146,9649,15,0
1061539,43550,99009,6537,20,4
1061700,26110,114118,6630,12,2
1061831,32567,116204,8716,12,2
1061856,1682,165538,5539,17,1
1061858,39103,76300,3822,24,1
1061890,23740,84434,9451,17,1
1062051,19522,36973,9477,16,0
1062147,56636,45249,7754,16,0
1062181,44120,49466,1971,14,0
1062373,61745,11989,6992,18,2
1062433,63824,7742,7743,15,0
1062433,63824,106817,4348,15,0
1062497,65200,137585,5125,12,2
1062592,61849,61743,6756,20,4
1062625,50815,16664,1667,22,3
1062725,67723,80254,7779,19,3
1063011,34246,171969,4487,18,2
1063073,50755,25626,5627,20,4
1063106,38377,127466,9979,0,0
1063139,71863,110503,5526,22,3
1063648,55015,187013,4568,23,3
1063684,24647,141345,8888,14,0
1063751,53693,187065,4620,0,0
1063905,58516,11364,8868,24,1
1063906,59902,192581,2582,24,1
1064358,39082,74966,2488,23,3
1064385,57097,30240,7750,18,2
1064486,55940,38080,5590,24,1
1064641,38567,40201,5210,0,0
1064801,41401,59867,7383,24,1
1064868,63314,3290,5791,19,3
1064996,44755,13952,3953,18,2
1065093,59173,141239,8782,14,0
1065124,43666,155396,7912,16,0
1065220,1237,21542,6547,20,4
1065381,70219,188941,3978,15,0
1065537,59653,111064,6087,20,4
1065829,53215,27070,7071,15,0
1065857,18979,50863,8379,0,0
1065857,18979,52046,7057,0,0
1065890,74284,139421,4448,18,2
1065985,54727,8665,8666,12,2
1066023,50882,102795,5306,23,3
1066048,22300,96869,4397,13,4
1066119,33874,4633,2134,14,0
1066208,19129,63723,3724,12,2
1066243,67889,53789,8800,14,0
1066434,27367,79302,1810,1,1
1066468,28546,82102,7119,12,2
1066752,66391,150084,5115,24,1
1067014,38158,129511,2024,0,0
1067076,73682,165281,7798,19,3
1067141,36251,108171,8172,0,0
1067395,27440,136188,3728,18,2
1067395,27440,173911,6429,18,2
1067488,53506,187615,5170,17,1
1067778,45991,134893,4894,17,1
1068003,40783,69857,2364,14,0
1068006,34373,184391,6910,19,3
1068065,33763,86206,3731,23,3
1068198,36068,198260,8261,13,4
1068261,62611,146073,8588,0,0
1068387,50344,33656,6160,16,0
1068518,62215,132264,9804,20,4
1068647,65066,131276,6303,21,2
1068837,50305,35746,8250,19,3
1069062,25988,47839,2848,22,3
1069409,64633,76650,4172,13,4
1069473,40880,116068,6069,12,2
1069573,53672,12080,4582,22,3
1070178,59174,134353,4354,14,0
1070274,53213,43798,1311,0,0
1070374,36311,51928,4434,1,1
1070470,1855,21894,4397,13,4
1070820,46598,1859,9360,21,2
1070850,67942,189280,6835,23,3
1070983,19262,99255,9256,16,0
1071012,45014,91366,8894,13,4
1071460,31390,116801,1824,13,4
1071776,72256,134811,9838,18,2
1071809,32915,51406,6417,0,0
1071809,32915,165021,5022,0,0
1072195,23041,19370,9371,16,0
1072359,44630,50231,7747,14,0
1072545,19061,47426,4939,18,2
1072807,38155,84746,7255,20,4
1072839,53540,9347,1848,16,0
1073089,19865,187031,7032,13,4
1073414,28585,146573,9088,18,2
1073472,25396,179691,4726,14,0
1073504,60556,140414,2929,13,4
1073826,37990,153896,8927,0,0
1073927,43574,653,3154,0,0
1073927,43574,8896,3897,0,0
1073953,50039,191975,7014,19,3
1074144,42608,198940,3979,19,3
1074369,1702,11907,6910,19,3
1074369,1702,121982,1983,19,3
1074758,23201,152526,2527,13,4
1074948,63616,36328,8832,0,0
1075173,62914,101496,1497,18,2
1075173,62914,164189,9222,18,2
1075236,35929,58864,1370,22,3
1075333,35251,85327,7836,16,0
1075425,35869,99406,9407,23,3
1075746,61669,34806,7310,23,3
1075746,61669,159430,6976,23,3
1075779,33910,151717,4233,24,1
1075911,20432,192261,9819,24,1
1076099,19441,177776,5328,1,1
1076100,29677,9,10,24,1
1076482,26978,26968,4475,19,3
1076708,23680,2417,2418,24,1
1076802,38047,165561,5562,22,3
1076804,18943,120146,2659,17,1
1076867,49391,34248,9255,21,2
1077187,34769,37477,2484,18,2
1077255,43174,175168,2720,17,1
1077350,49513,161250,1251,20,4
1077412,58798,2415,9916,13,4
1077638,48115,127212,4749,22,3
1077792,38938,49574,7087,15,0
1077927,39601,1461,8962,17,1
1077927,39601,42206,2207,17,1
1077927,39601,149167,9168,17,1
1078048,50083,106288,1309,21,2
1078119,53731,31151,8661,22,3
1078212,58705,45781,8286,1,1
1078244,74464,64598,4599,21,2
1078695,54163,143237,8266,12,2
1078816,19237,1483,3984,16,0
1078885,24316,122822,7847,20,4
1078950,47863,90355,7883,16,0
1079045,60631,180233,7788,22,3
1079174,45452,172602,2603,17,1
1079329,46708,180882,3401,15,0
1079398,1510,2126,4627,1,1
1079556,42403,145058,5059,1,1
1079783,22309,61786,4293,17,1
1079813,66773,70588,5603,0,0
1079876,53597,57928,5444,13,4
1079968,50413,125223,7736,1,1
1079974,31595,197796,7797,13,4
1080002,72841,188538,8539,19,3
1080483,32413,29330,1833,16,0
1080483,32413,134838,2378,16,0
1080576,72931,58726,6242,15,0
1080707,42394,17303,4807,15,0
1080742,68090,45653,5654,15,0
1080800,27943,152789,5305,13,4
1080832,49192,41374,8887,0,0
1080897,25337,193297,5817,1,1
1080993,46474,8093,8094,20,4
1081191,70988,40546,8059,19,3
1081378,50110,82047,4556,19,3
1081378,50110,183853,8890,19,3
1081441,28795,194807,4808,14,0
1081603,45973,103307,5818,16,0
1082048,59543,53926,8937,13,4
1082247,73105,101863,4374,22,3
1082307,59378,105709,8220,13,4
1082532,71455,121713,4226,12,2
1082598,31391,15283,2787,24,1
1082598,31391,95103,7613,24,1
1082628,44060,743,8244,12,2
1082755,38638,82373,4882,21,2
1082913,58730,141642,6671,1,1
1083074,48877,161998,1999,21,2
1083554,53275,124110,1647,1,1
1083653,25618,114428,6940,24,1
1083877,35795,127886,5423,12,2
1084032,59500,1837,1838,24,1
1084227,34813,7890,5391,18,2
1084229,60080,45779,3292,0,0
1084231,38401,71533,1534,20,4
1084327,55762,161792,4309,1,1
1084516,58769,74023,9038,19,3
1084610,52051,110072,5095,17,1
1084804,56392,46313,6314,0,0
1084931,24172,22366,4869,15,0
1085057,68341,178984,8985,19,3
1085057,68341,179815,9816,19,3
1085505,24070,87329,4854,18,2
1085542,44902,25106,2613,15,0
1085827,24119,180420,2939,12,2
1086086,69874,46132,6133,18,2
1086112,26096,50174,7690,18,2
1086244,44542,42696,2697,18,2
1086470,58111,14549,4550,1,1
1086531,64255,36996,6997,16,0
1086727,35686,199971,7529,15,0
1086754,26590,125610,3147,23,3
1086785,62824,2613,2614,18,2
1087010,33668,157052,9568,23,3
1087042,27217,1386,8887,0,0
1087044,72620,58224,8225,0,0
1087237,51418,125025,2562,18,2
1087427,68539,176711,9229,1,1
1087457,68404,159812,9813,24,1
1087526,40535,126760,4297,22,3
1087846,25165,175572,3124,15,0
1087878,67012,187620,5175,12,2
1087908,64624,94069,9088,18,2
1088006,69556,182252,7289,14,0
1088321,30493,191664,9222,18,2
1088486,22802,43281,3282,12,2
1088741,28390,160639,8188,15,0
1088741,28390,176793,1828,15,0
1088768,21931,179238,4273,15,0
1088769,38875,127020,4557,17,1
1088774,67414,110238,7772,23,3
1088838,20432,122150,9687,24,1
1088839,35546,133368,5882,17,1
1089185,31405,4204,1705,12,2
1089351,34966,36569,4079,16,0
1089412,29752,65246,7753,12,2
1089504,34751,174407,1959,17,1
1089701,1762,133043,3044,15,0
1089733,67610,113478,3479,15,0
1089761,1438,145686,3229,17,1
1089856,31477,77477,4999,18,2
1089888,21746,126638,4175,0,0
1089925,73453,171083,8635,24,1
1089925,73453,188425,8426,24,1
1090176,69214,164540,4541,24,1
1090342,51830,11374,6377,15,0
1090402,71785,84420,6929,23,3
1090436,36898,111814,4326,22,3
1090468,41956,59048,6564,15,0
1090625,43643,25430,7933,14,0
1090663,74035,191762,1763,18,2
1090694,65755,107600,7601,20,4
1090823,45919,94869,7379,12,2
1090823,45919,107111,2132,12,2
1091015,20674,171597,9149,21,2
1091527,38260,156099,3645,20,4
1091812,66865,164955,4956,24,1
1091974,60506,49733,4742,24,1
1092000,43004,4630,9631,24,1
1092135,33599,122163,9700,1,1
1092192,35548,78867,6389,0,0
1092290,31531,66587,6588,1,1
1092384,22895,88732,6257,15,0
1092646,22630,102118,4629,18,2
1093122,65312,144814,9843,13,4
1093125,26726,194557,4558,18,2
1093220,37226,47816,7817,14,0
1093254,67642,182902,7939,21,2
1093670,20588,168168,5717,18,2
1093733,54977,8537,6038,15,0
1093735,54635,174732,7250,21,2
1094146,24634,41511,1512,23,3
1094276,33607,78544,6066,23,3
1094310,46909,96400,8910,21,2
1094436,63547,144113,9142,16,0
1094496,59848,9713,7214,1,1
1094566,42310,99902,7430,24,1
1094727,18898,145636,3179,22,3
1094817,63740,188973,6528,19,3
1095041,74180,84137,6646,19,3
1095104,33208,69916,7435,1,1
1095170,56081,196466,6467,22,3
1095815,43664,187192,4747,24,1
1095878,51161,191390,6429,18,2
1095974,25438,128655,8656,18,2
1096292,72898,193836,1394,23,3
1096423,38264,7064,4565,13,4
1096455,63128,158809,6355,19,3
1096480,36343,9938,9939,18,2
1096480,36343,162902,2903,18,2
1096704,63757,161393,1394,23,3
1096871,61840,28083,3088,24,1
1097092,44131,16087,8589,0,0
1097095,40348,102563,2564,0,0
1097184,35809,45136,7641,17,1
1097189,44596,50549,3055,18,2
1097252,64777,33429,3430,15,0
1097412,72854,194735,7255,20,4
1097509,60733,148029,8030,20,4
1097575,42299,135836,5837,23,3
1097606,74866,35805,8309,21,2
1097638,26830,38576,8577,14,0
1097696,58606,179052,4087,12,2
1097925,53557,42824,2825,24,1
1098054,64355,185317,7836,16,0
1098081,54107,125098,7611,19,3
1098405,56942,50176,5187,12,2
1098433,51772,92316,9844,15,0
1098436,34813,178728,3763,18,2
1098567,63541,111046,8580,21,2
1098819,52597,179388,9389,22,3
1098849,36269,185617,8136,20,4
1099140,65111,120853,8390,20,4
1099238,49178,145124,2667,18,2
1099361,65572,151367,8913,20,4
1099392,69632,83089,3090,21,2
1099458,34684,181900,1901,24,1
1099782,70900,14685,7187,15,0
1099847,43117,57867,5383,20,4
1100007,18818,10074,2576,13,4
1100167,71959,195829,5830,0,0
1100199,62789,199391,9392,21,2
1100262,19750,193337,8376,20,4
1100325,66424,112450,2451,16,0
1100359,23168,164718,4719,17,1
1100386,48926,59374,6890,14,0
1100518,20852,92449,9977,18,2
1100548,47215,4782,2283,16,0
1100673,47951,76181,6182,17,1
1100772,24829,86538,9047,14,0
1100774,22022,142498,5013,17,1
1101190,71321,137072,9586,19,3
1101249,47057,72476,2477,14,0
1101253,29623,47197,9702,17,1
1101316,66769,142826,5341,1,1
1101346,39913,24864,2371,23,3
1101443,69806,132402,4916,15,0
1101506,54014,179667,2185,19,3
1101507,1762,111409,3921,15,0
1101698,64954,41951,6960,14,0
1101702,27194,68386,5905,17,1
1101735,59257,192704,7743,15,0
1101986,62803,8361,5862,14,0
1102341,30191,65318,7825,24,1
1102435,22585,16315,8817,16,0
1102562,60544,37441,7442,21,2
1102624,19448,136316,1343,24,1
1102951,37570,102186,2187,24,1
1103012,45991,147340,4883,17,1
1103168,31820,127234,4771,18,2
1103203,33217,14607,2111,1,1
1103203,33217,94551,9570,1,1
1103265,33764,18856,6360,15,0
1103265,33764,28204,8205,15,0
1103428,25637,129957,2470,22,3
1103744,46453,126343,1368,21,2
1103809,21523,37035,2042,19,3
1103971,63991,101883,1884,1,1
1103974,71701,118626,3649,24,1
1104001,68735,129711,7248,18,2
1104003,71170,62540,5047,19,3
1104165,62215,5390,2891,20,4
1104197,64633,88677,6202,13,4
1104357,56083,9925,9926,15,0
1104451,51533,12516,7519,1,1
1104644,35332,100866,5887,1,1
1104705,26786,175020,2572,22,3
1104837,37627,137940,7941,24,1
1104837,37627,157255,9771,24,1
1104996,35254,115935,5936,22,3
1105154,70012,58528,8529,20,4
1105218,70597,4231,9232,22,3
1105379,67777,195256,2814,20,4
1105381,46418,7437,7438,16,0
1105538,60667,194060,1618,17,1
1105569,62047,119418,1930,21,2
1105763,67955,42050,7059,22,3
1105763,67955,119554,4577,22,3
1105767,20588,104957,7468,18,2
1105862,32029,116308,3842,23,3
1105924,26809,82679,5188,18,2
1105990,47071,82297,2298,0,0
1106336,23851,1383,8884,13,4
1106336,23851,144149,6664,13,4
1106564,34543,77628,2643,21,2
1106566,26234,168549,6098,17,1
1106688,54445,186180,3735,20,4
1106816,1493,113218,3219,24,1
1106821,53485,131258,6285,16,0
1106854,47950,163474,5991,13,4
1106950,27814,69144,4157,17,1
1107297,67133,104860,2391,17,1
1107587,22471,107523,5054,1,1
1107587,22471,133009,3010,1,1
1107621,50638,142273,9816,19,3
1107648,67333,139528,9529,22,3
1107652,37462,109324,6855,22,3
1107719,44410,193729,6249,18,2
1107781,74851,60297,7816,21,2
1107808,33319,153334,3335,20,4
1107846,23581,81363,1364,14,0
1107941,36926,86260,3785,14,0
1107973,19198,113083,8106,13,4
1108004,71068,17104,9606,12,2
1108353,64943,195312,2870,17,1
1108449,27608,190140,7698,1,1
1108642,74263,68928,6447,24,1
1108642,74263,78618,3633,24,1
1108963,30034,58133,8134,20,4
1109216,43937,176515,6516,21,2
1109601,70657,182693,2694,15,0
1109632,69080,84448,9465,23,3
1109765,63827,88105,8106,13,4
1110054,33499,99602,7130,24,1
1110277,21529,124979,4980,12,2
1110306,61226,178418,8419,15,0
1110336,39526,22321,2322,20,4
1110435,41092,34937,9944,1,1
1110436,24253,163828,8861,12,2
1110535,48656,21899,1900,23,3
1110759,52867,83706,3707,21,2
1110884,39937,175413,7931,1,1
1110951,71066,115730,3264,14,0
1110982,27436,13445,3446,16,0
1111234,41002,39422,6932,0,0
1111270,30304,149841,4870,16,0
1111429,65818,56584,4100,20,4
1111429,65818,195905,5906,20,4
1111458,50614,142023,4538,12,2
1111747,54412,78885,1393,20,4
1111780,21331,87417,2434,15,0
1111811,43243,55877,8383,15,0
1112000,53149,143634,8663,12,2
1112226,34921,38,7539,18,2
1112321,53170,131818,4332,17,1
1112321,53170,174266,9301,17,1
1112324,74987,39393,6903,24,1
1112386,25924,26201,6202,13,4
1112455,25934,64902,4903,19,3
1112517,50198,57261,4777,1,1
1112517,50198,102367,7388,1,1
1112608,25486,151752,4268,15,0
1112738,63461,108678,8679,21,2
1112739,72880,179565,7117,23,3
1113153,61489,160506,3023,22,3
1113347,19327,131001,6028,12,2
1113446,33145,87628,7629,24,1
1113703,25930,25286,2793,18,2
1113861,71408,163633,3634,22,3
1114434,24610,146129,3672,18,2
1114464,57917,17923,5427,18,2
1114567,38812,59892,4903,19,3
1114688,52381,189020,1539,12,2
1114789,29963,63371,8384,15,0
1115015,41554,199702,4741,24,1
1115136,53794,193206,3207,24,1
1115333,72851,49929,7442,21,2
1115430,1549,14610,9613,24,1
1115490,70733,135956,8470,23,3
1115521,47309,47929,5442,0,0
1115652,39796,175835,8353,23,3
1115715,44836,64923,4924,15,0
1115746,52285,11406,3908,23,3
1116103,23653,148135,5678,23,3
1116422,74905,13947,8950,23,3
1116518,51899,179931,4966,18,2
1116577,47957,70199,7721,22,3
1116672,73216,5152,2653,23,3
1116770,59186,16921,9423,17,1
1116770,59186,183637,3638,17,1
1116806,74711,187917,5472,21,2
1116998,66299,126612,6613,14,0
1117093,69937,111797,9331,14,0
1117250,20242,189198,1717,0,0
1117312,50810,81385,6402,21,2
1117507,58103,137735,7736,1,1
1117540,35830,91273,3783,15,0
1117635,21343,182892,7929,17,1
1117638,34484,25708,5709,23,3
1117761,60193,144971,2514,17,1
1117767,35869,96901,4429,23,3
1118084,51271,32434,2435,21,2
1118118,24614,117429,4963,14,0
1118240,63934,155491,3037,22,3
1118336,73453,126611,6612,24,1
1118336,73453,141178,6207,24,1
1118336,73453,178157,8158,24,1
1118370,67096,94352,1880,22,3
1118375,37712,177273,9791,19,3
1118436,51803,89061,9062,14,0
1118437,41518,124987,4988,14,0
1118597,37852,98996,1506,19,3
1118626,20492,90697,8225,0,0
1118722,45601,15668,8170,19,3
1118786,46456,59860,7376,17,1
1118786,46456,63208,8221,17,1
1118917,66121,182387,4906,17,1
1119201,67265,66643,6644,13,4
1119236,69316,124362,4363,0,0
1119298,37687,66438,3957,15,0
1119332,72382,85611,5612,13,4
1119335,47605,169836,7385,19,3
1119366,66301,157133,2164,17,1
1119621,57631,113206,3207,24,1
1119750,42757,49070,1575,13,4
1119908,26026,4408,9409,13,4
1119942,52316,8036,8037,1,1
1119970,39829,100017,5038,24,1
1120193,23500,53786,8797,22,3
1120391,36986,160111,7660,12,2
1120449,46153,170663,3181,14,0
1120705,39931,45943,3456,16,0
1120705,39931,79374,9375,16,0
1120832,31396,190727,5766,13,4
1120866,22861,41559,1560,19,3
1121026,54646,143577,8606,16,0
1121124,53110,121510,9047,14,0
1121249,57733,182541,5060,23,3
1121281,48898,159351,9352,22,3
1121318,35165,62074,2075,24,1
1121510,61072,104870,7381,20,4
1121637,42898,156546,4092,22,3
1121638,62524,111723,1724,20,4
1121666,42791,111,2612,1,1
1121952,48004,108682,3703,15,0
1122119,24028,66624,6625,24,1
1122375,65473,87250,9759,1,1
1122400,1426,40683,8196,15,0
1122694,59857,52777,7788,22,3
1122757,45614,29515,7022,17,1
1122757,45614,77392,7393,17,1
1122787,43823,40362,5371,22,3
1122887,37342,3711,6212,22,3
1123168,30280,47450,7451,21,2
1123168,30280,86765,4290,21,2
1123168,30280,153933,8964,21,2
1123297,32174,122881,5394,0,0
1123297,32174,172282,4800,0,0
1123590,1387,85162,5163,19,3
1123681,34261,41695,9208,1,1
1123747,52183,24510,2017,1,1
1123747,52183,137979,3006,1,1
1123814,26782,94041,9060,0,0
1123873,22958,179974,7526,13,4
1123879,53315,35416,7920,22,3
1124195,41009,84243,1768,22,3
1124391,42958,139452,4479,12,2
1124608,71513,154293,4294,24,1
1124803,21550,162116,4633,24,1
1124804,61688,187906,5461,19,3
1124838,29302,29637,7144,21,2
1125219,59986,157188,4734,0,0
1125219,59986,196295,3853,0,0
1125253,61616,111826,9360,21,2
1125668,74044,15690,3194,1,1
1125767,21148,187647,5202,1,1
1125927,49151,38583,8584,23,3
1125984,23363,96498,6499,18,2
1126081,42466,41799,1800,0,0
1126500,22933,149552,4581,1,1
1126594,21367,116513,4047,0,0
1126663,65635,159000,4031,23,3
1126754,49631,47447,4960,22,3
1126754,49631,183948,6467,22,3
1126756,46774,120588,3101,20,4
1127781,69605,35181,7685,1,1
1127813,67745,109223,1734,1,1
1127872,63538,134108,9135,17,1
1128258,40144,21427,8934,17,1
1128262,73186,19331,6835,23,3
1128295,74392,180233,7788,22,3
1128773,36946,171696,4214,1,1
1128962,45338,178969,4004,1,1
1129094,20863,56239,3755,24,1
1129125,64981,45960,8465,14,0
1129218,45601,106323,8834,19,3
1129253,73363,123246,5759,1,1
1129280,36842,25,2526,22,3
1129284,54319,135697,5698,16,0
1129315,60694,142538,2539,19,3
1129412,24559,173999,4000,24,1
1129442,42983,187746,7747,14,0
1129734,47758,191873,6912,24,1
1129796,58694,113683,6195,0,0
1130373,55144,32396,9906,24,1
1130407,59866,113336,8359,0,0
1130626,1228,152022,4538,12,2
1130722,58313,16671,1674,18,2
1130886,47491,152442,4958,13,4
1131011,40012,171600,6635,17,1
1131301,48154,12225,4727,16,0
1131302,51136,186455,6456,22,3
1131398,42589,166733,9250,0,0
1131425,61133,100927,5948,0,0
1131844,66229,49742,9743,13,4
1131936,44653,33878,1388,15,0
1131936,44653,171700,1701,15,0
1132260,65308,131475,1476,21,2
1132326,60005,121774,1775,12,2
1132704,37597,84647,7156,0,0
1133027,43207,122105,9642,0,0
1133511,37705,9313,4314,19,3
1133985,27562,134296,6810,14,0
1133987,40375,114170,4171,22,3
1134082,50755,159682,7228,20,4
1134150,69877,42994,2995,21,2
1134150,69877,70821,8343,21,2
1134240,73766,194685,9724,0,0
1134241,18964,58243,8244,12,2
1134241,18964,59455,6971,12,2
1134791,43858,95187,5188,18,2
1134915,23371,82876,2877,16,0
1134948,37760,44529,4530,16,0
1135138,69580,11800,6803,17,1
1135269,29920,32123,2124,22,3
1135648,66538,75751,3273,23,3
1135652,21185,199181,1701,15,0
1135747,51035,6654,9155,17,1
1136131,43699,88144,5669,12,2
1136132,29143,36544,1551,22,3
1136260,68275,193315,8354,20,4
1136295,66514,127558,2583,13,4
1136519,69751,108666,8667,18,2
1136576,61181,198836,8837,22,3
1136678,48613,59138,6654,15,0
1136711,27412,117504,5038,24,1
1136869,23033,118727,8728,14,0
1137121,51835,52025,2026,14,0
1137221,73348,35664,3174,1,1
1137316,29849,18353,5857,24,1
1137316,29849,29877,7384,24,1
1137317,60568,198169,8170,19,3
1137415,43283,105766,8277,18,2
1137731,69967,49913,2418,24,1
1137762,39793,193528,3529,0,0
1137957,70204,114961,7473,23,3
1138243,44488,182460,7497,20,4
1138503,74747,154703,7219,21,2
1138627,46529,146214,3757,23,3
1138755,41708,179126,1644,19,3
1139042,52420,33368,8375,23,3
1139043,45595,17966,2969,23,3
1139046,44062,78888,1396,13,4
1139046,44062,144885,2428,13,4
1139077,59495,101200,3711,14,0
1139264,29159,68990,4003,21,2
1139267,31495,194882,2440,23,3
1139299,26153,163238,8271,13,4
1139361,19991,93724,1252,18,2
1139431,1634,5375,2876,24,1
1139431,1634,145935,8450,24,1
1139810,64412,109584,7115,22,3
1139841,19766,86401,1418,0,0
1140033,66658,36944,1951,20,4
1140161,24400,116463,6464,14,0
1140161,24400,175351,7869,14,0
1140259,60050,142128,7157,16,0
1140260,60244,106983,6984,24,1
1140358,44012,26110,8613,23,3
1140422,19771,26907,1912,15,0
1140544,49579,117023,4557,17,1
1140549,50587,88337,3354,16,0
1140836,65540,177450,9968,17,1
1140836,65540,179087,6639,17,1
1140960,44374,146797,6798,16,0
1140967,24101,13287,5789,21,2
1140997,41368,157041,9557,23,3
1141091,34130,45364,2877,16,0
1141091,34130,167640,2673,16,0
1141153,32338,142791,5306,23,3
1141185,56675,199137,4176,17,1
1141248,61144,59224,6740,15,0
1141317,27494,85050,2575,21,2
1141383,35533,91667,9195,19,3
1141413,68962,139662,2176,16,0
1141538,72338,90792,5811,19,3
1141607,63412,189267,9268,20,4
1141638,33434,79077,4092,22,3
1141761,18860,46705,4218,24,1
1142114,68554,134296,4297,22,3
1142246,62191,115554,5555,15,0
1142309,69820,63856,6363,0,0
1142565,37687,78931,3946,15,0
1143110,72989,43214,8223,1,1
1143168,31685,156693,1724,20,4
1143232,44879,98261,5789,21,2
1143271,38201,38326,8327,15,0
1143495,25009,138854,1368,21,2
1143780,64093,71971,9493,17,1
1143875,74806,81610,1611,0,0
1143905,74393,95877,8387,22,3
1144007,63964,2455,7456,21,2
1144007,63964,63115,5622,21,2
1144225,40141,191110,8668,16,0
1144289,69469,122477,4990,18,2
1144357,22861,149678,2193,19,3
1144388,44794,186031,6032,21,2
1144418,65375,42330,7339,13,4
1144545,32878,74118,1640,13,4
1144577,27854,111692,6715,19,3
1144610,23333,43834,6339,22,3
1144610,23333,98414,5942,22,3
1144614,61531,87058,7059,22,3
1144614,61531,126881,6882,22,3
1144806,62765,128460,5997,20,4
1144836,72928,4749,2250,1,1
1144995,69983,175653,3205,20,4
1145057,28312,56035,6036,15,0
1145062,31435,90844,3354,16,0
1145159,72859,2141,7142,20,4
1145637,45439,133518,6032,21,2
1145793,43606,122450,9987,12,2
1145863,28343,51721,9237,12,2
1146021,74663,98500,8501,1,1
1146085,61532,187493,5048,12,2
1146086,59951,28996,1499,12,2
1146150,37135,4550,7051,12,2
1146245,23377,107646,7647,19,3
1146663,51325,58720,3731,23,3
1146722,38894,90757,3267,20,4
1146788,71324,117932,7933,14,0
1147008,62266,48904,3913,23,3
1147014,67159,9447,4448,18,2
1147046,41263,170653,5688,19,3
1147078,35698,134193,9220,21,2
1147748,21002,94717,4718,18,2
1147808,39161,101977,4488,14,0
1148386,55216,81800,1801,13,4
1148449,49397,169419,1936,1,1
1148775,25973,99378,6906,1,1
1148865,26780,1636,4137,15,0
1149123,21892,161987,4504,23,3
1149186,26605,35757,5758,18,2
1149349,50035,184838,7357,23,3
1149441,66805,81165,8690,19,3
1149572,65044,156831,6832,24,1
1149667,48473,135260,7774,16,0
1149797,49949,79529,4544,19,3
1149892,34796,189265,6820,12,2
1149990,30445,139450,6990,15,0
1150145,50825,7314,7315,22,3
1150211,63046,170297,7849,23,3
1150340,38926,162538,5055,21,2
1150469,21982,33355,5859,22,3
1150469,21982,198379,3418,22,3
1150471,44089,149471,9472,15,0
1150660,33805,187748,2785,14,0
1150725,23674,26655,1660,1,1
1150757,21167,80583,5600,1,1
1150853,74066,93458,8477,15,0
1151105,56138,135403,2943,13,4
1151297,61252,61409,8928,15,0
1151332,62347,156456,4002,0,0
1151430,69964,99640,9641,24,1
1151553,66040,91960,4470,23,3
1151685,23555,127918,2943,13,4
1151808,23128,32730,2731,19,3
1151842,52259,63515,6022,18,2
1151842,52259,87207,9716,18,2
1151940,44767,185979,5980,19,3
1151942,73514,80117,7642,13,4
1152198,1744,72620,7635,17,1
1152423,58900,71416,6431,24,1
1152645,32791,79636,7158,13,4
1152769,51010,13514,8517,14,0
1152803,46258,154927,9958,21,2
1152807,41329,149620,7163,22,3
1152897,53404,94297,6807,16,0
1153058,71432,189077,1596,1,1
1153092,35782,51910,9426,23,3
1153156,21775,92070,4580,0,0
1153190,50233,120215,5240,21,2
1153541,24395,114838,9861,20,4
1153728,38449,109655,7186,17,1
1153796,19226,104864,7375,17,1
1154050,27295,199846,7404,17,1
1154342,73570,131324,8864,16,0
1154433,63919,61956,9475,16,0
1154496,50714,117930,7931,1,1
1154598,57175,154292,9323,12,2
1154758,47443,161390,3907,19,3
1154785,54446,95109,7619,20,4
1154979,41629,48981,3990,22,3
1155042,38378,182394,9949,23,3
1155044,55927,162981,8014,17,1
1155235,22318,115733,3267,20,4
1155398,24892,59182,9183,12,2
1155456,39832,14305,6807,16,0
1155456,39832,136424,3964,16,0
1155877,55552,96255,3783,15,0
1156130,29650,174676,2228,16,0
1156258,65134,189961,2480,15,0
1156260,41981,156401,6402,21,2
1156423,68347,63936,8949,23,3
1156480,65758,104534,2065,0,0
1156550,43418,194877,2435,21,2
1156640,58648,34514,2024,0,0
1156640,58648,152487,7518,0,0
1156708,1855,53124,3125,13,4
1156737,24517,92614,2615,20,4
1156743,25453,182322,7359,21,2
1157249,36365,79902,9903,13,4
1157249,36365,108905,1416,13,4
1157318,58768,53096,8107,16,0
1157509,72343,101055,8586,12,2
1157730,59237,4411,6912,24,1
1157761,63518,104544,7055,15,0
1157952,31663,100279,7810,20,4
1158147,32539,35112,2622,12,2
1158178,44071,123147,5660,1,1
1158178,44071,126335,6336,1,1
1158212,32776,919,5920,20,4
1158434,69476,164741,4742,24,1
1158466,57575,22478,7483,17,1
1158562,51079,190390,5429,21,2
1158631,22567,61877,1878,0,0
1158759,63206,180865,8420,17,1
1159015,57880,150538,8084,13,4
1159072,72896,98921,8922,14,0
1159072,72896,164900,9933,14,0
1159108,57620,67495,5014,1,1
1159236,55225,121674,6699,23,3
1159459,69523,44726,7231,23,3
1159459,69523,44975,2488,23,3
1159459,69523,193668,6188,23,3
1159586,42956,160391,2908,17,1
1159776,53657,153653,3654,14,0
1160003,19328,53101,5607,19,3
1160128,28259,24270,4271,18,2
1160161,48490,144587,2130,13,4
1160259,64729,140691,8234,20,4
1160259,64729,179942,7494,20,4
1160449,50494,164722,2271,24,1
1160837,51076,54356,4357,0,0
1160993,70957,176460,6461,0,0
1161443,59095,57531,5047,19,3
1161606,27037,56283,8789,12,2
1161607,59210,183882,6401,1,1
1161671,21013,122369,9906,24,1
1161827,69920,158034,3065,1,1
1162183,56537,45487,7992,16,0
1162243,1340,89397,9398,21,2
1162529,30670,155228,7744,15,0
1162531,53629,68148,5667,17,1
1162563,64690,144507,7022,17,1
1163077,43166,71008,3516,17,1
1163298,51040,49196,1701,15,0
1163393,24427,129873,7410,15,0
1163457,69964,43298,3299,24,1
1163460,36277,41889,9402,19,3
1163654,62662,175833,3385,15,0
1163845,18983,139652,9653,14,0
1164038,29815,96792,6793,18,2
1164071,44671,184566,4567,13,4
1164071,44671,185902,3457,13,4
1164194,23329,196270,1309,21,2
1164324,36473,121296,6321,0,0
1164771,42046,115202,5203,1,1
1164838,25730,13278,3279,18,2
1164897,27514,108011,8012,18,2
1164993,23435,96022,6023,13,4
1165286,64190,138063,8064,21,2
1165344,52393,73138,5646,0,0
1165445,33169,37422,2429,1,1
1165540,66727,34795,4796,21,2
1165895,57443,46038,3551,18,2
1165920,41567,43571,8580,21,2
1166181,21550,193061,5581,24,1
1166406,60997,18344,3347,23,3
1166502,1285,61158,3665,19,3
1166787,42518,81101,8626,17,1
1166852,51124,24813,2320,1,1
1166852,51124,81825,9350,1,1
1167142,45373,144136,6651,0,0
1167202,46556,24755,9760,14,0
1167239,30859,31762,6769,18,2
1167396,39931,104275,4276,16,0
1167618,34918,13496,5998,20,4
1167654,25165,97023,4551,15,0
1167745,50368,138366,3393,16,0
1167843,41378,3677,3678,14,0
1167911,27536,64324,4325,12,2
1168068,61739,184480,4481,17,1
1168131,55247,2886,7887,19,3
1168389,18862,178588,8589,0,0
1168643,61505,126535,9048,18,2
1168802,71665,63707,3708,12,2
1168836,42802,26443,3950,17,1
1168836,42802,100115,5136,17,1
1168935,38323,139696,9697,23,3
1168964,73550,134103,4104,21,2
1169217,55799,99987,7515,15,0
1169318,68209,161821,1822,0,0
1169319,73249,2765,5266,15,0
1169824,35389,171116,6151,24,1
1169863,66241,61339,8858,16,0
1169985,65810,145707,8222,15,0
1170018,72754,105820,8331,20,4
1170081,36398,148185,3214,24,1
1170304,22244,42163,7172,16,0
1170375,67240,173138,3139,24,1
1170469,47191,147227,2256,20,4
1170499,54185,26615,1620,24,1
1170500,27589,181156,6193,1,1
1170566,70931,109877,9878,16,0
1170630,36340,117099,2122,1,1
1171043,70841,76754,1769,13,4
1171394,70840,97250,4778,13,4
1171399,61951,198173,5731,24,1
1171682,72971,3093,3094,21,2
1171745,48737,108280,8281,16,0
1171782,37780,142981,2982,1,1
1171809,27416,129872,7409,13,4
1171812,28181,10416,7920,22,3
1171845,72838,88820,3837,21,2
1171970,73978,169138,9139,16,0
1172097,58138,7326,2327,17,1
1172194,61199,26750,6751,18,2
1172295,64843,116346,6347,13,4
1172418,20101,28595,3600,13,4
1172551,73442,53859,8870,16,0
1172710,28748,161727,4244,19,3
1172775,65596,101550,1551,22,3
1172802,70957,80412,2921,0,0
1172807,55631,70888,5903,12,2
1172935,59896,181691,4210,1,1
1172998,73766,60714,5727,0,0
1173122,42946,116794,6795,20,4
1173601,22118,23929,8934,17,1
1173894,1648,118523,6057,23,3
1173952,33892,64922,2441,15,0
1174179,47140,150328,2844,15,0
1174245,71212,115976,5977,24,1
1174308,23788,143875,3876,18,2
1174309,51757,26958,1963,16,0
1174372,64132,175053,7571,17,1
1174432,69356,99301,4320,23,3
1174819,35749,106545,1566,24,1
1174918,47423,101708,6729,15,0
1175172,58154,147084,2113,17,1
1175202,51280,281,7782,0,0
1175364,24790,143079,3080,22,3
1175430,70354,8160,8161,21,2
1175430,70354,49205,1710,21,2
1175525,70396,17172,2175,18,2
1175718,58060,183816,6335,23,3
1175745,27053,87131,9640,17,1
1175939,46003,194902,4903,19,3
1176001,60266,154665,4666,18,2
1176007,69760,83070,5579,21,2
1176131,35995,95536,3064,22,3
1176131,35995,138775,6315,22,3
1176290,32453,89631,4648,14,0
1176290,32453,112817,7840,14,0
1177057,45889,189804,4841,1,1
1177062,27323,149746,7289,14,0
1177126,42367,141885,6914,18,2
1177255,25225,132846,2847,22,3
1177443,36226,29906,7413,13,4
1177475,71845,163823,8856,16,0
1177639,72253,190788,5827,22,3
1177766,53077,118157,3180,0,0
1177828,36268,129910,9911,0,0
1178148,64687,43462,3463,24,1
1178176,57584,102329,7350,14,0
1178179,20380,27358,9861,20,4
1178532,70279,20755,8262,18,2
1178533,57250,106917,6918,17,1
1178599,32089,37276,7277,17,1
1178599,32089,64719,4720,17,1
1178882,56968,158928,1444,12,2
1178944,39298,75182,7690,18,2
1179045,34228,20875,3378,24,1
1179205,68047,163920,6437,23,3
1179205,68047,171352,3870,23,3
1179461,68740,92130,2131,0,0
1179461,68740,137021,2048,0,0
1179654,61783,172190,2191,14,0
1179654,61783,189097,1616,14,0
1179877,40799,189405,4442,12,2
1180039,44651,170856,3374,20,4
1180358,72971,89872,4889,21,2
1180641,42899,146595,9110,16,0
1180864,60566,175539,3091,14,0
1180931,31562,149351,9352,22,3
1181025,31055,57875,2886,1,1
1181155,68392,189508,2027,13,4
1181280,30694,106542,9053,20,4
1181730,27002,112326,2327,17,1
1181761,65770,82892,7909,20,4
1181766,33229,180955,3474,23,3
1181797,47144,63054,8067,17,1
1182023,57727,91147,6166,13,4
1182149,43621,71660,4168,16,0
1182213,41099,95577,3105,19,3
1182375,58319,85312,5313,15,0
1182437,67724,198945,3984,16,0
1182562,31292,34179,4180,14,0
1182725,44632,52768,7779,19,3
1182785,66628,140047,2562,18,2
1182886,18800,151144,8690,19,3
1183041,65239,28230,3235,17,1
1183077,55027,131000,8540,16,0
1183137,65662,46456,8961,24,1
1183334,53776,57605,5121,14,0
1183492,34486,51075,6086,24,1
1183751,71371,48289,3298,23,3
1183815,70552,30415,2919,17,1
1184001,22450,139107,6647,24,1
1184003,39943,34822,2332,1,1
1184004,50371,196764,4322,21,2
1184034,19864,159273,6819,12,2
1184131,59848,75515,8023,1,1
1184261,45329,136907,1934,23,3
1184516,39398,58745,8746,19,3
1184516,39398,63263,8276,19,3
1184614,72967,3337,5838,0,0
1184966,42638,29055,6562,19,3
1184995,46603,114088,9111,18,2
1185184,19619,84659,9676,15,0
1185442,19402,179052,1570,12,2
1185606,37178,124232,4233,24,1
1185634,71557,17477,9979,0,0
1185637,21626,173320,8355,24,1
1185667,45530,168989,1506,19,3
1185831,68519,159458,4489,20,4
1185890,18955,170817,8369,24,1
1185920,29186,139987,9988,0,0
1186304,74365,140193,2708,12,2
1186305,26105,12524,5026,17,1
1186598,50342,107473,5004,20,4
1186785,64027,129709,9710,12,2
1187076,52322,87738,7739,12,2
1187298,59842,161546,9095,23,3
1187491,39067,37272,4782,16,0
1187555,55460,13041,3042,21,2
1187975,38795,72422,2423,16,0
1188102,59605,158393,5939,18,2
1188384,33430,61523,4030,14,0
1188706,66940,162656,2657,24,1
1188736,23500,178763,6315,22,3
1188836,58051,132614,5128,16,0
1188837,49436,14961,4962,12,2
1188964,27623,183238,3239,23,3
1189024,46717,131115,3629,18,2
1189089,59261,49538,2043,19,3
1189089,59261,54897,7403,19,3
1189124,61093,113145,5657,23,3
1189284,55096,134449,4450,12,2
1189318,51664,167788,2821,1,1
1189703,28436,128235,3260,15,0
1190082,33304,165537,8054,21,2
1190848,26425,117763,7764,17,1
1190918,30865,83131,5640,15,0
1190945,36833,136355,8869,22,3
1191012,31426,195236,7756,19,3
1191014,30445,9707,7208,15,0
1191137,51341,183766,1321,22,3
1191206,69484,85521,3046,17,1
1191620,24697,194837,4838,23,3
1191649,32363,27011,9514,16,0
1191683,48190,2597,7598,1,1
1192003,43207,46778,6779,0,0
1192352,64601,155899,8415,17,1
1192417,41461,174266,9301,17,1
1192672,24838,24615,2122,1,1
1192740,45835,170000,2517,16,0
1192768,64804,135635,5636,16,0
1192964,69704,195033,5034,23,3
1193220,61027,95729,3257,18,2
1193380,66988,168535,8536,1,1
1193671,1172,89579,2088,14,0
1193761,72421,40154,5163,19,3
1193766,72406,83772,8789,12,2
1193824,65848,181323,8878,19,3
1194146,20150,50293,7809,16,0
1194306,70549,50120,5131,15,0
1194370,20918,86399,8908,20,4
1194373,32509,93081,5591,24,1
1194629,44770,160220,7769,19,3
1194820,73999,35663,3173,15,0
1194820,73999,58490,3501,15,0
1195301,61145,93166,3167,22,3
1195303,58057,43281,3282,12,2
1195554,36274,19677,9678,24,1
1195744,25997,79112,1620,24,1
1196096,64399,38316,5826,12,2
1196260,31885,194820,2378,16,0
1196324,41668,15478,2982,1,1
1196353,48367,56967,4483,17,1
1196389,73748,126382,1407,0,0
1196448,67610,107054,7055,15,0
1196453,39901,114155,9178,23,3
1196578,53444,130970,5997,20,4
1196898,74696,180165,5202,1,1
1197027,71950,178298,8299,1,1
1197185,27782,104055,9076,19,3
1197445,69544,127035,9548,14,0
1197507,33308,29406,4411,23,3
1197572,62579,140478,8021,1,1
1197572,62579,165886,5887,1,1
1197572,62579,192310,7349,1,1
1197732,57547,143364,5879,18,2
1197761,19849,159182,9183,12,2
1198114,66847,58963,8964,21,2
1198116,37924,112057,9591,23,3
1198305,70666,46970,9475,16,0
1198470,23461,89070,4087,12,2
1198662,70772,25412,2919,17,1
1198980,1691,7715,2716,12,2
1199138,58073,97272,2291,1,1
1199393,62605,134526,7040,16,0
1199524,35554,108606,6137,24,1
1199717,67360,109941,4962,12,2
1199717,67360,113448,8471,12,2
1199776,61564,147976,3005,1,1
1199941,73259,20287,7794,23,3
1200227,22591,60414,2921,0,0
1200231,74446,103728,8749,12,2
1200355,33208,176730,4282,1,1
1200547,47273,173502,3503,14,0
1200551,50476,198592,6150,16,0
1200578,42490,137242,4782,16,0
1200806,51380,162376,2377,16,0
1200836,55292,30991,3495,1,1
1200869,28633,175438,2990,20,4
1200933,60574,95662,5663,16,0
1201025,49286,699,5700,18,2
1201089,69572,23937,3938,18,2
1201093,53389,82334,4843,17,1
1201123,61822,168940,6489,21,2
1201185,55607,126589,6590,1,1
1201318,57121,183994,6513,22,3
1201350,34720,79715,4730,22,3
1201568,39400,161962,4479,12,2
1201699,30962,46164,3677,12,2
1201799,26447,54335,1851,15,0
1201921,60913,49399,4408,22,3
1202082,32719,158454,6000,21,2
1202183,34700,75943,8451,17,1
1202310,56797,188893,8894,13,4
1202369,34499,88841,1350,13,4
1202369,34499,142192,4707,13,4
1202434,64420,189380,9381,21,2
1202501,69715,92896,7915,20,4
1202599,63779,148815,3844,13,4
1202721,26386,91861,1862,12,2
1202784,67807,101466,6487,12,2
1202981,50152,31918,9428,1,1
1202982,45323,65102,7609,17,1
1203616,39982,89766,9767,1,1
1203873,56989,56778,4294,24,1
1203908,31865,122119,7144,21,2
1204071,31796,39426,9427,0,0
1204098,21152,196443,4001,13,4
1204101,1597,75501,3023,22,3
1204194,37462,60134,7653,22,3
1204388,42965,147928,5471,19,3
1204391,36766,103092,5603,0,0
1204455,53149,191604,4124,12,2
1204519,27781,10053,2555,22,3
1204579,65497,129879,7416,17,1
1204903,46886,69342,1849,17,1
1205030,32768,64994,7501,13,4
1205059,44771,136666,6667,20,4
1205126,44324,109582,9583,13,4
1205540,70000,4244,9245,15,0
1205825,21226,189935,7490,23,3
1206148,34541,87185,4710,19,3
1206151,22253,176167,6168,17,1
1206151,22253,187035,9554,17,1
1206338,65426,43255,3256,22,3
1206400,36313,121322,6347,13,4
1206434,46972,134007,1547,0,0
1206624,1528,172978,8013,21,2
1206855,30214,39063,4070,19,3
1206855,30214,176465,8983,19,3
1206881,40814,17557,5061,20,4
1207009,57416,41025,3530,18,2
1207009,57416,133024,3025,18,2
1207204,50452,126300,8813,19,3
1207264,65851,180667,8222,15,0
1207302,34363,1505,6506,24,1
1207362,42076,183449,3450,22,3
1207809,58456,176890,1925,20,4
1208128,61141,128799,3824,0,0
1208289,67610,81973,6990,15,0
1208291,21775,171799,1800,0,0
1208579,72859,157141,7142,20,4
1208738,63604,15844,3348,15,0
1208743,66281,116920,6921,23,3
1208772,34097,197444,2483,20,4
1208935,28246,149711,9712,13,4
1209317,74956,184423,4424,12,2
1209414,60610,26519,9022,13,4
1209447,41557,76748,9256,16,0
1209539,19297,35074,5075,15,0
1209572,47243,123304,5817,1,1
1209760,68804,119648,9649,15,0
1209952,61708,176453,1488,23,3
1209957,21826,170105,2623,23,3
1210241,30104,49008,4017,24,1
1210372,37519,88956,6481,15,0
1210402,36163,185348,2903,18,2
1210469,52048,188298,5853,15,0
1210657,54862,36336,1343,24,1
1211204,37936,134336,4337,14,0
1211587,49726,158042,3073,24,1
1211783,34978,80613,5630,18,2
1212034,34414,114946,9969,12,2
1212224,73343,182599,5118,1,1
1212327,54184,34077,1587,24,1
1212549,63922,132276,9816,19,3
1212705,30850,176815,6816,0,0
1213382,52243,69487,7006,22,3
1213634,36925,111859,1860,18,2
1213728,44476,123321,3322,19,3
1214115,27817,64347,4348,15,0
1214150,74203,198481,6039,1,1
1214212,65875,152966,2967,18,2
1214500,34060,189598,9599,22,3
1214535,70411,24054,4055,12,2
1214535,70411,71227,8749,12,2
1214592,59935,168827,8828,24,1
1214593,49999,133207,5721,20,4
1214819,69920,50770,8286,1,1
1215044,31861,15548,5549,0,0
1215105,21232,76461,3983,18,2
1215395,19579,82728,2729,19,3
1215461,41710,141788,4303,20,4
1215462,40615,54657,4658,0,0
1215585,65432,88911,8912,17,1
1215776,73954,129036,6573,21,2
1215877,61409,166385,1418,0,0
1215969,25727,120187,2700,15,0
1216064,54481,149243,6786,21,2
1216548,66001,96475,8985,19,3
1216742,40142,63944,6451,12,2
1217024,54598,132755,7782,0,0
1217120,30664,137737,5277,20,4
1217280,40862,32868,7875,21,2
1217410,51796,146211,3754,22,3
1217440,64940,128499,8500,12,2
1217504,31993,180277,5314,1,1
1217639,23695,173294,3295,15,0
1217696,30997,132041,2042,19,3
1217763,66619,177179,9697,23,3
1217824,70381,128546,3571,24,1
1217830,25192,183900,8937,13,4
1218081,59227,181341,1342,0,0
1218435,68207,196471,6472,22,3
1218560,36074,135718,8232,17,1
1218563,68512,187273,2310,13,4
1219043,29485,61260,6273,18,2
1219043,29485,182097,2098,18,2
1219045,48295,155264,5265,18,2
1219110,34181,197176,2215,21,2
1219200,56887,142567,5082,24,1
1219239,41527,165126,7643,16,0
1219495,25687,118128,5662,20,4
1219553,40642,34440,1950,17,1
1219589,70034,9104,4105,13,4
1219650,24106,13026,3027,0,0
1219650,24106,49573,9574,0,0
1220355,18914,92571,7590,24,1
1220356,26555,60323,2830,14,0
1220547,27514,22392,2393,18,2
1220896,1243,23649,8654,14,0
1221026,24856,76935,1950,17,1
1221186,50656,41538,9051,18,2
1221253,63868,171606,1607,21,2
1221284,42811,152429,2430,13,4
1221415,63889,43788,1301,21,2
1221415,63889,149145,4174,21,2
1221440,68779,32680,2681,18,2
1221664,72878,109940,2451,16,0
1221827,29183,37093,9597,0,0
1222144,19529,191048,8606,16,0
1222209,54671,83812,6321,0,0
1222466,71002,59549,4560,19,3
1222466,71002,173396,3397,19,3
1222528,23515,183501,3502,14,0
1222532,67033,141217,8760,19,3
1222532,67033,174678,2230,19,3
1222816,61835,144750,7265,12,2
1222949,47690,109803,7334,21,2
1223105,72817,71510,1511,20,4
1223143,1553,140055,7598,1,1
1223271,45008,107858,7859,16,0
1223331,35569,12951,5453,19,3
1223526,59692,64782,2301,20,4
1223939,24439,107378,2399,15,0
1224101,44500,133160,5674,17,1
1224101,44500,145900,8415,17,1
1224160,28990,110184,2696,21,2
1224196,73765,186429,6430,21,2
1224353,26513,159706,4737,23,3
1224481,45197,183349,5868,16,0
1224612,42455,75881,5882,17,1
1224739,21574,64479,4480,21,2
1224774,61736,135543,3083,18,2
1224775,32608,44843,4844,15,0
1224870,51523,48341,8342,16,0
1224896,48190,122711,7736,1,1
1224961,33725,56817,9323,12,2
1225280,41230,20484,5489,0,0
1225539,63538,119310,4333,17,1
1225603,69712,62946,5453,19,3
1225603,69712,78005,3020,19,3
1225605,1714,57544,5060,23,3
1225697,58249,22752,2753,13,4
1225698,57715,150117,2633,1,1
1225703,57761,1441,3942,16,0
1225735,72236,119416,9417,16,0
1226020,44851,96628,6629,20,4
1226020,44851,152925,2926,20,4
1226214,63757,47128,2137,23,3
1226532,33329,98069,5597,1,1
1226561,40726,169599,7148,19,3
1226720,24463,186592,6593,1,1
1226855,20110,147022,4565,13,4
1227014,69572,19055,1557,18,2
1227014,69572,57150,4666,18,2
1227041,41596,126466,1491,21,2
1227237,55099,115863,5864,22,3
1227264,71486,74943,9958,21,2
1227649,59887,137551,5091,1,1
1228195,29846,198480,6038,15,0
1228262,45244,84999,2524,24,1
1228263,50716,15184,5185,19,3
1228358,31369,55093,5094,0,0
1228419,1789,63698,6205,0,0
1228419,1789,164628,2177,0,0
1228839,67162,153579,3580,24,1
1228871,56347,83130,5639,14,0
1229092,54518,85833,3358,0,0
1229121,28085,97231,2250,1,1
1229217,28096,17758,2761,18,2
1229281,18856,94487,6997,16,0
1229510,24170,28618,8619,21,2
1229607,73330,116777,9289,24,1
1229763,39943,18116,3119,1,1
1229763,39943,119166,4189,1,1
1229986,47437,102984,5495,15,0
1230084,33554,36312,6313,12,2
1230112,61208,40086,5095,17,1
1230112,61208,169463,1980,17,1
1230244,69823,144881,4882,21,2
1230663,51809,44407,1920,0,0
1230694,40034,32559,7566,18,2
1230754,73796,82522,7539,18,2
1230754,73796,84062,6571,18,2
1230945,55067,130945,5972,1,1
1230977,56489,74167,9182,21,2
1230977,56489,111511,4023,21,2
1231043,35915,870,3371,24,1
1231298,53275,127103,4640,1,1
1231462,49204,72156,9678,24,1
1231682,63158,41842,9355,17,1
1231875,65720,153878,3879,18,2
1231904,68597,156367,3913,23,3
1231970,58150,99113,9114,21,2
1232128,34879,187141,2178,16,0
1232132,23522,114343,9366,19,3
1232230,64582,135801,5802,16,0
1232352,69881,142780,7809,16,0
1232390,1531,138015,3042,21,2
1232421,62917,76521,4043,13,4
1232421,62917,146379,8894,13,4
1232672,57664,9893,4894,17,1
1232865,45574,119149,4172,13,4
1233185,25372,17828,5332,22,3
1233412,35231,55393,7899,15,0
1233669,64943,67576,5095,17,1
1233669,64943,185296,2851,17,1
1233671,72682,165091,5092,22,3
1233952,28612,152098,2099,0,0
1233952,28612,168245,8246,0,0
1234272,23650,184704,2259,14,0
1234274,48592,1558,6559,0,0
1234437,49339,21729,9236,13,4
1234439,59576,23716,8721,15,0
1234529,63991,122585,5098,1,1
1234726,57115,6875,6876,15,0
1234753,72091,129173,1686,18,2
1234757,46303,38960,3967,19,3
1234977,43205,31198,3702,19,3
1235328,73006,55389,5390,20,4
1235399,53719,27179,7180,17,1
1235431,43312,81324,8849,23,3
1235558,45223,77514,7515,15,0
1235558,45223,189981,9982,15,0
1235655,21038,174092,1644,19,3
1235680,30268,173466,5984,13,4
1235843,51169,167677,5226,23,3
1235879,72382,250,5251,13,4
1236003,27574,84307,4308,23,3
1236004,64006,85182,5183,0,0
1236035,34153,148458,6001,22,3
1236101,60226,41721,9234,22,3
1236101,60226,191311,8869,22,3
1236548,22751,147161,9676,15,0
1236550,32069,120586,5611,24,1
1236674,21514,98330,8331,20,4
1236675,71765,104071,9092,1,1
1236769,28822,103971,6482,12,2
1236870,49738,129864,4889,21,2
1236966,45931,24592,9597,0,0
1237248,40417,175310,5311,0,0
1237510,60505,7721,5222,16,0
1237698,37810,137388,7389,19,3
1237699,45397,156900,6901,0,0
1237762,39898,62975,5482,1,1
1238018,74404,145041,2584,19,3
1238083,74539,101593,6614,15,0
1238272,62512,27010,2015,15,0
1238272,62512,143751,1294,15,0
1238307,28069,179155,6707,13,4
1238336,45950,63166,3167,22,3
1238342,68018,73774,8789,12,2
1238407,72581,76518,6519,19,3
1238624,69700,71752,1753,23,3
1238945,63127,105666,5667,17,1
1239104,29312,107133,7134,17,1
1239170,22562,15024,7526,13,4
1239266,67996,144141,9170,23,3
1239328,58064,18813,3816,1,1
1239554,72065,77016,7017,14,0
1239651,65168,3627,8628,21,2
1239746,56764,130688,8228,12,2
1239811,19667,43097,8106,13,4
1239970,34414,182251,7288,12,2
1240001,43108,45013,7518,0,0
1240067,43748,181734,9289,24,1
1240071,58523,9189,6690,23,3
1240135,22156,9981,7482,14,0
1240291,40105,68025,3038,21,2
1240352,61357,184316,1871,13,4
1240545,57112,44769,9778,1,1
1240676,71365,177597,7598,1,1
1240838,72010,93524,8543,21,2
1241060,22895,172612,2613,15,0
1241061,41863,21313,1314,15,0
1241478,32356,175857,8375,23,3
1241538,20240,20172,2675,19,3
1241863,23248,74844,4845,16,0
1241984,45526,182860,2861,18,2
1242114,51265,93724,1252,18,2
1242177,65066,46876,9381,21,2
1242215,31459,151582,4098,15,0
1242272,39085,7195,4696,14,0
1242336,29290,12372,7375,17,1
1242336,29290,129950,9951,17,1
1242435,28723,154973,2519,1,1
1242497,35443,71069,8591,0,0
1242628,46999,60058,7577,13,4
1242819,64519,15862,8364,17,1
1242881,32494,61732,9251,17,1
1243203,53564,176280,1315,13,4
1243270,64531,96843,1862,12,2
1243559,69881,184754,2309,16,0
1243623,56263,127433,4970,0,0
1243746,53659,184057,4058,12,2
1243906,68218,189336,9337,20,4
1243908,42940,24407,1914,13,4
1243937,27943,15086,5087,13,4
1243975,68471,51348,6359,21,2
1244038,28849,154311,1857,12,2
1244224,42679,179370,1888,19,3
1244384,38708,69071,9072,14,0
1244389,36733,57254,4770,0,0
1244449,32626,18646,6150,16,0
1244452,65357,80629,3138,14,0
1244515,24059,34261,4262,16,0
1244515,24059,81832,1833,16,0
1244641,60445,37938,5448,13,4
1244641,60445,114345,1879,13,4
1244775,41590,69363,6882,22,3
1244833,31529,142670,2671,19,3
1244901,26179,35882,8386,21,2
1244997,33547,181783,6820,12,2
1245121,21961,63603,6110,12,2
1245222,27605,113320,8343,21,2
1245281,39055,162566,5083,18,2
1245315,61877,94714,4715,0,0
1245349,28126,127810,5347,20,4
1245414,42289,28485,3490,16,0
1245415,20341,72606,7621,21,2
1245703,53582,131956,9496,17,1
1245732,36598,41385,6394,20,4
1245857,30533,191503,1504,24,1
1246112,56885,102897,5408,24,1
1246112,56885,174047,6565,24,1
1246114,41617,109357,6888,21,2
1246336,30257,33239,3240,24,1
1246469,69760,159405,6951,21,2
1246469,69760,171350,3868,21,2
1246470,37405,47277,2286,15,0
1246624,64850,30837,3341,17,1
1246624,64850,116169,8681,17,1
1246886,23674,197967,3006,1,1
1247172,35758,10398,7902,12,2
1247172,35758,189725,7280,12,2
1247429,25957,175003,2555,22,3
1247556,49987,106491,4022,24,1
1247588,26404,11154,6157,17,1
1247777,33773,27013,7014,19,3
1248165,25135,132321,4835,23,3
1248324,53104,9621,4622,12,2
1248677,36845,148118,3147,23,3
1248771,24472,196352,1391,21,2
1248932,30962,195951,8471,12,2
1248966,26714,142842,7871,19,3
1248966,26714,151946,6977,19,3
1248967,29455,136625,6626,16,0
1249252,57722,579,3080,22,3
1249441,66997,160783,3300,13,4
1249475,54655,117024,4558,18,2
1249888,38398,194177,6697,15,0
1249889,51839,184365,6884,24,1
1249890,48772,142961,2962,0,0
1250082,20924,1616,6617,20,4
1250119,42229,111976,6999,20,4
1250119,42229,171202,8754,20,4
1250596,37457,45124,7629,24,1
1250599,46406,120319,5344,17,1
1250629,56359,196812,1851,15,0
1250789,64234,123564,6077,24,1
1251169,43847,40248,2753,13,4
1251207,34580,192636,2637,17,1
1251557,38992,79012,1520,19,3
1251651,30557,187772,2809,17,1
1251745,36799,138036,3063,20,4
1251746,21347,142092,2093,19,3
1251937,40246,170749,3267,20,4
1251940,22711,17648,2651,18,2
1252097,65689,15311,7813,24,1
1252581,31481,166740,6741,16,0
1252770,36946,104308,4309,1,1
1252837,71342,37814,2821,1,1
1253027,60622,172985,5503,16,0
1253156,44521,143979,1522,24,1
1253382,61648,109848,2359,1,1
1253383,54389,140213,2728,24,1
1253441,66431,171492,1493,0,0
1253472,54061,165642,3191,15,0
1253703,64396,189907,9908,12,2
1253735,33388,170475,8027,24,1
1253990,42403,70701,3209,1,1
1253990,42403,174302,1854,1,1
1254114,29290,139127,1641,17,1
1254240,65267,43765,3766,24,1
1254246,42133,154651,2197,16,0
1254304,23407,123452,8477,15,0
1254309,53911,168668,8669,20,4
1254369,43433,192748,2749,21,2
1254561,71056,27646,5153,23,3
1254757,27268,37060,4570,18,2
1254854,52135,33416,3417,23,3
1254882,69286,112535,2536,23,3
1254912,28472,9399,9400,21,2
1254981,45656,181369,3888,12,2
1255075,64528,134719,2259,14,0
1255111,45856,163887,3888,12,2
1255141,32840,180899,5936,22,3
1255175,19241,181975,4494,0,0
1255396,47011,124030,4031,23,3
1255396,47011,156923,6924,23,3
1255590,58369,115986,8498,22,3
1255716,40012,92909,5419,17,1
1255716,40012,104391,6902,17,1
1255878,31622,129703,9704,19,3
1256000,40838,188024,5579,21,2
1256483,36028,136211,3751,19,3
1256544,54802,146951,1980,17,1
1256769,23765,124237,9262,16,0
1256807,50368,141173,3688,16,0
1256837,61048,25126,5127,23,3
1256967,67219,21853,9360,21,2
1257287,60754,166657,9174,13,4
1257377,41692,81366,8891,22,3
1257377,41692,157801,7802,22,3
1257445,66229,184324,1879,13,4
1257831,66619,7622,2623,23,3
1257984,72958,96897,4425,23,3
1258019,59113,146553,4096,16,0
1258402,39284,76750,6751,18,2
1258466,26915,120966,8503,0,0
1258466,26915,178358,8359,0,0
1258499,27197,63102,5609,23,3
1258533,38119,124778,2315,18,2
1258725,36731,15248,7750,18,2
1258725,36731,123739,8764,18,2
1258977,32111,38362,8363,12,2
1258980,34738,9456,1957,1,1
1258980,34738,49596,4605,1,1
1259076,33560,110023,5046,23,3
1259171,26353,117426,2449,13,4
1259205,59332,73850,1372,22,3
1259205,59332,182003,9558,22,3
1259361,52378,151851,1852,24,1
1259586,72856,33799,8806,18,2
1259717,59710,6645,9146,24,1
1259811,65971,127352,4889,21,2
1259846,57355,182687,2688,15,0
1260001,72220,48670,8671,20,4
1260134,63484,83741,3742,14,0
1260134,63484,85880,5881,14,0
1260289,1273,163327,5844,12,2
1260385,64777,168870,3903,15,0
1260423,50110,76997,9505,19,3
1260517,26213,120812,8349,21,2
1260679,48178,185605,3160,15,0
1260704,23035,4543,9544,17,1
1260832,31979,64146,9159,16,0
1260898,24836,113257,5769,12,2
1261057,52163,153367,8398,20,4
1261089,69910,181206,3725,12,2
1261095,52648,120333,5358,23,3
1261189,28541,67464,2477,14,0
1261443,41704,9671,2172,13,4
1261632,69823,53684,3685,21,2
1261764,70504,87286,9795,13,4
1261858,49190,18417,5921,17,1
1261892,55723,115422,2956,13,4
1261991,72718,103543,8564,1,1
1262017,67687,2171,9672,18,2
1262017,67687,6498,8999,18,2
1262210,1846,6750,4251,16,0
1262273,35518,11806,6809,22,3
1262311,68677,172341,9893,0,0
1262342,29132,156472,1503,24,1
1262627,27698,20478,2981,19,3
1262628,53779,35861,5862,14,0
1262816,67249,114978,7490,23,3
1262948,35644,3551,8552,23,3
1263043,58664,143713,3714,23,3
1263553,23338,137202,9716,18,2
1263557,50261,129082,1595,20,4
1263814,58876,103692,6203,15,0
1264647,48785,18963,6467,22,3
1264736,22214,141729,6758,24,1
1264806,29761,196558,4116,17,1
1264835,64828,112234,9768,14,0
1264967,59116,34111,4112,20,4
1265155,20230,105760,8271,13,4
1265221,48815,39608,9609,21,2
1265414,66466,2504,5005,21,2
1265571,66586,9433,9434,18,2
1265861,24577,49506,7019,21,2
1266018,61405,119385,4408,22,3
1266080,54275,48046,3055,18,2
1266112,57299,998,3499,16,0
1266247,35212,124763,9788,13,4
1266309,53948,89029,9030,22,3
1266309,53948,140110,7653,22,3
1266592,27991,20478,2981,19,3
1267267,63590,113672,6184,15,0
1267778,46012,65959,5960,1,1
1267840,30187,24828,4829,20,4
1267846,27703,21110,8617,24,1
1268064,27449,286,7787,12,2
1268353,60727,127645,5182,0,0
1268518,60932,52558,7569,16,0
1268641,48079,179553,9554,17,1
1268774,41927,81096,3605,22,3
1268928,24827,68844,3857,17,1
1269095,41545,121664,4177,12,2
1269220,24283,14440,1944,20,4
1269254,71890,167378,2411,16,0
1269701,28798,141158,3673,24,1
1269767,73552,116886,6887,18,2
1269927,66577,189518,2037,12,2
1270215,49925,73494,8509,22,3
1270499,71815,100769,8300,1,1
1270822,28897,117451,2474,0,0
1270853,26731,59864,7380,1,1
1271046,22381,112023,9557,23,3
1271168,35842,163611,6128,20,4
1271559,53111,82332,2333,22,3
1271684,30554,56206,6207,24,1
1271715,51271,69130,9131,21,2
1271779,52222,1876,9377,13,4
1271779,52222,8270,8271,13,4
1271809,68741,21945,4448,18,2
1271810,25244,157687,7688,23,3
1271813,39562,62733,5240,21,2
1271877,33196,110919,5942,22,3
1272320,54308,24517,4518,17,1
1272385,57179,89399,9400,21,2
1272579,41516,42278,4783,22,3
1272838,21437,156558,4104,21,2
1272865,68066,187504,5059,1,1
1273123,21700,41618,6627,23,3
1273315,56818,54056,1572,20,4
1273445,25406,173673,3674,14,0
1273957,45047,108490,3511,17,1
1273958,38432,60143,5156,14,0
1274337,52462,30590,3094,21,2
1274403,47188,143024,5539,17,1
1274434,63311,129702,2215,21,2
1274467,33344,125020,2557,19,3
1274496,20144,57090,2101,18,2
1274983,72140,10403,2905,12,2
1275010,37591,66366,8873,16,0
1275108,46637,99291,1801,13,4
1275109,71585,75418,5419,17,1
1275201,45769,10598,3100,14,0
1275399,61049,80607,8132,17,1
1275559,71957,138855,6395,12,2
1275584,66650,27153,7154,23,3
1275719,46459,22685,5188,18,2
1275719,46459,40253,5262,18,2
1275812,73895,151449,8995,23,3
1275872,50534,176825,1860,18,2
1275907,30652,176607,6608,1,1
1276097,26201,33818,3819,12,2
1276197,70918,161122,6155,18,2
1276422,61816,51458,6469,23,3
1276484,64075,149017,9018,18,2
1276519,55960,156482,6483,12,2
1276705,21716,92987,5497,16,0
1276768,42728,88749,3766,24,1
1276775,50284,31835,1836,0,0
1276805,1438,13165,5667,17,1
1276833,29123,184577,2132,12,2
1276997,35548,33505,3506,0,0
1277153,48638,191336,1337,20,4
1277248,45665,152029,9575,24,1
1277255,33067,36380,8884,13,4
1277351,52393,71359,3867,0,0
1277376,56029,30740,5747,19,3
1277376,56029,132423,7450,19,3
1277441,70201,7854,7855,18,2
1277666,48829,125076,2613,15,0
1277729,65167,39751,7261,20,4
1277765,46784,85047,2572,22,3
1277799,42988,174596,2148,24,1
1277894,42545,29872,9873,19,3
1277923,44060,69789,4802,12,2
1278211,29920,67571,7572,22,3
1278211,29920,101525,1526,22,3
1278624,52877,8058,8059,19,3
1279175,71458,34621,4622,12,2
1279238,25639,167566,2599,14,0
1279364,70201,133250,8277,18,2
1279366,73357,167685,7686,20,4
1279397,41467,158007,3038,21,2
1279584,64519,148384,3413,17,1
1280129,58753,168023,8024,13,4
1280192,42223,192125,4645,18,2
1280260,58798,61153,6166,13,4
1280357,60410,189896,2415,14,0
1280455,38836,40201,5210,0,0
1280455,38836,104579,4580,0,0
1280546,37645,15486,2990,20,4
1280577,48241,36528,4038,14,0
1280801,43255,129057,9058,0,0
1280803,72079,52493,4999,18,2
1280803,72079,102222,4733,18,2
1280900,22487,86140,6141,13,4
1281511,26726,94570,2098,18,2
1281827,39386,138789,6329,12,2
1281860,64378,167320,4869,15,0
1281954,44035,173026,8061,17,1
1282146,46907,187692,7693,1,1
1282214,32411,163609,6126,19,3
1282214,32411,169950,7499,19,3
1282336,36035,33334,3335,20,4
1282336,36035,38931,1435,20,4
1282375,39283,127457,4994,20,4
1282434,41924,186258,3813,1,1
1282435,62512,55159,5160,15,0
1282629,33649,97206,7207,23,3
1282695,27130,140506,8049,24,1
1282817,70478,50728,8244,12,2
1282852,49303,24617,2124,22,3
1282919,69530,85795,3320,14,0
1282951,50290,184633,2188,17,1
1282980,68629,109632,2143,1,1
1283328,34387,176857,4409,24,1
1283427,38147,7249,7250,21,2
1283495,69235,9228,9229,1,1
1283749,57493,14231,1735,12,2
1283749,57493,51352,3858,12,2
1283811,61951,162943,2944,24,1
1283846,29507,44320,6825,20,4
1283846,29507,169893,2410,20,4
1284166,72895,84907,7416,17,1
1284228,26767,109266,4287,0,0
1284517,25879,55233,2749,21,2
1284646,44678,128753,3778,18,2
1284963,34154,141961,1962,22,3
1285122,23254,172846,5364,1,1
1285187,19697,158195,3226,15,0
1285314,39229,39670,7180,17,1
1285314,39229,139445,1959,17,1
1285444,53383,168612,8613,23,3
1285504,22976,90252,2762,1,1
1285537,53899,6565,1566,24,1
1285605,29824,45936,3449,17,1
1285700,56176,28734,6241,20,4
1285954,46798,89842,2351,12,2
1286017,40372,105283,5284,15,0
1286368,47830,167620,2653,23,3
1286500,62210,70317,2825,24,1
1286595,53072,19425,6929,23,3
1286599,55003,60731,8250,19,3
1286758,49886,4792,4793,20,4
1286758,49886,127427,2452,20,4
1287047,68104,4595,4596,13,4
1287078,47197,60880,8399,12,2
1287237,60707,67885,2898,13,4
1287397,52477,73389,3390,19,3
1287460,59609,2218,7219,21,2
1287463,30610,197075,4633,24,1
1287495,36088,67435,7436,22,3
1287525,27454,2834,2835,17,1
1287718,60214,72020,4528,24,1
1287749,23704,109203,9204,16,0
1287877,58891,149810,4839,23,3
1287908,60341,170059,7611,19,3
1287975,49178,152241,4757,18,2
1288228,26359,40887,5896,20,4
1288451,67375,177138,7139,0,0
1288454,54724,184972,4973,13,4
1288966,32704,41276,6285,16,0
1289062,31669,168295,5844,12,2
1289121,37270,161457,1458,24,1
1289123,49079,70463,7985,16,0
1289156,65131,8983,1484,16,0
1289216,53224,51759,9275,24,1
1289251,34309,61120,6133,18,2
1289251,34309,79316,9317,18,2
1289349,64330,184591,7110,22,3
1289377,48850,158240,3271,14,0
1289540,40909,33298,5802,16,0
1289792,59717,65611,3130,23,3
1289826,48049,179034,9035,12,2
1290018,33937,18285,8286,1,1
1290112,23194,187492,2529,21,2
1290145,70876,121374,1375,18,2
1290340,66505,124799,2336,22,3
1290821,56762,142537,2538,21,2
1290855,35764,72890,2891,20,4
1291078,39032,1631,1632,14,0
1291202,53569,149397,6940,24,1
1291460,31523,196156,6157,17,1
1291556,61327,142534,7563,16,0
1291680,20920,37624,5134,0,0
1291687,50725,47443,9948,1,1
1291715,45785,95070,2598,13,4
1291905,1726,173223,5741,13,4
1292037,71002,57493,2504,19,3
1292071,39112,95783,3311,1,1
1292164,29095,59655,7171,21,2
1292322,55141,93769,6279,23,3
1292450,74674,154525,7041,1,1
1292513,60277,186341,8860,19,3
1292517,55798,10757,5760,22,3
1292544,38009,61213,6226,21,2
1292673,33413,53272,5778,21,2
1292708,65306,173654,6172,16,0
1292836,24430,863,3364,16,0
1293024,49691,167090,7091,15,0
1293184,61405,108158,3179,22,3
1293184,61405,170960,3478,22,3
1293219,38164,155198,5199,21,2
1293476,23083,120154,5179,13,4
1293504,44596,139316,6856,18,2
1293797,51146,68858,8859,19,3
1293926,52651,186304,3859,1,1
1294055,42835,89003,6528,19,3
1294336,51317,142960,2961,17,1
1294468,44651,2949,7950,20,4
1294562,28717,146904,1933,22,3
1294628,66721,139818,9819,24,1
1294852,59537,53767,1283,21,2
1295075,26045,176547,6548,21,2
1295079,67208,123170,8195,14,0
1295105,29779,48935,1440,16,0
1295175,53935,39283,1787,24,1
1295234,45100,47097,9602,16,0
1295367,60557,145905,5906,20,4
1295427,65525,11890,1891,24,1
1295494,53794,195443,3001,24,1
1295715,24844,84858,9875,1,1
1295749,43606,103329,5840,12,2
1295970,72895,159450,4481,17,1
1296194,43667,117791,2814,20,4
1296258,52249,112031,7054,20,4
1296646,72982,67064,2077,21,2
1296673,21070,145085,5086,12,2
1296704,27358,135000,2540,20,4
1296870,62845,119301,4324,12,2
1296871,66788,144136,9165,24,1
1296992,72712,198861,8862,24,1
1297159,29843,126642,6643,13,4
1297218,23539,48576,6089,17,1
1297218,23539,145798,3341,17,1
1297286,28516,81935,1936,1,1
1297409,63613,35435,5436,20,4
1297414,31684,88068,3085,0,0
1297925,28735,59869,2375,18,2
1297927,73417,184810,4811,23,3
1298052,60043,15683,5684,0,0
1298080,64388,31492,3996,21,2
1298245,63685,185723,3278,0,0
1298535,38029,170013,5048,12,2
1298692,25531,11526,9030,22,3
1298725,1274,86463,3988,24,1
1298851,64192,87600,5125,12,2
1298880,27482,149147,6690,23,3
1299074,33430,184294,9331,14,0
1299173,42518,58541,3552,17,1
1299396,54229,103585,8606,16,0
1299399,49162,62722,2723,23,3
1299648,59341,97150,4678,22,3
1299685,22442,166335,6336,1,1
1299719,36274,20623,3126,24,1
1299846,71017,122921,5434,19,3
1299937,56702,68868,1375,18,2
1299937,56702,154624,9655,18,2
1300002,20057,89300,1809,20,4
1300135,72941,70711,3219,24,1
1300356,34010,183623,3624,24,1
1300515,71728,79131,6653,12,2
1300551,66052,174412,6930,13,4
1300705,36547,181836,1837,24,1
1300807,63643,90607,5626,13,4
1300870,59935,30499,8009,24,1
1300871,59873,51143,3649,24,1
1300930,59995,124860,7373,12,2
1301159,28892,126358,6359,21,2
1301575,62387,10366,2868,16,0
1301664,74762,131634,6661,12,2
1301696,70078,159514,2030,14,0
1301891,73150,158146,8147,20,4
1301952,46558,1008,3509,24,1
1301957,36496,157375,2406,24,1
1302085,49384,96887,6888,21,2
1302085,49384,163932,1481,21,2
1302086,30613,118544,3567,16,0
1302086,30613,118684,6218,16,0
1302497,19684,109601,2112,19,3
1302598,73976,69553,9554,17,1
1302663,48998,112151,4663,15,0
1302916,31243,106737,1758,12,2
1303046,38561,76832,4354,14,0
1303079,68249,97498,5026,17,1
1303265,56963,63403,3404,1,1
1303270,63280,131894,1895,21,2
1303649,61921,85305,5306,23,3
1303814,67673,161891,6924,23,3
1303909,64045,67153,7154,23,3
1304035,68033,193668,3669,23,3
1304039,47069,116993,9505,19,3
1304290,63707,67202,4721,17,1
1304290,63707,129553,9554,17,1
1304321,22250,101720,1721,23,3
1304386,59377,54506,9517,23,3
1305126,21562,186400,8919,23,3
1305250,29815,47400,7401,18,2
1305252,61417,101932,9463,15,0
1305280,39307,76944,4466,1,1
1305312,40432,142114,7143,24,1
1305317,58660,95094,5095,17,1
1305442,33547,46929,4442,12,2
1305504,58213,56602,4118,23,3
1305664,48875,40017,5026,17,1
1305861,52594,150598,3114,22,3
1305891,71008,66592,1605,13,4
1305955,58369,176279,8797,22,3
1306114,21508,40691,8204,21,2
1306375,54556,62101,7114,21,2
1306375,54556,119740,4763,21,2
1306407,55228,20036,5041,15,0
1306695,21280,96627,6628,13,4
1306817,71926,153731,6247,24,1
1306950,21448,27152,9655,18,2
1306977,59920,171750,1751,23,3
1307298,47827,16429,1432,21,2
1307365,41081,7760,2761,18,2
1307872,47306,5800,8301,20,4
1307969,62749,158936,6482,12,2
1308033,27208,17617,7618,22,3
1308035,51631,140738,8281,16,0
1308035,51631,173535,8570,16,0
1308576,38783,88382,3399,16,0
1308677,19096,55208,2724,14,0
1308705,59092,190339,7897,18,2
1308738,56752,95811,5812,13,4
1308999,70951,57064,4580,0,0
1309088,52295,54157,4158,19,3
1309088,52295,167577,7578,19,3
1309125,73412,10491,2993,20,4
1309287,21997,113597,3598,0,0
1309345,65014,174538,9573,14,0
1309381,71818,8741,6242,15,0
1309510,57779,192483,2484,18,2
1309603,41704,94566,4567,13,4
1309703,46606,30804,8314,22,3
1309922,56701,107482,9993,0,0
1310179,24667,40742,8255,12,2
1310592,67930,117691,5225,24,1
1310662,65530,195337,5338,22,3
1310788,38024,109067,9068,0,0
1310790,66772,71445,6460,15,0
1310820,39805,116797,4331,16,0
1311045,23224,155683,5684,0,0
1311232,54284,42784,7793,17,1
1311270,71068,111344,1345,12,2
1311590,26797,78867,8868,24,1
1311970,60181,103098,5609,23,3
1312129,40066,68549,3562,16,0
1312390,41405,199353,6911,0,0
1312418,33667,17018,7019,21,2
1312418,33667,165378,2927,21,2
1312450,67694,61593,1594,23,3
1312485,65453,125099,2636,14,0
1312578,33799,19158,1660,1,1
1312643,67727,55782,3298,23,3
1312676,22898,191098,6137,24,1
1312801,36796,98669,6197,1,1
1312801,36796,138725,6265,1,1
1312964,52819,145234,5235,20,4
1312999,61034,168827,1344,21,2
1313030,56555,111309,1310,24,1
1313189,56126,171830,9382,18,2
1313253,67282,196809,1848,16,0
1313573,58319,142464,2465,15,0
1313637,1421,61074,8593,12,2
1314085,23639,133939,1479,12,2
1314214,37148,164733,4734,0,0
1314434,71879,191335,1336,20,4
1314439,51229,4145,1646,23,3
1314502,69758,39114,6624,20,4
1315559,66052,15759,8261,13,4
1315911,68287,112588,7611,19,3
1316193,35330,181363,8918,19,3
1316263,40469,106699,9210,24,1
1316325,26890,119816,4839,23,3
1316642,66973,77854,7855,18,2
1316772,64108,45763,3276,19,3
1316833,54808,144499,7014,19,3
1316864,65422,28245,5752,24,1
1317121,74203,197501,5059,1,1
1317124,33851,133052,8079,19,3
1317538,65947,38209,8210,20,4
1317538,65947,57949,7950,20,4
1317792,50446,67758,5277,20,4
1317888,64124,66368,1381,24,1
1317991,62701,169890,9891,20,4
1318149,48980,85160,7669,23,3
1318275,21172,22820,2821,1,1
1318496,33025,138028,3055,18,2
1318592,42709,31220,8730,22,3
1318819,56968,152467,4983,12,2
1318915,60385,101520,4031,23,3
1319008,57464,37541,7542,0,0
1319072,28144,157262,9778,1,1
1319239,25735,183293,3294,20,4
1319463,30026,189433,1952,13,4
1319552,66760,140644,5673,16,0
1319589,68053,87471,2488,23,3
1319589,68053,109942,7473,23,3
1319622,22735,5889,8390,20,4
1319939,26051,78642,6164,23,3
1319968,50182,39639,7149,16,0
1320547,43432,165516,3065,1,1
1320615,34723,58519,3530,18,2
1320864,74758,59081,4092,22,3
1320901,65945,77786,5308,21,2
1320992,72425,65673,8180,20,4
1321060,39895,12285,9789,22,3
1321573,52025,133795,6309,18,2
1321796,51508,127254,7255,20,4
1321952,25543,76027,6028,12,2
1322021,53614,68260,5779,12,2
1322118,42128,74432,1954,24,1
1322595,61921,17107,4611,23,3
1322659,71446,89375,1884,1,1
1322723,27926,182273,7310,23,3
1322854,67922,114256,6768,0,0
1322884,32432,98156,5684,0,0
1322976,39242,168616,3649,24,1
1323299,40067,154318,4319,13,4
1323331,35476,166299,6300,0,0
1323393,31868,165035,2584,19,3
1323393,31868,182031,9586,19,3
1323399,43982,41949,4454,17,1
1323399,43982,56245,8751,17,1
1323559,1838,180457,2976,21,2
1323623,55723,122427,7452,13,4
1323813,63265,68654,3667,19,3
1323877,42295,187232,2269,20,4
1323908,64156,187532,5087,13,4
1323936,36919,151546,6577,24,1
1323971,25129,67034,7035,1,1
1323973,66997,134005,1545,13,4
1324262,39322,88770,8771,19,3
1324294,69670,147575,5118,1,1
1324515,65584,152256,2257,23,3
1324613,42775,70130,7652,23,3
1324803,71074,144556,4557,17,1
1324966,49564,97812,5340,17,1
1324967,67873,132570,5084,18,2
1325058,53255,59956,9957,23,3
1325092,52549,102448,2449,13,4
1325575,40183,61136,6149,19,3
1325858,46750,179142,4177,12,2
1325894,62017,43372,8381,12,2
1326083,26440,150246,5277,20,4
1326118,51856,153710,6226,21,2
1326214,29131,51648,4154,18,2
1326272,42628,106333,3864,22,3
1326339,54947,179539,7091,15,0
1326624,28205,14638,9641,24,1
1326689,54395,54193,9204,16,0
1327331,56875,117352,9864,23,3
1327430,32620,142992,2993,20,4
1327523,53422,87075,4600,12,2
1327523,53422,161856,1857,12,2
1327648,21562,3912,3913,23,3
1328068,28124,14866,2370,20,4
1328225,69037,47705,5218,18,2
1328517,59524,29923,2426,19,3
1328544,63253,117165,9677,17,1
1328673,60062,103746,1277,0,0
1328771,46117,68506,8507,17,1
1328932,43982,158336,3367,17,1
1329125,30532,186525,6526,21,2
1329152,47494,178489,8490,20,4
1329157,21529,22851,7856,12,2
1329380,23596,165343,5344,17,1
1329445,61891,38897,3904,17,1
1329858,21718,193025,8064,21,2
1330087,24890,106137,3668,17,1
1330146,54268,44363,9372,16,0
1330336,32780,12350,7353,12,2
1330434,54808,98996,1506,19,3
1330437,50405,182661,5180,16,0
1330439,26165,136730,9244,1,1
1330725,31237,15244,2748,14,0
1330816,23032,163944,6461,0,0
1331491,45955,163410,5927,22,3
1331493,48580,82036,4545,13,4
1331493,48580,187209,7210,13,4
1331587,23261,161360,6393,1,1
1331776,74245,22863,2864,17,1
1331847,28288,184485,7004,16,0
1331943,24409,92268,2269,20,4
1331972,73354,6585,9086,24,1
1331975,46424,21562,9069,17,1
1331975,46424,124426,9451,17,1
1332132,49651,54437,9448,1,1
1332453,26321,78066,8067,17,1
1332992,49672,82050,7067,23,3
1333222,67661,161963,1964,14,0
1333282,32860,102920,7941,24,1
1333474,19256,35243,7747,14,0
1333474,19256,169027,9028,14,0
1333607,62941,85288,2813,14,0
1333734,65209,191587,4107,18,2
1333760,60745,145765,5766,13,4
1333792,60344,111899,9433,18,2
1333793,40438,191067,3587,23,3
1333824,58166,67070,4589,16,0
1333824,58166,170350,2868,16,0
1333861,73895,117069,4603,23,3
1333861,73895,184091,1646,23,3
1333988,68794,86291,6292,23,3
1334016,29413,72613,7628,0,0
1334087,18955,2765,7766,24,1
1334150,28978,146866,1895,21,2
1334306,52597,114021,6533,22,3
1334496,34282,189562,2081,12,2
1334720,29314,16614,4118,23,3
1334818,45014,199873,7431,13,4
1334978,50279,101437,1438,12,2
1335009,47327,198142,5700,18,2
1335204,51892,90754,3264,14,0
1335429,61252,49589,9590,15,0
1335554,44627,161862,9411,18,2
1335623,40226,193840,3841,1,1
1335717,67651,411,7912,16,0
1335719,43783,34729,4730,22,3
1335840,67534,142027,9570,1,1
1335847,20467,16118,6119,14,0
1335904,38303,32382,2383,16,0
1335973,71782,9993,4994,20,4
1336005,59581,76016,3538,23,3
1336098,41860,182501,7538,16,0
1336227,65419,179561,9562,14,0
1336482,28600,40149,2654,17,1
1336614,56021,114584,4585,19,3
1336867,52501,192403,7442,21,2
1337219,41167,69086,4099,21,2
1337252,53734,33551,6055,0,0
1337280,59192,103622,3623,24,1
1337508,26059,41605,9118,0,0
1337568,44804,71580,1581,13,4
1337638,54751,8797,8798,15,0
1337826,63556,164531,2080,17,1
1337958,64720,55467,7973,19,3
1337987,47177,124340,6853,13,4
1338050,24307,144755,4756,1,1
1338051,49232,17160,2163,13,4
1338052,35624,174529,4530,16,0
1338241,43174,172325,4843,17,1
1338304,57316,10232,2734,1,1
1338406,24253,165133,2682,12,2
1338471,44573,116631,9143,0,0
1338694,53434,141871,6900,15,0
1338752,52355,31309,6316,13,4
1338882,56893,26622,9125,21,2
1338885,49115,114228,9251,17,1
1338976,66658,43824,1337,20,4
1339013,71990,21019,6024,18,2
1339175,40205,177562,7563,16,0
1339303,64342,30435,5442,0,0
1339330,60559,44824,2337,17,1
1339426,67339,109838,9839,18,2
1339490,27011,73326,5834,23,3
1339520,74242,159303,6849,0,0
1339558,54139,160082,5115,24,1
1339588,59653,58489,8490,20,4
1339651,25229,197056,2095,20,4
1339654,65095,192880,2881,15,0
1339846,35798,118924,8925,1,1
1339972,39925,132071,4585,19,3
1340289,53950,19010,4013,14,0
1340358,43585,31837,4341,21,2
1340483,48476,151721,9267,15,0
1340549,39535,2162,7163,22,3
1340578,42016,178861,8862,24,1
1340801,73339,182986,2987,22,3
1341216,26143,170589,5624,1,1
1341220,73399,197344,9864,23,3
1341316,25483,76870,1885,16,0
1341318,64090,28980,8981,24,1
1341411,68275,111071,3583,20,4
1341440,72643,49969,7482,14,0
1341830,40540,5592,8093,19,3
1341988,21368,35497,8001,0,0
1342374,36088,58420,5936,22,3
1342435,50332,178632,3667,19,3
1342469,74504,189574,4611,23,3
1343013,68440,197684,7685,1,1
1343424,72265,170247,7799,22,3
1343463,66961,39492,9493,17,1
1343495,44281,162217,4734,0,0
1343717,54920,116548,1571,23,3
1343872,19649,17016,7017,14,0
1343969,18907,50102,5113,0,0
1344071,72227,57983,5499,19,3
1344192,58768,41938,6947,16,0
1344192,58768,51436,3942,16,0
1344194,74330,153633,3634,22,3
1344262,29921,187104,4659,19,3
1344293,25624,196606,1645,13,4
1344417,46799,184036,1591,22,3
1344455,36610,141424,6453,20,4
1344611,33979,82137,4646,1,1
1344772,42665,30916,8426,24,1
1344775,58897,118900,8901,24,1
1344897,58678,162797,5314,1,1
1345059,65881,110028,2540,20,4
1345255,69964,73654,3655,24,1
1345284,43375,57026,2037,12,2
1345381,36475,16182,6183,22,3
1345472,45835,70885,3393,16,0
1345603,39041,56271,6272,19,3
1345639,30512,176004,6005,15,0
1345987,65884,35732,5733,15,0
1346113,74116,2385,7386,22,3
1346113,74116,117310,2333,22,3
1346305,27224,178980,1498,20,4
1346560,38890,159661,2177,0,0
1346695,54785,1612,6613,14,0
1346785,40297,61810,1811,1,1
1346785,40297,74011,1533,1,1
1347203,40040,37211,9715,21,2
1347266,50506,183020,8057,24,1
1347329,69475,72979,5487,17,1
1347364,58396,28728,6235,19,3
1347559,58033,36355,1362,0,0
1347588,35366,108095,8096,22,3
1347686,46699,197342,7343,23,3
1347746,34801,126858,1883,19,3
1347972,60299,23889,3890,14,0
1348128,68581,107730,2751,13,4
1348132,62122,136202,8716,12,2
1348194,60310,185672,5673,16,0
1348416,62002,181786,9341,21,2
1349313,42767,46436,6437,23,3
1349506,51631,22958,7963,16,0
1349540,27832,184192,4193,18,2
1349670,1834,164120,4121,24,1
1349696,47089,59352,4363,0,0
1349825,59492,170257,7809,16,0
1349827,59743,34069,6573,21,2
1349889,63592,91880,9408,23,3
1350147,26047,116894,1917,16,0
1350213,24497,43498,8507,17,1
1350307,62981,100740,8271,13,4
1350662,36680,36183,8687,0,0
1350688,25243,121269,1270,1,1
1350692,65780,99662,9663,0,0
1350976,22756,43468,8477,15,0
1350983,20899,61736,9255,21,2
1351076,46823,160057,7606,18,2
1351523,60125,25441,7944,17,1
1351938,1667,16685,6686,16,0
1352096,38731,172848,2849,17,1
1352258,28111,166398,8915,19,3
1352263,26513,182974,8011,23,3
1352449,42118,132041,9581,0,0
1352453,37573,136322,1349,22,3
1352486,70795,14164,9167,17,1
1352517,32725,191098,6137,24,1
1352576,40928,106864,1885,16,0
1352578,66680,28000,5507,22,3
1352896,33440,60672,3179,22,3
1352896,33440,132333,7360,22,3
1352963,66374,105866,8377,21,2
1353123,28417,19214,1716,21,2
1353252,28090,186233,1270,1,1
1353252,28090,192879,2880,1,1
1353349,27563,8411,8412,14,0
1353378,74800,124095,4096,16,0
1353536,34492,186951,9470,17,1
1353575,56833,71617,9139,16,0
1353792,31087,125970,5971,23,3
1353829,72455,100143,5164,23,3
1353924,67607,29419,9420,19,3
1353955,49439,145180,2723,23,3
1354307,42832,110365,7899,15,0
1354496,46301,105705,3236,16,0
1354692,32662,23972,8977,16,0
1354721,54151,46943,9448,1,1
1354816,66649,81244,6261,13,4
1354855,36421,138138,8139,19,3
1355523,68158,172140,4658,0,0
1355559,48973,57230,9736,1,1
1355651,73426,183726,8763,1,1
1355876,47197,34849,7353,12,2
1356034,66130,51555,9071,19,3
1356064,1831,58844,1350,13,4
1356227,61432,140562,8105,20,4
1356677,48878,121309,1310,24,1
1356705,55393,19188,6692,14,0
1356769,34099,18887,3890,14,0
1356800,58033,161406,1407,0,0
1357095,36583,154076,4077,18,2
1357155,70979,164062,6579,21,2
1357223,29533,13287,5789,21,2
1357731,49051,186679,9198,15,0
1357895,23902,89136,9137,20,4
1357987,22538,126241,8754,20,4
1358083,68131,57403,7404,17,1
1358119,21053,170735,8287,17,1
1358307,53668,15266,5267,14,0
1358625,23336,133835,6349,17,1
1358759,49043,134179,4180,14,0
1359041,37930,13273,5775,17,1
1359045,31048,185063,2618,21,2
1359238,50284,108886,6417,0,0
1359716,74587,138440,8441,18,2
1359718,39397,82242,4751,15,0
1359748,42538,7255,4756,1,1
1359843,56092,15779,5780,24,1
1360033,31601,20689,8196,15,0
1360544,37670,11354,3856,13,4
1360743,66439,164024,6541,15,0
1360806,19336,184465,4466,1,1
1360832,25163,89211,6736,19,3
1361153,55631,111460,6483,12,2
1361282,41015,56550,9056,22,3
1361473,25540,197820,7821,24,1
1361478,58576,42694,7703,24,1
1361511,72721,119381,1893,14,0
1361568,34204,78185,8186,13,4
1361606,39283,110313,7847,20,4
1361829,59491,194979,4980,12,2
1361958,46426,125627,8140,15,0
1362149,38182,22444,9951,17,1
1362177,43769,10942,8446,19,3
1362181,74285,30728,3232,22,3
1362181,74285,32783,7790,22,3
1362242,42863,46615,9120,12,2
1362242,42863,181970,7007,12,2
1362273,23446,112386,4898,12,2
1362530,62807,136557,6558,17,1
1362757,50498,65058,5059,1,1
1362850,31025,55334,7840,14,0
1362851,33556,2150,4651,18,2
1362880,73681,116506,1529,16,0
1362944,68422,197286,2325,18,2
1363012,72832,114694,9717,13,4
1363012,72832,179625,4660,13,4
1363140,73045,3918,1419,22,3
1363335,71953,88800,8801,1,1
1363395,58087,165753,5754,13,4
1363427,61258,57021,7022,17,1
1363431,35161,26266,1271,12,2
1363457,21625,127820,2845,23,3
1363649,32572,11605,1606,24,1
1363650,62294,136032,3572,13,4
1363844,46721,34910,2420,13,4
1363971,26402,20971,3474,23,3
1364130,60514,134818,9845,1,1
1364483,1637,122307,7332,15,0
1364578,50096,13668,6170,0,0
1364705,37612,99727,9728,1,1
1364772,32173,144054,6569,20,4
1364807,41680,65472,2991,14,0
1364963,48083,1725,9226,21,2
1364966,72332,68173,8174,13,4
1365027,70666,169600,7149,16,0
1365185,65749,8992,8993,12,2
1365602,34426,109346,1857,12,2
1365638,48547,155396,7912,16,0
1365639,64670,22129,2130,13,4
1365700,63511,193620,8659,15,0
1365922,61094,149775,2290,18,2
1366017,19391,185451,7970,19,3
1366048,40396,199708,4747,24,1
1366503,69850,10266,7770,18,2
1366567,19768,179458,4493,24,1
1366599,66877,109044,9045,18,2
1367012,63347,170665,5700,18,2
1367073,34141,106240,8751,17,1
1367107,73834,66148,6149,19,3
1367264,48464,28389,8390,20,4
1367330,42293,141387,1388,15,0
1367749,37667,5089,7590,24,1
1367815,74872,133124,3125,13,4
1367905,40162,92357,2358,22,3
1368007,44674,8680,6181,15,0
1368416,30020,122458,7483,17,1
1368704,41582,136576,1603,0,0
1368710,68260,198927,3966,19,3
1368806,74350,188949,1468,23,3
1369153,51610,169762,9763,14,0
1369283,23188,140652,8195,14,0
1369670,59269,137867,5407,23,3
1369888,21463,21997,9504,21,2
1370144,41308,97070,7071,15,0
1370342,59743,177521,2556,21,2
1370406,67474,53608,8619,21,2
1370819,51037,174954,4955,16,0
1371142,36091,112246,2247,18,2
1371648,67061,149845,4874,16,0
1371716,22861,181704,4223,19,3
1371905,44435,179540,4575,15,0
1372036,28351,152974,5490,13,4
1372039,20777,47005,2014,13,4
1372039,20777,66852,6853,13,4
1372039,20777,172955,2956,13,4
1372513,46646,33123,8130,15,0
1372576,61763,54941,7447,13,4
1372576,61763,131644,1645,13,4
1372609,49796,121387,8924,14,0
1372677,24860,123616,8641,24,1
1372800,50152,104719,2250,1,1
1372902,32788,115330,7842,0,0
1373121,32219,12256,2257,23,3
1373473,46393,179841,7393,17,1
1373665,57514,61884,6897,17,1
1373703,38950,66764,9271,16,0
1373825,60737,193861,1419,22,3
1373985,47006,26669,4176,17,1
1374468,41971,74915,9930,12,2
1374627,36647,106590,1611,0,0
1374690,64378,80260,7785,15,0
1374691,40684,49102,1607,21,2
1374886,62740,35159,7663,23,3
1374886,62740,97625,5153,23,3
1374949,31681,70397,5412,14,0
1375010,71560,37470,4980,12,2
1375010,71560,67703,2716,12,2
1375041,21631,31654,6661,12,2
1375041,21631,198686,3725,12,2
1375138,50311,167541,5090,24,1
1375457,46337,100213,5234,16,0
1375718,35867,88140,5665,0,0
1375745,51365,52629,5135,22,3
1375776,43949,105463,2994,18,2
1375875,54790,94563,7073,12,2
1376001,30613,160208,7757,16,0
1376129,48566,99229,4248,1,1
1376131,72889,133316,5830,0,0
1376292,58397,169130,9131,21,2
1376482,65899,96899,1918,1,1
1376485,35575,159573,9574,0,0
1376548,26605,102183,2184,18,2
1376646,22882,134694,7208,15,0
1376706,31148,22303,9810,1,1
1376741,30590,168757,8758,24,1
1376802,72346,82392,7409,13,4
1376833,64561,17170,9672,18,2
1376869,71318,198215,5773,14,0
1377088,56731,169717,4750,16,0
1377095,34429,109849,7380,1,1
1377095,34429,186658,4213,1,1
1377478,1679,188277,5832,18,2
1377669,65224,52405,2406,24,1
1378017,34484,1689,6690,23,3
1378023,32549,79490,7012,23,3
1378080,42614,107371,2392,22,3
1378372,31501,194118,4119,16,0
1378500,60059,36781,6782,24,1
1378787,65681,76541,9049,23,3
1378790,57745,120158,7695,24,1
1378981,24109,19739,4742,24,1
1378981,24109,189908,7463,24,1
1378983,21304,90727,8255,12,2
1379106,30689,54598,9609,21,2
1379201,69316,184244,4245,0,0
1379297,1498,21850,9357,19,3
1379364,60800,6426,8927,0,0
1379457,60490,56966,1977,23,3
1379778,24962,86191,8700,24,1
1380325,69785,96503,1522,24,1
1380481,61033,84251,6760,18,2
1380802,69772,65233,5234,16,0
1380992,41680,44331,9340,14,0
1380997,69553,1666,4167,19,3
1381346,39901,98985,8986,23,3
1381505,51313,141820,1821,21,2
1381732,73528,77950,7951,18,2
1381856,1723,136626,4166,22,3
1381955,51593,108935,6466,14,0
1382018,65524,95203,2731,19,3
1382018,65524,180434,5471,19,3
1382148,40066,66142,6143,16,0
1382401,34816,112620,7643,16,0
1382599,23878,133642,6156,17,1
1382949,65296,44648,7153,1,1
1383493,50983,103262,8283,20,4
1383558,47219,127484,5021,0,0
1384358,23752,131439,1440,16,0
1384864,67415,77970,5492,17,1
1385089,65546,38591,6101,1,1
1385190,43265,107378,4909,1,1
1385441,25162,102510,2511,17,1
1385511,48046,42548,5053,15,0
1385603,20752,32365,2366,14,0
1385671,68081,37141,4651,18,2
1385671,68081,124020,1557,18,2
1385671,68081,194367,6887,18,2
1386087,26780,66784,1797,15,0
1386115,63359,89088,4105,13,4
1386147,72335,66968,6969,18,2
1386183,45085,189376,9377,13,4
1386209,19750,151586,6617,20,4
1386279,48724,106849,9360,21,2
1386566,19852,94723,4724,18,2
1386594,33520,73610,3611,12,2
1386626,49855,55225,5226,23,3
1386657,21475,32761,2762,1,1
1386820,71450,124489,2026,14,0
1386916,38735,194200,1758,12,2
1387078,42935,182258,7295,19,3
1387175,62182,161113,6146,15,0
1387300,33971,185934,8453,1,1
1387399,64408,1035,8536,1,1
1387520,61831,199815,4854,18,2
1387588,61033,114059,6571,18,2
1387942,51745,8364,8365,22,3
1388005,39004,156073,3619,23,3
1388101,33047,87196,4721,17,1
1388129,64717,30225,2729,19,3
1388389,50317,12977,7980,22,3
1388672,20557,141361,6390,13,4
1388679,72526,14062,6564,15,0
1388705,28571,102031,2032,22,3
1388800,30229,86692,4217,16,0
1388864,38593,158811,6357,18,2
1388870,29107,148687,8688,15,0
1388965,32335,69435,6954,23,3
1388999,50287,16373,6374,21,2
1389063,60595,12794,7797,13,4
1389414,51092,178805,8806,18,2
1389476,74407,193473,3474,23,3
1389504,33970,163684,8717,22,3
1389542,48745,49419,9420,19,3
1389575,57521,12030,4532,19,3
1389635,53548,170993,6028,12,2
1389637,19690,23478,3479,15,0
1389696,59743,169108,9109,21,2
1389797,49228,29020,9021,12,2
1389893,61814,137920,7921,16,0
1390117,67357,161595,4112,20,4
1390272,34168,197189,4747,24,1
1390337,69535,15614,5615,24,1
1390498,40516,101064,6085,19,3
1390503,38374,114094,1628,14,0
1390567,65206,127580,2605,15,0
1391012,47239,114522,9545,23,3
1391108,56059,23570,6073,15,0
1391108,56059,198476,8477,15,0
1391175,52477,51675,4181,19,3
1391201,48022,133382,3383,13,4
1391233,72998,140840,5869,24,1
1391334,43603,85025,5026,17,1
1391524,52270,67140,4659,19,3
1391526,48181,5607,8108,19,3
1391747,28171,97402,4930,0,0
1391904,58984,177011,9529,22,3
1391904,58984,198333,8334,22,3
1391968,20773,183214,5733,15,0
1392033,59437,26521,6522,19,3
1392039,40558,27184,7185,16,0
1392069,23399,196577,9097,23,3
1392354,51298,72050,4558,18,2
1392480,48962,162499,7532,20,4
1392707,74347,171629,6664,13,4
1392928,62543,28576,6083,23,3
1392960,45830,116779,4313,14,0
1392960,45830,121343,6368,14,0
1393088,22585,164804,9837,16,0
1393220,64603,11708,4210,1,1
1393220,64603,150546,8092,1,1
1393381,38266,34054,6558,17,1
1393538,30608,58151,3162,0,0
1393671,68096,111648,6671,1,1
1393734,25604,99304,1814,24,1
1393859,63368,111468,6491,15,0
1394470,65635,107582,7583,23,3
1394535,32878,5106,2607,13,4
1394692,57835,91978,4488,14,0
1394724,66763,23216,5719,15,0
1394914,22690,171230,8782,14,0
1394915,23339,188605,6160,16,0
1394944,23653,10148,7652,23,3
1394945,19717,54130,9141,20,4
1394946,23438,150403,2919,17,1
1395041,26558,69764,2271,24,1
1395111,24166,195196,2754,15,0
1395169,47809,135697,5698,16,0
1395207,58783,143843,3844,13,4
1395235,45164,64507,7014,19,3
1395271,57038,179896,4931,14,0
1395271,57038,180674,5711,14,0
1395362,53474,24108,1615,20,4
1395552,25103,159593,9594,21,2
1395557,52919,27928,7929,17,1
1395623,42037,157036,4582,22,3
1395751,45263,154226,9257,17,1
1395781,21338,93298,5808,20,4
1395936,21998,164830,2379,17,1
1396262,54523,4693,4694,16,0
1396481,57407,148765,3794,23,3
1397216,22162,145482,5483,1,1
1397409,31315,150972,6003,23,3
1397412,62123,92226,9754,0,0
1397415,74468,39624,4631,17,1
1397446,50278,158830,1346,12,2
1397507,22244,34867,2377,16,0
1397542,41395,119134,6668,14,0
1397571,41284,128550,8551,20,4
1397702,26437,109243,9244,1,1
1397766,29848,183246,5765,18,2
1397792,28147,188700,6255,18,2
1397859,38122,94500,4501,20,4
1397894,35884,94630,4631,17,1
1397952,27245,117731,2754,15,0
1398144,65107,34428,4429,23,3
1398176,45724,113179,3180,0,0
1398529,40736,21084,6089,17,1
1398561,22118,149690,4719,17,1
1398657,64678,181460,1461,12,2
1398723,69620,104007,4008,22,3
1398821,37157,128129,3154,0,0
1398851,47692,112691,5203,1,1
1399015,67031,133908,6422,23,3
1399042,19961,90122,5141,13,4
1399233,35653,82054,2055,22,3
1399297,26110,6092,8593,12,2
1399331,56563,72545,7560,19,3
1399365,43747,195958,3516,17,1
1399521,48844,166486,1519,16,0
1399622,21802,195472,3030,21,2
1399939,41339,38584,6094,0,0
1400740,57569,171706,1707,14,0
1400865,67781,36248,6249,18,2
1400899,43222,177905,7906,21,2
1400899,43222,195532,3090,21,2
1400903,68234,29491,6998,21,2
1400928,58799,82322,4831,20,4
1401252,32902,79756,4771,18,2
1401446,68921,30013,7523,20,4
1401446,68921,58003,3014,20,4
1401511,36814,73192,5700,18,2
1401697,46444,86466,6467,22,3
1402310,38684,189406,9407,23,3
1402499,60107,55664,8170,19,3
1402662,61805,188827,8828,24,1
1402757,68006,53606,6112,19,3
1402787,47732,107020,7021,20,4
1402788,19760,195409,5410,23,3
1402820,53998,62809,5316,20,4
1402850,56620,1758,4259,0,0
1402852,70393,76151,8659,15,0
1402880,43871,86913,6914,18,2
1402947,36643,22909,2910,21,2
1403171,73643,118642,3665,19,3
1403236,34603,11634,4136,22,3
1403397,49966,59389,1895,21,2
1403425,21586,66367,1380,17,1
1403616,45740,99679,7207,23,3
1403911,55885,85952,8461,16,0
1404002,37109,164915,4916,15,0
1404097,45643,79998,5013,17,1
1404608,72421,189587,9588,19,3
1404612,25564,156860,9376,24,1
1404740,25723,125836,8349,21,2
1404771,23062,1053,3554,1,1
1404865,62120,199750,4789,15,0
1405154,67423,12439,2440,23,3
1405541,72799,115489,3023,22,3
1405601,72040,132681,2682,12,2
1405635,49894,18453,5957,12,2
1405699,27194,123614,8639,17,1
1405699,27194,178949,1467,17,1
1405858,48709,166282,1315,13,4
1405894,32821,85451,2976,21,2
1406020,67114,96150,3678,14,0
1406400,54301,74069,6577,24,1
1406529,72686,111361,6384,20,4
1406530,19226,173374,3375,17,1
1406692,35260,89596,2105,16,0
1406692,35260,168869,8870,16,0
1406692,35260,175927,5928,16,0
1406854,37751,28117,8118,22,3
1406887,24458,51884,1885,16,0
1407079,60458,55601,5602,12,2
1407206,45817,74591,2113,17,1
1407264,27466,129915,2428,13,4
1407394,62435,137860,7861,14,0
1407399,19768,35709,3219,24,1
1407653,61330,133457,3458,15,0
1407653,61330,192154,4674,15,0
1407653,61330,198664,3703,15,0
1407715,52373,150061,5092,22,3
1407846,33361,51588,4094,17,1
1407941,19831,63169,5676,21,2
1408001,54955,154435,4436,15,0
1408416,55090,59283,9284,18,2
1408514,58325,102260,2261,21,2
1408610,21445,3212,8213,13,4
1408610,21445,69582,9583,13,4
1408834,22279,133807,8834,19,3
1409442,44770,30040,5047,19,3
1409541,45337,153283,8314,22,3
1409570,60538,157094,7095,22,3
1409573,47959,71753,6768,0,0
1409601,34585,131478,1479,12,2
1410343,24616,38522,3529,0,0
1410439,37015,16909,1912,15,0
1410465,66833,17514,2517,16,0
1410528,31670,125328,5329,14,0
1410722,59965,27871,2876,24,1
1410822,41086,37307,4817,24,1
1410881,42013,52636,2637,17,1
1411142,28481,43406,8415,17,1
1411456,34471,77570,7571,17,1
1411460,41515,145801,5802,16,0
1411590,51397,179616,2134,14,0
1411617,19262,1770,9271,16,0
1411712,61919,138986,8987,17,1
1411809,51551,3828,6329,12,2
1411878,62939,191466,6505,20,4
1412037,19840,131743,1744,19,3
1412160,65842,146887,6888,21,2
1412292,38660,186920,1957,1,1
1412580,19039,115009,7521,14,0
1412608,57791,151898,9444,17,1
1412708,47836,38207,3214,24,1
1412896,71054,67242,9749,23,3
1412992,25097,173419,8454,22,3
1413088,42064,100739,5760,22,3
1413350,67651,102947,2948,16,0
1413376,57424,195255,7775,16,0
1413507,67147,193181,8220,13,4
1413634,43003,191956,4476,19,3
1413728,50084,72792,2793,18,2
1413765,61664,56989,6990,15,0
1413988,41669,14920,9923,23,3
1414080,56020,172872,5390,20,4
1414307,50182,41668,1669,16,0
1414438,24119,34607,7111,12,2
1414439,54682,61672,6685,0,0
1414467,67996,17687,7688,23,3
1414471,41366,7808,7809,16,0
1414596,59884,27044,2049,14,0
1414787,22964,171883,1884,1,1
1414848,38182,67911,5430,17,1
1415424,39241,150767,5798,13,4
1415808,34531,104122,1653,17,1
1415877,59044,189696,7251,22,3
1415905,23968,56336,1347,20,4
1416039,71914,77833,5355,12,2
1416065,19471,155884,3430,15,0
1416069,34192,16314,6315,22,3
1416132,48331,115032,5033,22,3
1416576,59842,15846,8348,23,3
1416645,18865,6072,6073,15,0
1416771,27076,110824,3336,21,2
1416960,49145,145373,5374,22,3
1417219,41522,33370,5874,19,3
1417222,58988,136479,4019,14,0
1417251,20164,63356,5863,14,0
1417347,57463,4455,9456,23,3
1417379,31087,140999,3514,23,3
1417444,73256,76588,1603,0,0
1417601,54062,113491,6003,23,3
1417761,53626,80238,7763,15,0
1418115,46378,190182,2702,22,3
1418692,35332,23773,1280,1,1
1418722,68357,93592,6102,1,1
1418722,68357,153533,6049,1,1
1418722,68357,184777,2332,1,1
1419044,41668,119445,1957,1,1
1419074,43711,32049,9559,15,0
1419079,22096,49904,2409,21,2
1419079,22096,154795,4796,21,2
1419201,56122,162102,4619,22,3
1419302,58322,46303,1312,19,3
1419587,47266,174627,7145,22,3
1419590,45692,87253,4778,13,4
1419712,20321,163909,3910,17,1
1419747,29885,104999,7510,1,1
1419847,55999,193016,8055,20,4
1420065,34681,61042,6055,0,0
1420164,23285,194333,9372,16,0
1420166,26818,182903,2904,18,2
1420194,1844,89410,9411,18,2
1420229,55540,54459,4460,22,3
1420258,31876,15767,3271,14,0
1420260,73562,64342,9355,17,1
1420582,31846,2719,5220,16,0
1420676,48022,32776,2777,13,4
1420705,46687,59894,9895,18,2
1420807,47500,181802,9357,19,3
1420832,21457,99545,7073,12,2
1420832,21457,184013,1568,12,2
1420935,46355,62941,5448,13,4
1420966,68333,2601,2602,24,1
1421537,31769,147801,5344,17,1
1421671,34780,73213,3214,24,1
1421889,70264,53767,8778,18,2
1422021,66019,59269,6785,21,2
1422054,47914,15592,8094,20,4
1422342,51445,123256,3257,18,2
1422369,19226,165095,7612,17,1
1422400,44402,166865,9382,18,2
1422433,47863,25462,5463,16,0
1422469,57464,42151,9664,0,0
1422561,28654,19499,4502,12,2
1422561,28654,74236,1758,12,2
1422592,55993,26144,6145,24,1
1422726,50245,193892,6412,0,0
1422948,67999,69346,4359,1,1
1422981,59738,169148,9149,21,2
1423010,29926,40739,5748,23,3
1423268,60779,52512,7523,20,4
1423488,39539,81960,9485,19,3
1423652,38114,182891,5410,23,3
1423687,73411,36150,6151,24,1
1423687,73411,183769,6288,24,1
1423713,58259,164387,9420,19,3
1423716,71099,194541,2099,0,0
1423777,69533,26206,3713,12,2
1423782,42590,69863,9864,23,3
1423942,29528,149439,1954,24,1
1424003,59443,84432,4433,24,1
1424162,35095,193862,8901,24,1
1424290,49924,155983,8499,12,2
1424454,58756,69238,4251,16,0
1424487,54442,176592,4144,12,2
1424576,19450,65409,2928,1,1
1424931,22774,177675,2710,0,0
1424935,42791,184300,4301,1,1
1424992,25078,197807,2846,20,4
1425060,56816,75037,7545,17,1
1425283,61270,22087,2088,14,0
1425382,38020,71959,9481,16,0
1425571,31015,154562,7078,12,2
1425600,36922,135049,2589,12,2
1425762,65599,96745,4273,15,0
1426080,36587,125187,5188,18,2
1426241,23909,62629,5136,17,1
1426465,57340,190190,7748,19,3
1426790,26405,94158,6668,14,0
1426912,22360,56162,3678,14,0
1426912,22360,115009,2543,14,0
1427104,58019,75110,2632,23,3
1427137,46594,111052,6075,24,1
1427234,72577,76016,3538,23,3
1427335,72592,189146,6701,14,0
1427361,59713,172829,2830,14,0
1427399,61513,97604,5132,1,1
1427460,71608,111698,9232,22,3
1427461,44438,159612,9613,24,1
1427778,31483,163872,6389,0,0
1427811,34700,7375,7376,17,1
1427811,34700,143764,1307,17,1
1428067,48421,81614,6631,14,0
1428354,23342,74532,4533,19,3
1428484,38776,133697,3698,21,2
1428512,23281,53948,6454,15,0
1428545,19624,36013,6014,16,0
1428608,32536,198856,6414,19,3
1428609,52337,97585,2604,15,0
1428834,37726,197230,2269,20,4
1429059,57220,12199,7202,14,0
1429059,57220,25043,5044,14,0
1429282,32257,153348,8379,0,0
1429411,62167,110662,5685,20,4
1429415,37898,100962,8493,15,0
1429444,72089,67430,7431,13,4
1429504,70163,11694,4196,13,4
1429696,42046,80766,5783,1,1
1429925,54113,131700,1701,15,0
1429953,44674,88382,8383,15,0
1429957,70558,15418,7920,22,3
1430404,36967,25213,5214,1,1
1430723,33784,26954,9457,22,3
1430853,73958,53094,5600,1,1
1430883,59960,149295,1810,1,1
1430976,21862,51780,9296,21,2
1430981,21124,21355,1356,20,4
1431074,43516,71530,4038,14,0
1431078,41287,172889,7924,13,4
1431330,26365,10217,5220,16,0
1431330,26365,38031,8032,16,0
1431463,66799,82013,2014,13,4
1431490,19111,68846,6365,1,1
1431778,37669,107540,5071,12,2
1431813,41834,102561,5072,19,3
1431937,18865,155123,7639,15,0
1432034,43183,84922,2447,0,0
1432068,21475,159183,4214,1,1
1432068,21475,182579,5098,1,1
1432068,21475,190978,8536,1,1
1432070,74905,106286,6287,23,3
1432131,30605,13851,8854,22,3
1432161,24992,53842,6348,21,2
1432161,24992,118338,8339,21,2
1432162,37771,37628,5138,17,1
1432354,37543,157601,5147,15,0
1432451,61600,103074,3075,20,4
1432451,61600,190043,7601,20,4
1432515,47164,128175,5712,24,1
1433761,67081,179174,6726,23,3
1433762,29809,2114,2115,15,0
1433829,38090,72794,5302,0,0
1433859,73691,179377,6929,23,3
1434085,29915,70518,5533,16,0
1434241,74725,134863,2403,22,3
1434594,31826,168264,5813,15,0
1434850,34126,134282,1822,0,0
1434853,48727,88271,8272,24,1
1435142,57754,60864,5877,13,4
1435172,22957,13522,8525,12,2
1435172,22957,105745,8256,12,2
1435206,43070,70953,3461,22,3
1435489,63025,137324,4864,24,1
1435491,42637,106135,3666,21,2
1435750,33319,193271,8310,20,4
1436001,48997,129089,9090,19,3
1436194,22198,6913,1914,13,4
1436194,22198,199949,2469,13,4
1436231,25058,65963,8470,23,3
1436580,47264,124350,9375,16,0
1436673,26719,14441,9444,17,1
1436738,36571,19828,9829,24,1
1436805,70624,22505,7510,1,1
1436807,44824,187974,7975,24,1
1437030,66166,28822,3827,0,0
1437476,63271,61874,9393,16,0
1437570,49073,184112,4113,19,3
1437603,42686,45860,5861,14,0
1438049,25850,179797,2315,18,2
1438053,28819,26832,4339,21,2
1438087,65336,35918,8422,21,2
1438087,65336,170727,5762,21,2
1438274,20860,141704,4219,19,3
1438564,62686,162503,2504,19,3
1438629,62536,114660,9683,16,0
1438725,22777,141164,8707,16,0
1438816,49192,71026,8548,0,0
1438816,49192,107044,2065,0,0
1438914,30851,132355,7382,20,4
1439015,58382,173460,3461,22,3
1439141,1519,23865,6368,14,0
1439173,47356,92890,5400,23,3
1439810,45028,92336,4846,24,1
1439972,55556,199207,9208,1,1
1440000,28049,33852,3853,0,0
1440000,28049,55129,5130,0,0
1440005,51412,14334,6836,24,1
1440165,26416,14080,9083,12,2
1440165,26416,166660,6661,12,2
1440322,66893,58726,8727,22,3
1440486,70933,82191,4700,19,3
1440576,71729,10751,8255,12,2
1441153,58417,164787,9820,21,2
1441287,62705,138597,8598,14,0
1441351,64795,28026,8027,24,1
1441446,24683,66408,1421,24,1
1441511,27412,120117,5142,24,1
1441571,42337,13547,8550,1,1
1441600,45877,98691,6219,12,2
1441667,37216,55106,7612,17,1
1441825,67637,33868,3869,18,2
1442052,57644,107711,7712,21,2
1442118,44884,128855,3880,21,2
1442371,35638,74402,6910,19,3
1442374,22721,94287,1815,19,3
1442560,51184,163455,3456,16,0
1442753,30256,11374,6377,15,0
1442819,28709,157976,5522,17,1
1443111,42184,185599,3154,0,0
1443271,58378,73911,8926,24,1
1443399,71218,17759,2762,1,1
1443431,60116,152246,2247,18,2
1443683,34597,171990,9542,22,3
1443685,51601,168417,3450,22,3
1443843,46699,155446,2992,23,3
1444164,72274,79664,2172,13,4
1444225,26086,12747,7750,18,2
1444228,38614,198105,5663,16,0
1444484,36742,60383,7902,12,2
1444577,43387,107571,7572,22,3
1444578,40756,14639,9642,0,0
1444578,40756,150750,8296,0,0
1444742,23864,36500,9004,18,2
1444900,59554,12232,4734,0,0
1444900,59554,36093,6094,0,0
1444903,37271,49828,7341,16,0
1445255,28634,117462,7463,24,1
1445378,56665,121200,3713,12,2
1445441,33184,89623,7148,19,3
1445541,23441,80866,3375,17,1
1445575,25961,84297,1822,0,0
1445856,34316,61220,8739,20,4
1445926,63244,196567,4125,13,4
1445927,24103,43090,3091,14,0
1446081,27580,172596,7631,0,0
1446087,35273,24913,9918,24,1
1446119,67565,106128,8639,17,1
1446178,55139,192011,9569,16,0
1446311,62540,191877,6916,24,1
1446405,70895,190829,5868,16,0
1446433,46333,12122,7125,19,3
1446499,28042,35516,5517,22,3
1446567,30664,88838,1347,20,4
1446662,40063,82208,7225,0,0
1446720,32192,109227,6758,24,1
1447044,74503,29897,9898,20,4
1447239,25880,24676,9681,0,0
1447299,63389,136698,1725,23,3
1447393,60754,89842,9843,13,4
1447393,60754,160557,8106,13,4
1447650,18940,35787,3297,17,1
1447876,27607,161106,8655,14,0
1448033,27004,109340,1851,15,0
1448037,49939,98539,8540,16,0
1448064,21038,78202,8203,19,3
1448226,66716,177827,5379,21,2
1448231,70126,98760,8761,22,3
1448259,69205,41657,6666,22,3
1448292,33247,10023,5026,17,1
1448320,51688,132133,9673,14,0
1448355,57040,100612,8143,12,2
1448417,44033,130644,3158,19,3
1448547,34291,32071,2072,0,0
1448640,58304,54224,4225,18,2
1448709,25525,101829,6850,15,0
1448868,52345,56730,1741,12,2
1448930,36919,147553,2582,24,1
1449056,25531,36314,6315,22,3
1449058,33913,72101,9623,1,1
1449158,72458,79162,4177,12,2
1449313,45419,179853,2371,23,3
1449317,50191,189393,1912,15,0
1449345,63361,173208,5726,23,3
1449346,48959,5718,5719,15,0
1449473,56365,95640,3168,20,4
1449478,37267,104725,2256,20,4
1449509,25661,14384,4385,1,1
1449540,48313,194008,4009,20,4
1449664,69091,141938,6967,20,4
1449891,28912,92368,9896,20,4
1449920,53282,170723,5758,18,2
1449923,67366,122826,2827,0,0
1450183,23315,20211,2714,12,2
1450464,35953,1942,6943,16,0
1450657,35078,179497,4532,19,3
1450882,23479,68750,8751,17,1
1451168,36734,47746,2755,23,3
1451267,63724,116827,9339,23,3
1451299,54115,4152,6653,12,2
1451361,62740,195287,2845,23,3
1451494,22486,13890,1394,23,3
1451494,22486,72344,4852,23,3
1451811,55651,38382,8383,15,0
1452001,23599,161401,1402,1,1
1452034,73273,175927,3479,15,0
1452039,37069,159885,4916,15,0
1452163,38696,29177,1680,24,1
1452163,38696,106437,1458,24,1
1452196,45925,163482,3483,1,1
1452261,65203,112048,2049,14,0
1452292,52133,44417,6922,0,0
1452421,68413,92132,2133,23,3
1452578,30679,134463,9490,19,3
1452612,33010,60599,5612,13,4
1452742,59323,124366,1903,17,1
1452897,53189,157721,5267,14,0
1453024,33992,157263,2294,22,3
1453539,43415,184781,7300,19,3
1453604,72275,41269,1270,1,1
1453701,22634,188476,3513,22,3
1453794,72347,93123,3124,15,0
1453799,45754,31610,1611,0,0
1453894,21574,192842,5362,21,2
1454016,37669,107077,7078,12,2
1454082,19162,103198,5709,23,3
1454117,49361,1923,4424,12,2
1454275,62411,148957,8958,21,2
1454311,57688,102627,7648,18,2
1454374,21541,172124,9676,15,0
1454500,22588,9168,4169,20,4
1454502,66404,92208,9736,1,1
1454658,49706,75780,5781,18,2
1454662,30443,19787,7291,17,1
1454690,72841,47455,9960,19,3
1454723,40391,46629,6630,12,2
1454754,58126,184260,6779,0,0
1454788,53347,17199,7200,14,0
1454882,25190,184723,4724,18,2
1455078,63202,33398,8405,14,0
1455269,52786,146183,6184,15,0
1455588,18784,75775,3297,17,1
1455617,43388,65852,5853,15,0
1455687,29630,141570,1571,23,3
1455937,72998,53075,5581,24,1
1455971,61192,24551,7054,20,4
1456288,27338,65043,5044,14,0
1456357,31823,16524,9026,16,0
1456357,31823,127426,2451,16,0
1456417,19595,104890,7401,18,2
1456423,69499,13749,1253,0,0
1456451,31240,164706,9739,12,2
1456707,52444,128996,1509,1,1
1456866,59063,19089,6593,1,1
1456896,29234,58131,8132,17,1
1457094,63775,171630,9182,21,2
1457186,48955,27481,7482,14,0
1457189,66124,79112,6634,18,2
1457569,50609,68941,6460,15,0
1458021,42451,100177,2688,15,0
1458083,23701,157567,5113,0,0
1458149,48032,97317,2336,22,3
1458272,53789,53078,3079,19,3
1458400,51572,98341,5869,24,1
1458723,70691,199788,2308,17,1
1458727,67663,64888,4889,21,2
1458756,30497,73374,5882,17,1
1458816,19513,85568,5569,18,2
1458817,31064,12976,2977,1,1
1458982,43717,159171,9172,16,0
1459040,62930,113791,6303,21,2
1459142,60005,14209,6711,12,2
1459460,54805,22829,2830,14,0
1459616,36196,164688,4689,12,2
1459872,1540,184556,9593,17,1
1459879,57536,108840,1351,21,2
1460160,58307,5098,2599,14,0
1460165,19337,116668,9180,23,3
1460288,35710,96040,8550,1,1
1460323,68233,166363,6364,14,0
1460325,18754,171577,1578,24,1
1460385,71791,165555,5556,13,4
1460485,35134,182269,9824,19,3
1460517,29497,64778,2297,12,2
1460739,28891,21056,8563,18,2
1460838,44671,170917,3435,13,4
1460865,20620,24246,6749,17,1
1460931,29786,43787,1300,23,3
1460997,21466,18861,1363,0,0
1460999,73013,155181,5182,0,0
1461190,31003,64515,2034,12,2
1461190,31003,194574,2132,12,2
1461281,56662,20004,7511,20,4
1461476,48391,137261,9775,18,2
1461542,27856,145489,8004,13,4
1461859,57581,139523,2037,12,2
1461863,54683,196803,1842,16,0
1461953,45236,174031,6549,16,0
1461954,66538,14582,2086,23,3
1462020,28852,62551,2552,23,3
1462245,29053,21037,8544,22,3
1462273,65696,77908,7909,20,4
1462276,64276,13972,1476,21,2
1462311,55537,45339,2852,19,3
1462500,26467,187536,5091,1,1
1462503,27079,91497,1498,20,4
1462533,44614,184125,1680,24,1
1462659,33832,35525,5526,22,3
1462688,63889,141095,8638,21,2
1462725,21136,125501,3038,21,2
1462914,63064,51371,1372,22,3
1462980,57583,64046,6553,12,2
1463012,37433,27830,5337,22,3
1463040,45713,44117,4118,23,3
1463043,60350,130511,5538,1,1
1463266,23476,61700,1701,15,0
1463266,23476,130673,3187,15,0
1463367,59983,90744,8272,24,1
1463395,38689,193707,3708,12,2
1463495,60514,93812,3813,1,1
1463621,72539,3835,6336,1,1
1463684,46937,31720,9230,18,2
1463908,74209,73634,8649,14,0
1463908,74209,109361,9362,14,0
1464068,51208,51416,6427,19,3
1464068,51208,93548,8567,19,3
1464102,43729,190929,8487,13,4
1464195,54055,104132,1663,13,4
1464484,20848,57338,2349,22,3
1464932,70201,147707,2736,18,2
1465059,25910,158120,5666,12,2
1465223,45091,78111,3126,24,1
1465508,1306,178265,8266,12,2
1465605,56977,105108,7619,20,4
1465888,28399,108692,3713,12,2
1465891,26972,47491,2500,18,2
1465891,26972,141456,8999,18,2
1465894,55906,154455,4456,16,0
1466305,56722,6292,6293,18,2
1466308,27958,147863,2892,12,2
1466500,19840,63743,8756,19,3
1466500,19840,126881,4418,19,3
1466693,27416,11732,9236,13,4
1466721,30089,64976,2495,13,4
1467107,68086,100964,3475,21,2
1467239,36385,113691,6203,15,0
1467301,56882,111733,9267,15,0
1467302,56254,49310,4319,13,4
1467332,27626,196401,1440,16,0
1467491,66085,115929,8441,18,2
1467780,74917,81023,6040,0,0
1467812,25486,68139,8140,15,0
1467840,55028,28923,8924,14,0
1467942,46843,197513,5071,12,2
1467973,22594,21272,8779,21,2
1468130,69427,75865,8373,13,4
1468384,26605,109221,4242,18,2
1468545,55321,12334,9838,18,2
1468903,65762,113540,8563,18,2
1468932,26467,52256,4762,1,1
1468934,70705,154451,9482,14,0
1469090,30310,154567,9598,21,2
1469315,60017,72354,9876,1,1
1469442,29737,128292,3317,19,3
1469601,58042,52677,5183,0,0
1469956,62585,184255,4256,13,4
1470215,41213,72559,5067,19,3
1470404,22396,77540,2555,22,3
1470468,49030,15781,3285,14,0
1470752,68897,42111,2112,19,3
1470916,37016,176851,4403,16,0
1470944,40909,98976,8977,16,0
1471266,41644,50663,5674,17,1
1471297,64849,89916,7441,20,4
1471456,63436,182030,4549,12,2
1471555,56942,80262,7787,12,2
1471623,25216,31296,1297,14,0
1471686,31060,59453,1959,17,1
1471936,45950,102396,4907,22,3
1471971,23750,66704,4223,19,3
1471973,39997,34644,7148,19,3
1472004,64729,148759,1274,20,4
1472197,64855,44643,7148,19,3
1472260,26746,51454,3960,23,3
1472289,67022,113959,3960,23,3
1472321,66082,41949,1950,17,1
1472323,29927,139374,6914,18,2
1472353,51125,195022,7542,0,0
1472354,52207,1226,3727,20,4
1472388,73343,61794,4301,1,1
1472419,19307,169163,1680,24,1
1472647,27028,19743,9744,24,1
1472743,45230,141034,8577,14,0
1472932,24532,195947,5948,0,0
1472961,36277,38315,8316,19,3
1473154,68644,96181,6182,17,1
1473158,26432,177204,4756,1,1
1473186,35134,186797,1834,19,3
1473248,58387,174355,6873,17,1
1473248,58387,182140,9695,17,1
1473476,34694,118405,5939,18,2
1473542,18955,155425,7941,24,1
1473671,50714,5596,5597,1,1
1473671,50714,171709,4227,1,1
1473764,21530,57135,7136,17,1
1473895,71356,95368,5369,0,0
1473953,72436,97157,2176,16,0
1474146,52949,162285,7318,14,0
1474210,62374,66304,1317,23,3
1474407,20924,7038,4539,20,4
1474529,64508,22938,2939,12,2
1474631,54035,79061,1569,21,2
1474756,58051,16104,8606,16,0
1474757,38980,160487,8036,1,1
1474820,70115,129619,7156,0,0
1475269,60934,155557,8073,21,2
1475494,55000,193338,3339,0,0
1475556,34246,54665,4666,18,2
1475650,47380,54311,6817,24,1
1475812,59663,129995,5020,22,3
1475939,19321,56600,4116,17,1
1475939,19321,110101,7635,17,1
1475968,66478,45841,5842,20,4
1476131,56791,76034,8542,24,1
1476193,52573,36605,9109,21,2
1476224,48970,154724,7240,23,3
1476261,60797,47257,4770,0,0
1476421,69926,94491,9510,15,0
1476450,64024,179140,6692,14,0
1476610,32134,125204,7717,14,0
1476677,18875,151835,6866,22,3
1476834,53729,166648,1681,12,2
1476999,59935,132147,7174,24,1
1477185,43148,174005,1557,18,2
1477255,69286,80603,3112,23,3
1477280,23485,28129,5636,16,0
1477442,56870,12029,2030,14,0
1477600,69541,21254,8761,22,3
1477700,25592,11688,4190,12,2
1477728,25850,142401,2402,18,2
1477763,64189,99992,7520,14,0
1477763,64189,169339,9340,14,0
1478272,42058,88451,5976,22,3
1478311,27253,100818,8349,21,2
1478631,34030,40382,5391,18,2
1478790,19075,21812,6817,24,1
1479140,55906,98290,5818,16,0
1479363,68710,63799,6306,22,3
1479490,23701,64078,1597,0,0
1479585,63968,10810,3312,13,4
1479716,61409,163357,3358,0,0
1479719,45476,150077,2593,14,0
1479781,44978,42064,4569,18,2
1480100,24521,14804,4805,24,1
1480134,36112,16497,4001,13,4
1480135,25369,53280,3281,13,4
1480261,37258,138760,1274,20,4
1480293,54962,66490,1503,24,1
1480417,23474,17331,9833,13,4
1480421,36599,168501,6050,18,2
1480451,21352,133467,8494,24,1
1480931,31015,36744,6745,12,2
1480992,70021,193389,3390,19,3
1480999,26338,110203,7737,17,1
1481027,68704,13381,5883,1,1
1481190,1666,70675,3183,22,3
1481216,51112,5897,8398,20,4
1481252,35126,72811,2812,21,2
1481472,20234,118528,3551,18,2
1481478,38170,110062,2574,17,1
1481573,52951,117925,2948,16,0
1481767,36523,47880,7881,16,0
1481831,20830,52438,9954,21,2
1481927,37481,48678,8679,21,2
1482273,28468,160861,3378,24,1
1482624,69487,86488,1505,18,2
1482752,31394,199936,9937,21,2
1482946,1672,113934,1468,23,3
1483042,47947,138391,3418,22,3
1483297,52216,11758,9262,16,0
1483424,60116,61663,4170,18,2
1483590,32506,94958,7468,18,2
1483591,24505,177562,2597,24,1
1483620,62666,73261,3262,20,4
1484007,72844,72575,2576,13,4
1484007,72844,144201,6716,13,4
1484100,63934,46332,1341,22,3
1484165,45214,28371,8372,0,0
1484261,39133,7024,9525,14,0
1484323,62425,77704,7705,17,1
1484323,62425,154002,9033,17,1
1484354,24367,2893,5394,0,0
1484420,44758,21362,3865,16,0
1484512,35596,94261,4262,16,0
1484707,63220,17237,4741,24,1
1484869,60277,29153,4158,19,3
1484871,26350,183271,3272,12,2
1485027,35194,166696,9213,22,3
1485220,36838,9228,1729,18,2
1485221,55495,151882,6913,0,0
1485319,35296,186903,6904,17,1
1485634,66913,77905,2920,22,3
1485635,52969,86939,6940,24,1
1485698,73195,30400,2904,18,2
1485698,73195,123529,3530,18,2
1485794,63701,29822,4827,14,0
1485794,63701,73138,8153,14,0
1485796,48391,33651,6155,18,2
1485825,63892,179930,4965,24,1
1486017,74758,105957,3488,22,3
1486054,32986,184077,1632,14,0
1486913,58729,149934,4963,14,0
1486978,61630,3588,8589,0,0
1487169,21407,44163,9172,16,0
1487270,41296,130890,8430,13,4
1487332,73834,188942,3979,19,3
1487361,62434,160197,2714,12,2
1487459,63062,8136,3137,0,0
1487648,57326,46979,4492,22,3
1487682,64717,88807,6332,19,3
1487749,49352,156740,9256,16,0
1487844,50171,132431,2432,15,0
1488260,65155,59031,4042,18,2
1488513,19585,55171,7677,21,2
1488644,38993,21145,8652,15,0
1489025,60652,6719,6720,18,2
1489025,60652,174231,1783,18,2
1489057,56893,43968,1481,21,2
1489122,36850,148013,3042,21,2
1489221,45548,11311,3813,1,1
1489472,40417,199413,9414,0,0
1489699,26029,51023,3529,0,0
1489699,26029,163026,3027,0,0
1489824,74029,131784,1785,21,2
1490055,50407,194441,4442,12,2
1490308,55174,16333,1336,20,4
1490337,58699,89687,9688,17,1
1490433,57191,92661,5171,19,3
1490499,61954,7516,7517,20,4
1490535,40372,69062,6581,15,0
1490535,40372,123782,3783,15,0
1490722,48404,178604,6156,17,1
1490853,24937,112806,5318,17,1
1490913,52528,191293,3813,1,1
1490915,22873,63804,3805,21,2
1490946,41356,73618,3619,23,3
1490982,42313,163367,8400,18,2
1491042,74617,163969,1518,23,3
1491266,42632,52964,5470,19,3
1491396,53390,45997,5998,20,4
1491456,27628,143876,6391,12,2
1491462,44747,31835,1836,0,0
1491492,35812,9533,9534,16,0
1491522,72577,15302,2806,23,3
1491617,49556,64465,6972,18,2
1492071,34312,109822,2333,22,3
1492071,34312,173458,5976,22,3
1492163,72634,9091,9092,1,1
1492163,72634,187139,7140,1,1
1492165,70054,158656,8657,12,2
1492225,50984,107927,7928,0,0
1492678,50257,51656,6667,20,4
1492705,28214,47310,7311,13,4
1492867,18856,182175,4694,16,0
1493025,47941,181967,4486,21,2
1493059,32932,177076,9594,21,2
1493089,62332,47768,2777,13,4
1494209,56587,16628,4132,18,2
1494209,56587,173198,3199,18,2
1494213,58405,2501,5002,17,1
1494305,55846,99936,9937,21,2
1494566,62434,9304,6805,12,2
1494660,52832,54277,6783,1,1
1494693,56306,167974,5523,23,3
1494724,50869,196702,9222,18,2
1494791,37738,23495,3496,14,0
1494849,50245,4119,4120,0,0
1494849,50245,22738,5241,0,0
1494881,28006,104705,9726,17,1
1495076,42103,52813,5319,20,4
1495364,70531,109082,9083,12,2
1495682,73058,92207,9735,15,0
1495687,44302,54095,1611,0,0
1495687,44302,159264,9265,0,0
1495717,38653,156396,1427,21,2
1495841,61276,165426,5427,18,2
1495968,57019,88486,8487,13,4
1496032,53836,92268,2269,20,4
1496293,26740,166280,6281,20,4
1496293,26740,172992,2993,20,4
1496384,57871,163309,3310,23,3
1496386,20423,61565,9084,0,0
1496386,20423,108358,8359,0,0
1496420,52762,198713,3752,19,3
1496743,49246,64679,7186,17,1
1496933,67123,171697,6732,22,3
1497030,55564,139598,9599,22,3
1497061,67654,51825,1826,24,1
1497312,61211,188984,6539,18,2
1497316,26872,69510,4523,17,1
1497504,71104,136737,4277,1,1
1497635,55348,188380,3417,23,3
1497856,56633,71858,6873,17,1
1497857,65990,190541,5580,23,3
1498210,52000,96380,6381,20,4
1498213,25727,128196,5733,15,0
1498279,52702,143775,1318,21,2
1498305,64291,167058,7059,22,3
1498407,70241,186451,1488,23,3
1498532,26339,32393,7400,21,2
1498727,27781,98909,1419,22,3
1499141,50146,43413,3414,20,4
1499266,27808,123451,8476,0,0
1499328,64280,189805,9806,13,4
1499364,39742,54414,1930,21,2
1499425,23557,75677,3199,18,2
1499425,23557,164246,9279,18,2
1499719,63109,128552,6089,17,1
1500128,51361,17096,4600,12,2
1500706,21712,80736,8261,13,4
1500768,59603,88233,8234,20,4
1501382,31435,65795,8302,16,0
1501633,30955,1889,6890,14,0
1501667,29840,111348,1349,22,3
1502150,32561,92010,4520,0,0
1502630,34895,124672,9697,23,3
1502630,34895,157478,7479,23,3
1502789,69037,756,3257,18,2
1502882,29665,59040,9041,0,0
1502947,69208,140068,7611,19,3
1503109,60941,180333,2852,19,3
1503395,59237,46280,3793,24,1
1503429,59858,187375,4930,0,0
1503458,41924,64331,6838,1,1
1503490,68804,139666,2180,15,0
1503491,26396,172055,2056,20,4
1503847,37384,186975,6976,23,3
1503943,63760,48090,5603,0,0
1504002,72247,149167,4196,13,4
1504098,40849,179784,4819,16,0
1504100,74539,46967,9472,15,0
1504355,42808,124968,2505,15,0
1504611,40027,46179,3692,15,0
1504709,24776,18965,1467,17,1
1504837,58664,117222,9734,23,3
1504869,70079,88355,3372,20,4
1504960,36139,56784,9290,16,0
1505312,20536,79860,4875,14,0
1505345,50642,181641,4160,13,4
1505346,35578,98108,5636,16,0
1505347,29491,163591,8624,17,1
1505350,42442,43269,5774,20,4
1505472,36325,153103,5619,20,4
1505600,48214,136903,9417,16,0
1505857,69419,50014,2520,21,2
1505857,69419,89865,9866,21,2
1505952,35764,1253,8754,20,4
1506087,31117,138127,8128,14,0
1506116,1534,179490,2008,17,1
1506118,30797,183756,3757,23,3
1506240,69106,15711,8213,13,4
1506405,42737,52644,2645,12,2
1506433,19363,134651,9678,24,1
1506468,21095,126950,9463,15,0
1506854,60862,74677,7185,16,0
1506883,62719,121397,3910,17,1
1506883,62719,169247,1764,17,1
1506885,38195,76387,1402,1,1
1507458,32647,95997,3525,18,2
1507462,41789,147491,5034,23,3
1507521,57497,74088,6596,20,4
1507521,57497,169292,1809,20,4
1507586,23479,17246,7247,17,1
1507591,71755,124609,9634,14,0
1508007,39211,196431,3989,12,2
1508033,73829,41624,9137,20,4
1508068,39247,73118,5626,13,4
1508100,24358,33912,3913,23,3
1508130,19285,146771,1800,0,0
1508228,55193,138887,6427,19,3
1508423,21245,143234,3235,17,1
1508449,60259,92390,4900,17,1
1508451,46007,21742,9249,22,3
1508579,56701,48366,8367,0,0
1508708,51133,154043,1589,17,1
1508800,54916,145044,7559,21,2
1508835,54250,167207,9724,0,0
1509284,62422,44323,1836,0,0
1509443,67121,24623,7126,1,1
1509504,64483,9359,1860,18,2
1509536,62362,35525,5526,22,3
1509671,34969,77558,7559,21,2
1509793,71752,86215,8724,16,0
1509828,1336,88863,8864,16,0
1509862,29003,133895,1435,20,4
1509862,29003,171075,8627,20,4
1509989,48320,145581,5582,22,3
1510016,63883,166694,4243,15,0
1510308,36332,148406,3435,13,4
1510308,36332,166265,6266,13,4
1510343,44428,18653,8654,14,0
1510374,38693,176,5177,19,3
1510435,63392,7130,7131,20,4
1510882,31246,73702,8717,22,3
1511137,60889,157259,7260,1,1
1511143,71893,124292,4293,17,1
1511207,31927,193774,6294,13,4
1511683,23137,176889,9407,23,3
1511907,27137,27296,4803,1,1
1512229,70129,150475,2991,14,0
1512327,55786,87433,7434,13,4
1512390,22253,37959,7960,17,1
1512390,22253,136934,1961,17,1
1512450,28277,123557,3558,12,2
1512963,24749,83652,8669,20,4
1513189,41486,64017,9030,22,3
1513251,1411,198668,3707,21,2
1513286,58783,110452,7986,13,4
1513317,65830,161135,6168,17,1
1513351,46919,165838,8355,24,1
1513441,47260,119838,4861,22,3
1513441,47260,145304,7819,22,3
1513543,46930,16749,4253,22,3
1513571,1510,12110,2111,1,1
1513797,61516,75248,5249,1,1
1513860,24610,132792,2793,18,2
1514083,39112,180054,5091,1,1
1514562,23539,93401,8420,17,1
1514723,62084,142417,2418,24,1
1514823,52136,74486,6994,19,3
1514885,35512,76498,6499,18,2
1515012,37963,84173,6682,20,4
1515457,46180,180781,5818,16,0
1515620,37192,130975,8515,19,3
1515651,66956,81282,1283,21,2
1515718,65776,12808,2809,17,1
1515747,57203,189475,7030,16,0
1515748,49745,57450,4966,18,2
1515972,58903,14237,6739,22,3
1515972,58903,187161,4716,22,3
1516064,40120,15191,7693,1,1
1516064,40120,101935,1936,1,1
1516069,62564,105552,3083,18,2
1516195,73729,20782,5787,23,3
1516259,43583,36921,6922,0,0
1516263,51949,53331,8342,16,0
1516577,65987,188202,3239,23,3
1516675,26431,152379,7410,15,0
1516676,59161,188717,6272,19,3
1516898,70720,104503,2034,12,2
1516933,64582,52377,2378,16,0
1517223,42205,71518,6533,22,3
1517380,52375,140749,5778,21,2
1517442,1645,123057,5570,16,0
1517538,28108,151353,8899,16,0
1518274,67447,83370,5879,18,2
1518529,65584,122054,9591,23,3
1518821,65605,139697,9698,18,2
1518944,66679,172847,2848,22,3
1518944,66679,197984,3023,22,3
1519044,64354,162278,9827,23,3
1519331,34061,114977,2511,17,1
1519361,68899,32926,2927,21,2
1519488,58429,135159,5160,15,0
1519556,52190,41426,8939,21,2
1519652,58453,159157,6703,23,3
1519746,37495,127850,7851,23,3
1519878,45662,103667,3668,17,1
1519879,27940,124620,2157,17,1
1520038,51073,75686,8194,22,3
1520354,1381,176932,4484,22,3
1520615,57160,189159,1678,16,0
1520774,57058,4336,1837,24,1
1521185,19504,108585,8586,12,2
1521218,24485,58498,6014,16,0
1521218,24485,83871,6380,16,0
1521219,67469,184432,9469,1,1
1521314,65185,79113,6635,17,1
1521543,52498,48211,5724,14,0
1521571,44383,98857,8858,16,0
1521828,66121,181153,8708,17,1
1521894,22582,37231,2238,13,4
1522020,22159,75311,2833,15,0
1522177,59084,151971,7002,20,4
1522343,37270,10866,5869,24,1
1522407,19769,90074,2584,19,3
1522470,54421,94435,4436,15,0
1522720,30893,190017,5056,16,0
1522786,59452,167505,2538,21,2
1522884,29275,21519,4022,24,1
1522977,57379,119693,4716,22,3
1522982,54400,5578,5579,21,2
1523105,73984,101497,9028,14,0
1523238,72980,183748,1303,12,2
1523266,74716,93133,3134,17,1
1523330,39380,67084,9591,23,3
1523393,66391,107974,7975,24,1
1523425,63121,161354,3871,0,0
1523713,32738,39530,2034,12,2
1523847,62683,36053,3563,18,2
1523906,24643,100589,8120,24,1
1523973,67558,46888,9393,16,0
1524065,57568,176706,9224,20,4
1524166,59632,196909,1948,24,1
1524322,19717,136683,6684,20,4
1524322,19717,163721,8754,20,4
1524358,68077,59365,1871,13,4
1524358,68077,197446,7447,13,4
1524546,33968,112004,2005,20,4
1524805,72493,100090,2601,0,0
1524835,72566,186741,4296,15,0
1524928,74068,135221,2761,18,2
1525024,37402,91415,1416,13,4
1525026,69797,38035,3042,21,2
1525026,69797,97537,2556,21,2
1525027,66391,94187,4188,24,1
1525152,36830,39002,9003,18,2
1525253,66466,180351,7906,21,2
1525447,57361,429,5430,17,1
1525540,1843,196992,4550,1,1
1525570,19918,23029,3030,21,2
1525637,49972,22057,9564,20,4
1525696,74419,110001,5024,19,3
1525763,62113,178081,8082,0,0
1525795,66908,86530,1547,0,0
1525824,29353,66984,4503,1,1
1526176,37325,185337,2892,12,2
1526210,27415,44598,4599,21,2
1526240,42112,86062,8571,19,3
1526242,64117,175507,3059,14,0
1526437,35636,131602,1603,0,0
1526437,35636,145567,8082,0,0
1526562,41504,992,8493,15,0
1526593,37378,121145,3658,15,0
1527174,52669,56511,4027,12,2
1527206,61168,69862,2369,22,3
1527232,39127,47133,2142,21,2
1527236,49204,173507,3508,24,1
1527590,26758,61917,1918,1,1
1527715,64276,33772,3773,21,2
1528071,58994,153610,8641,24,1
1528420,35201,153600,3601,1,1
1528673,58360,192981,2982,1,1
1528711,73160,123689,3690,12,2
1528805,41899,148854,8855,1,1
1529027,62285,76213,6214,23,3
1529223,24208,188686,6241,20,4
1529254,50315,5297,7798,19,3
1529254,50315,94982,7492,19,3
1529473,22304,117802,2825,24,1
1529473,22304,156109,3655,24,1
1529511,54218,58048,3059,14,0
1529765,63565,105943,3474,23,3
1529921,47480,83307,5816,15,0
1529955,38192,102539,7560,19,3
1530307,26266,111478,3990,22,3
1530465,60475,185828,3383,13,4
1531328,41914,62503,2504,19,3
1531463,65089,38703,6213,14,0
1531495,31333,199059,6617,20,4
1531713,57002,107342,7343,23,3
1531713,57002,110365,5388,23,3
1531813,60983,188380,8381,12,2
1531908,70619,143782,8811,20,4
1531937,60107,156972,6973,19,3
1531971,27782,74180,9195,19,3
1532004,19648,147749,5292,0,0
1532194,25786,66606,1619,23,3
1532454,35332,79741,4756,1,1
1532578,59461,97197,7198,12,2
1532768,51010,103794,1325,14,0
1532804,26201,99060,1570,12,2
1532868,22966,82416,9941,18,2
1532868,22966,128865,1378,18,2
1533089,23785,52658,5164,23,3
1533157,49565,106415,3946,15,0
1533190,45928,119244,9245,15,0
1533250,19057,188675,3712,22,3
1533351,66085,38262,5772,18,2
1533633,72220,186752,1789,20,4
1533665,35824,6295,6296,23,3
1533793,65545,195466,7986,13,4
1533798,44872,44009,1522,24,1
1533895,36386,124300,4301,1,1
1534308,23096,134458,6972,18,2
1534470,42103,66683,9190,20,4
1534561,36565,106048,6049,1,1
1534753,65491,91137,3647,0,0
1534785,55811,185798,3353,16,0
1535238,24574,163392,5909,21,2
1535361,32689,12879,2880,1,1
1535684,49519,3197,5698,16,0
1535747,45679,60244,7763,15,0
1535841,66256,172580,5098,1,1
1535942,40114,162536,7569,16,0
1536323,26887,119713,9714,0,0
1536323,26887,120449,2962,0,0
1536450,42991,187601,5156,14,0
1536581,33692,13977,3978,15,0
1536611,54836,146095,3638,17,1
1536611,54836,170320,2838,17,1
1536965,51757,53666,6172,16,0
1537187,25850,164644,4645,18,2
1537285,54506,42050,7059,22,3
1537478,45736,40673,3178,15,0
1537764,73664,109953,9954,21,2
1537794,44999,185413,5414,22,3
1537894,26470,88293,5818,16,0
1538181,21556,110116,5139,0,0
1538337,29515,23394,8399,12,2
1538592,26429,72207,4715,0,0
1538657,24532,49099,9100,0,0
1538659,72205,147627,7628,0,0
1538659,72205,150886,3402,0,0
1538661,18758,96559,4087,12,2
1538784,39718,99695,4714,21,2
1538919,21608,35074,5075,15,0
1539235,41839,138517,6057,23,3
1539271,38686,156348,8864,16,0
1539297,71336,76142,6143,16,0
1539687,74516,24612,4613,23,3
1540039,33247,107060,9571,17,1
1540134,39424,134129,1669,16,0
1540327,21722,192234,2235,14,0
1540741,72155,136656,4196,13,4
1540896,28286,88606,3623,24,1
1541094,68350,15848,8350,1,1
1541249,55363,109097,6628,13,4
1541253,68362,123639,6152,13,4
1541412,37426,136036,3576,16,0
1541511,38548,6387,1388,15,0
1541892,31151,89860,7385,19,3
1542053,25498,140800,5829,18,2
1542083,69800,144253,9282,14,0
1542117,22258,96909,1928,18,2
1542242,58423,154865,7381,20,4
1542274,67502,62282,9801,12,2
1542336,27766,107764,2785,14,0
1542341,68270,174768,2320,1,1
1542432,52597,59951,9952,22,3
1542624,42763,196813,1852,24,1
1542656,35575,167893,5442,0,0
1542726,28417,117379,4913,21,2
1542819,50368,165201,2750,16,0
1542880,26477,27582,7583,23,3
1543008,48569,138666,6206,13,4
1543079,22031,13833,3834,20,4
1543233,32242,82188,2189,24,1
1543426,72895,132100,9640,17,1
1543618,66259,83619,3620,14,0
1543650,22868,29689,7196,0,0
1543712,30817,133615,8642,21,2
1543937,70087,171771,9323,12,2
1543973,46160,87382,9891,20,4
1544037,58264,119301,6835,23,3
1544131,68992,168834,1351,21,2
1544294,18905,53097,5603,0,0
1544385,30613,121725,9262,16,0
1544640,40027,30184,2688,15,0
1544967,46684,34485,6989,16,0
1545057,60695,51410,8926,24,1
1545057,60695,147389,2418,24,1
1545442,28220,45258,7763,15,0
1545637,22162,135388,2928,1,1
1545730,72317,199795,7353,12,2
1545796,72404,120707,3220,20,4
1545830,62513,140644,8187,18,2
1546498,71524,48822,3831,17,1
1546498,71524,159126,4157,17,1
1546530,72911,153501,3502,14,0
1546694,68309,15954,8456,19,3
1546852,40834,61192,3699,0,0
1546944,72431,171528,6563,16,0
1547076,56977,123937,6450,20,4
1547168,45230,87107,7108,14,0
1547396,45787,124687,2224,13,4
1547428,34768,88160,5685,20,4
1547430,26069,187845,5400,23,3
1547747,72851,61213,6226,21,2
1547844,73291,133964,8991,24,1
1547907,56764,49140,6653,12,2
1548005,67501,107072,4603,23,3
1548034,43981,97448,2467,16,0
1548102,44870,163038,8071,14,0
1548131,60961,167701,2734,1,1
1548166,25078,156408,1439,20,4
1548228,51805,186738,6739,22,3
1548263,23899,170775,3293,0,0
1548482,46258,24340,4341,21,2
1548482,46258,87169,7170,21,2
1548519,21725,116097,6098,17,1
1548800,36334,168873,1390,20,4
1549383,34592,71574,9096,16,0
1549632,48913,18345,3348,15,0
1549703,19513,146333,3876,18,2
1549795,39433,147010,2039,20,4
1549891,31366,174799,2351,12,2
1549892,35270,89160,6685,0,0
1550055,24407,121960,1961,17,1
1550083,37631,11870,4372,21,2
1550208,36955,70541,5556,13,4
1550275,74584,59597,9598,21,2
1550340,24965,125453,7966,21,2
1550402,69865,68983,3996,21,2
1550597,64552,1499,6500,23,3
1550630,46333,51679,9195,19,3
1550688,68072,138639,3666,21,2
1550946,66802,96965,4493,24,1
1550950,1247,159975,9976,0,0
1551075,52540,9440,6941,18,2
1551299,18791,52793,2794,14,0
1551366,60020,4909,7410,15,0
1551366,60020,172289,4807,15,0
1551495,47149,198346,5904,22,3
1551680,56893,24291,4292,21,2
1552037,54395,61358,3865,16,0
1552230,63404,12748,2749,21,2
1552262,43051,144102,1645,13,4
1552416,28574,79530,2038,14,0
1552416,28574,189672,9673,14,0
1552419,73342,182288,9843,13,4
1552544,36643,103945,1476,21,2
1552647,36826,122291,7316,15,0
1552673,41374,2365,2366,14,0
1553409,49328,27038,2043,19,3
1553537,70087,62434,9953,12,2
1553571,34553,128346,3371,24,1
1553632,59123,24422,6925,20,4
1553956,19091,177751,5303,16,0
1554052,70387,143665,8694,17,1
1554439,50296,66235,3754,22,3
1554502,43942,180464,5501,12,2
1554631,36043,78988,4003,21,2
1554886,45058,84316,6825,20,4
1555011,40960,121172,3685,21,2
1555174,49534,172621,2622,12,2
1555266,20377,124929,9954,21,2
1555393,47815,56791,4307,12,2
1555393,47815,81934,4443,12,2
1555394,46567,94963,7473,23,3
1555397,58322,30946,8456,19,3
1555460,69757,30472,7982,15,0
1555494,34694,121248,6273,18,2
1555650,65824,178589,6141,13,4
1555749,25969,60867,3374,20,4
1555876,65404,38658,3665,19,3
1555876,65404,75071,5072,19,3
1555877,25480,3399,3400,19,3
1555942,74614,119491,9492,17,1
1555975,32642,115276,5277,20,4
1556007,48292,130500,3014,20,4
1556035,51781,6255,6256,13,4
1556100,22219,160631,3148,13,4
1556450,30328,135183,5184,18,2
1556964,61195,158713,3744,13,4
1557187,46157,38626,8627,20,4
1557217,52921,2334,4835,23,3
1557350,36898,140947,5976,22,3
1557350,36898,195903,3461,22,3
1557351,36199,163938,8971,17,1
1557440,36751,71668,9190,20,4
1557442,46675,166067,6068,22,3
1557735,30674,8085,8086,0,0
1557764,29656,16148,6149,19,3
1557862,27005,172499,2500,18,2
1558020,53935,187373,7374,24,1
1558022,23806,107371,9882,15,0
1558501,24901,38600,8601,18,2
1558626,46478,15496,3000,21,2
1558626,46478,19910,4913,21,2
1558692,46717,196804,1843,18,2
1559010,39508,50274,7790,22,3
1559173,33418,166816,4365,18,2
1559202,21217,127113,2138,15,0
1559329,64352,63252,5759,1,1
1559425,24874,118827,1339,24,1
1559557,30265,90419,7947,14,0
1559586,1528,119557,2069,21,2
1559652,38339,75223,7731,22,3
1559878,19087,166996,4545,13,4
1560003,69298,154691,2237,14,0
1560004,61160,46440,3953,18,2
1560099,68986,139787,2301,20,4
1560325,43237,74663,7171,21,2
1560518,67033,36734,4244,19,3
1560646,38089,67171,2184,18,2
1560646,38089,126339,3876,18,2
1560800,45940,4302,4303,20,4
1560870,52156,166598,9115,23,3
1560993,52600,156317,6318,19,3
1561029,43729,48735,3744,13,4
1561059,36958,75543,3065,1,1
1561059,36958,110305,5328,1,1
1561122,65986,77870,5392,0,0
1561189,44779,106526,6527,16,0
1561223,21208,180351,5388,23,3
1561316,63886,4259,9260,23,3
1561345,72901,145210,2753,13,4
1561669,65474,25849,8352,0,0
1561857,63356,16298,1301,21,2
1561863,51007,181829,6866,22,3
1562052,51380,8460,8461,16,0
1562084,54986,83043,3044,15,0
1562148,22288,84314,6823,13,4
1562176,63793,67648,5167,15,0
1562214,62327,61177,3684,23,3
1562405,49192,154001,4002,0,0
1562433,66556,120804,5829,18,2
1562438,43012,136298,8812,15,0
1562467,29002,168477,3510,1,1
1562630,37202,137042,7043,23,3
1562631,53861,36734,1741,12,2
1562660,52477,35455,2965,19,3
1562848,55694,6470,8971,17,1
1562854,59821,192916,5436,20,4
1562917,49501,122904,2905,12,2
1563490,1348,161968,4485,23,3
1563782,34210,39067,1571,23,3
1563844,40388,58977,3988,24,1
1563936,1859,19857,2359,1,1
1564066,40868,75743,5744,12,2
1564193,74507,108044,5575,21,2
1564194,26779,14507,9510,15,0
1564353,58417,114797,9820,21,2
1564385,37291,165263,2812,21,2
1564419,48607,136539,1566,24,1
1564582,52448,123505,3506,0,0
1564739,20857,66138,6139,17,1
1564801,61120,57955,5471,19,3
1564807,71542,103951,6462,23,3
1564897,53734,49255,6768,0,0
1565025,54250,66240,1253,0,0
1565025,54250,159662,9663,0,0
1565505,57019,146663,4206,13,4
1565508,68176,197554,2593,14,0
1565765,24346,94781,9800,13,4
1565927,51034,114505,2039,20,4
1565927,51034,149814,9815,20,4
1565990,57496,138178,3205,20,4
1566247,44194,40977,5986,13,4
1566304,27154,110038,7572,22,3
1566336,70855,152949,2950,23,3
1566625,43991,55422,7928,0,0
1566848,25289,41434,6443,19,3
1566977,37828,102039,4550,1,1
1566982,63493,101504,4015,13,4
1567011,27388,185754,3309,12,2
1567076,48439,63389,3390,19,3
1567141,32986,66657,1670,14,0
1567393,37702,87055,4580,0,0
1567589,24589,34385,9392,21,2
1567621,66251,54691,4692,13,4
1567654,46396,164681,7198,12,2
1567812,34825,14461,9464,16,0
1568163,37456,77398,4920,19,3
1568198,58975,62732,5239,19,3
1568198,58975,69648,4661,19,3
1568323,52645,175547,5548,21,2
1568576,64907,176831,4383,23,3
1568582,41675,97085,4613,23,3
1569031,70706,114276,6788,1,1
1569031,70706,164508,2057,1,1
1569156,66628,53743,6249,18,2
1569312,26449,65519,3038,21,2
1569380,47707,152024,4540,16,0
1569571,27127,33800,3801,16,0
1569572,49957,31116,8626,17,1
1569857,59350,5714,5715,13,4
1569895,40619,122661,7686,20,4
1570373,42013,187724,5279,17,1
1570465,45217,108002,8003,23,3
1570816,68318,182031,4550,1,1
1570917,56719,141697,6726,23,3
1570944,20635,163290,3291,22,3
1570981,60002,129726,4751,15,0
1571463,68257,23732,6235,19,3
1571687,55100,27573,2578,17,1
1571808,68878,144177,1720,0,0
1571808,68878,178618,6170,0,0
1571877,23326,36867,1874,16,0
1571939,39499,35382,2892,12,2
1571969,31432,91717,4227,1,1
1571973,26155,96478,1497,18,2
1572098,20228,126897,1922,16,0
1572164,56740,9094,9095,23,3
1572199,37750,123206,5719,15,0
1572325,72785,14230,6732,22,3
1572352,52420,83430,8447,23,3
1572353,64628,158208,3239,23,3
1572388,73802,13577,3578,21,2
1572517,29053,160547,3064,22,3
1572518,21353,84280,9297,14,0
1572550,38849,179116,4151,14,0
1572903,68831,68170,5689,23,3
1572929,67067,97640,7641,17,1
1572992,60421,142751,5266,15,0
1572994,74039,109855,7386,22,3
1573186,40432,59954,4965,24,1
1573186,40432,149432,4461,24,1
1573255,43970,193706,3707,21,2
1573510,73412,111163,3675,20,4
1573795,23926,121553,6578,24,1
1573857,31987,91845,4355,16,0
1573888,69373,28390,3395,23,3
1573957,44180,107226,9737,1,1
1573988,44053,173687,3688,16,0
1573991,49945,60536,3043,16,0
1574113,50908,144050,6565,24,1
1574146,38098,52116,7127,20,4
1574148,65234,71386,6401,1,1
1574178,50000,11236,6239,23,3
1574466,59222,56283,6284,14,0
1574532,23273,74324,4325,12,2
1574532,23273,136168,3708,12,2
1574599,35629,157644,2675,19,3
1574691,67841,22304,2305,23,3
1574691,67841,49594,4603,23,3
1574694,60344,9568,4569,18,2
1574887,35011,145816,8331,20,4
1574978,31712,12573,5075,15,0
1575043,61483,37137,9641,24,1
1575078,64450,24893,9898,20,4
1575111,72022,71913,9435,20,4
1575363,22330,136271,1298,16,0
1575463,27473,77372,7373,12,2
1575463,27473,134442,4443,12,2
1575491,28441,157235,7236,24,1
1575779,55295,49455,4464,24,1
1575873,63181,32432,7439,19,3
1575875,43981,68805,6324,16,0
1576034,67699,68810,1317,23,3
1576101,47798,179474,1992,14,0
1576133,24518,16206,6207,24,1
1576257,64024,57466,2477,14,0
1576551,1486,76778,1793,24,1
1576864,65393,14350,4351,0,0
1576962,36272,91569,9097,23,3
1577221,56926,164754,9787,20,4
1577222,43981,37360,4870,16,0
1577255,36160,28747,3752,19,3
1577351,65002,71635,4143,19,3
1577570,37330,53213,5719,15,0
1577638,64888,162485,5002,17,1
1577667,63235,161880,4397,13,4
1577952,58243,127182,9695,17,1
1577990,38584,91970,4480,21,2
1578022,59002,189410,4447,0,0
1578147,31352,65508,8015,17,1
1578402,37796,127296,9809,17,1
1578597,53045,164730,7247,17,1
1578598,72191,8448,3449,17,1
1578917,48229,78775,1283,21,2
1579047,53417,27897,2902,23,3
1579047,53417,54235,1751,23,3
1579076,66818,4997,9998,1,1
1579105,53014,182020,2021,18,2
1579300,52195,179503,7055,15,0
1579332,52187,89648,9649,15,0
1579492,58679,125211,5212,0,0
1579492,58679,142562,5077,0,0
1579685,56272,14118,4119,16,0
1579841,30439,126539,9052,0,0
1579974,28360,93694,3695,12,2
1579974,28360,194677,7197,12,2
1580101,68212,139028,6568,17,1
1580164,55814,146479,8994,14,0
1580164,55814,147245,2274,14,0
1580164,55814,158296,8297,14,0
1580198,52909,56397,1408,16,0
1580324,52819,189933,2452,20,4
1580358,45538,64596,2115,15,0
1580484,36436,34017,9024,13,4
1580611,58051,166393,3942,16,0
1580642,56401,30911,3415,17,1
1580769,64513,11864,9368,13,4
1580769,64513,68113,5632,13,4
1580802,31372,152445,9991,13,4
1580931,74174,58760,3771,0,0
1581250,61564,15327,5328,1,1
1581319,66437,184151,9188,13,4
1581412,60046,129452,4477,20,4
1581478,54527,185233,5234,16,0
1581733,44737,17079,2082,16,0
1581760,38947,110653,5676,21,2
1582022,28258,101192,6213,14,0
1582022,28258,106700,6701,14,0
1582246,39563,189295,6850,15,0
1582848,39298,194756,4757,18,2
1582884,20249,158467,3498,22,3
1583334,20710,176526,6527,16,0
1583360,44920,163989,3990,22,3
1583655,63430,26254,8757,23,3
1583746,69208,84587,2112,19,3
1583747,64553,149139,6682,20,4
1583782,68305,164761,2310,13,4
1583878,62971,184443,1998,23,3
1584068,55117,54826,4827,14,0
1584103,47081,137667,2694,15,0
1584228,61600,97930,2949,20,4
1584615,71977,84774,2299,14,0
1585030,45380,69396,4409,24,1
1585059,34153,195747,8267,22,3
1585153,53935,60184,7703,24,1
1585216,65270,23334,8339,21,2
1585415,52408,147447,9962,18,2
1585638,48250,2966,2967,18,2
1585860,26437,171272,3790,1,1
1585984,54445,175905,5906,20,4
1586115,68533,157835,7836,16,0
1586341,20758,188757,3794,23,3
1586432,61459,137362,9876,1,1
1586693,46037,113503,3504,0,0
1586849,42130,126655,6656,18,2
1586851,41068,88372,8373,13,4
1586980,60532,23923,8928,15,0
1587079,54412,66953,4472,20,4
1587079,54412,189447,7002,20,4
1587139,51298,10164,2666,18,2
1587265,74392,173938,8973,22,3
1587584,30274,189778,4815,17,1
1587683,71008,117920,2943,13,4
1587844,32380,136458,3998,12,2
1588035,71122,155069,7585,24,1
1588196,34505,56341,6342,20,4
1588291,45236,92923,5433,16,0
1588321,31382,64807,4808,14,0
1588359,62524,36383,1390,20,4
1588359,62524,79862,2370,20,4
1588420,55307,125447,7960,17,1
1588677,63709,15235,7737,17,1
1588736,25144,164518,7035,1,1
1589125,45587,153617,3618,20,4
1589251,38626,111428,3940,24,1
1589282,61879,28202,3207,24,1
1590084,37933,14556,2060,16,0
1590085,34915,161046,3563,18,2
1590114,49112,166172,8689,23,3
1590560,73789,36490,8994,14,0
1590786,47929,46931,9436,20,4
1590947,56152,120193,5218,18,2
1591142,55630,45030,2543,14,0
1591269,41101,125136,2673,16,0
1591330,40298,81304,8829,21,2
1591524,73423,112679,2680,13,4
1591651,63331,109181,6712,15,0
1591812,43588,113748,8771,19,3
1592032,20854,84327,1852,24,1
1592032,20854,189120,9121,24,1
1592129,58345,72553,5061,20,4
1592704,61988,120386,2899,1,1
1592711,26914,69395,6914,18,2
1592837,59554,49249,9250,0,0
1593120,25090,76376,8884,13,4
1593347,73811,142296,4811,23,3
1593731,35576,39911,4918,16,0
1593856,23428,58245,3256,22,3
1594087,66286,89413,1922,16,0
1594176,25747,82921,2922,23,3
1594215,32329,1656,1657,16,0
1594276,59266,86908,4433,24,1
1594502,71815,36566,1573,1,1
1594529,22198,72201,9723,13,4
1594567,25237,118509,3532,23,3
1594785,59597,74756,7264,16,0
1594918,63775,66781,9288,21,2
1595011,39532,19051,9052,0,0
1595110,59152,1493,8994,14,0
1595202,31336,108728,6259,20,4
1595265,32029,66599,4118,23,3
1595362,37894,46993,2002,22,3
1595588,29776,82142,2143,1,1
1595746,26677,141700,4215,0,0
1595809,69704,169406,9407,23,3
1596133,28075,112352,7375,17,1
1596193,26995,81124,8649,14,0
1596227,68297,186232,3787,1,1
1596581,63794,128898,8899,16,0
1596646,50711,46718,4231,13,4
1596672,24962,176097,3649,24,1
1596711,63550,68008,8009,24,1
1596771,32983,126300,3837,21,2
1596804,27692,44652,9661,22,3
1596931,69154,171627,1628,14,0
1596961,23198,156290,8806,18,2
1597250,70340,11047,3549,16,0
1597442,61096,118221,8222,15,0
1597478,30097,51050,6061,18,2
1597572,42242,35767,5768,16,0
1597670,58724,53579,3580,24,1
1597922,30299,106765,6766,12,2
1598048,33566,310,5311,0,0
1598278,54692,52165,7176,0,0
1598597,54640,77114,7115,22,3
1598689,58435,26915,6916,24,1
1598695,27938,91788,1789,20,4
1599175,36826,73676,6184,15,0
1599300,51095,89141,6666,22,3
1599335,42394,17420,4924,15,0
1599335,42394,122284,4797,15,0
1599335,42394,130990,6017,15,0
1599621,20956,120772,3285,14,0
1599685,46822,118591,3614,23,3
1599814,72542,161785,1786,18,2
1599841,34724,69457,6976,23,3
1600005,59656,24092,9097,23,3
1600262,45673,91837,1838,24,1
1600352,50689,47647,7648,18,2
1600389,48893,174226,9261,23,3
1600453,26626,76717,1732,18,2
1600711,56945,57431,2442,19,3
1600993,55684,181531,1532,12,2
1601028,67582,92995,8014,17,1
1601569,46198,16631,6632,19,3
1601607,31990,180471,2990,20,4
1601632,39181,59874,9875,1,1
1601632,39181,93292,8311,1,1
1601796,73676,102171,4682,19,3
1601894,60919,188591,3628,17,1
1602052,46142,9663,9664,0,0
1602117,47986,76256,8764,18,2
1602372,56590,49972,2477,14,0
1602401,71434,71115,3623,24,1
1602562,30973,184157,4158,19,3
1602596,38689,104554,2085,12,2
1602722,40177,179752,2270,21,2
1602821,39490,142720,5235,20,4
1602849,39829,166500,6501,24,1
1602944,70115,53699,6205,0,0
1603074,66355,110543,8077,12,2
1603105,72091,127736,2761,18,2
1603137,69437,180496,3015,21,2
1603203,42052,144830,9859,24,1
1603236,54566,2610,7611,19,3
1603431,64531,2196,7197,12,2
1603554,20980,184044,6563,16,0
1603651,53324,90922,5941,17,1
1603712,62210,149587,7130,24,1
1603717,66641,169799,9800,13,4
1604033,34102,138756,1270,1,1
1604068,64247,178984,6536,22,3
1604227,22841,106567,6568,17,1
1604295,24740,16855,4359,1,1
1604352,66691,15014,7516,24,1
1604455,57103,4080,6581,15,0
1604483,46277,172281,9833,13,4
1604578,23497,99412,4431,18,2
1604583,64970,108801,6332,19,3
1604674,68722,51368,3874,17,1
1605477,65419,167411,9928,14,0
1605573,26597,191852,4372,21,2
1605602,24566,154557,9588,19,3
1605734,25573,109947,7478,23,3
1605735,30964,198007,3046,17,1
1606084,60983,142049,7078,12,2
1606151,30682,84614,9631,24,1
1606438,33818,60772,5785,14,0
1606469,36823,184961,4962,12,2
1606629,32719,28533,8534,21,2
1606695,26054,89295,9296,21,2
1606790,18983,161296,1297,14,0
1606816,41257,117124,7125,19,3
1606882,29368,1509,1510,14,0
1606950,51722,127765,5302,0,0
1607558,23690,188540,8541,16,0
1607585,30973,33764,8771,19,3
1607588,24842,136601,6602,1,1
1607653,74245,122347,4860,17,1
1607715,57505,194715,7235,24,1
1608229,21250,159641,7187,15,0
1608231,1268,97768,2787,24,1
1608576,67543,141449,3964,16,0
1608578,28972,12167,7170,21,2
1608704,55612,75182,7690,18,2
1608772,35194,50075,7591,22,3
1608804,41810,10665,3167,22,3
1608869,22829,196960,9480,14,0
1609190,69016,94974,7484,21,2
1609540,60754,92781,5291,13,4
1609953,26290,160760,5793,24,1
1610081,44522,91306,3816,1,1
1610084,33865,65571,5572,21,2
1610147,60082,54733,4734,0,0
1610245,63298,150563,5594,23,3
1610436,68275,77879,7880,20,4
1610498,28019,181254,1255,14,0
1610723,71617,114377,9400,21,2
1610822,18862,197408,2447,0,0
1610947,62077,171426,6461,0,0
1611232,37195,86209,6210,20,4
1611232,37195,183897,1452,20,4
1611235,54485,163678,8711,16,0
1611328,49199,169418,6967,20,4
1611366,24605,110039,7573,16,0
1611366,24605,147254,2283,16,0
1611494,60313,110974,5997,20,4
1611588,42598,26081,8584,23,3
1611650,40463,178455,8456,19,3
1611719,51745,21252,8759,22,3
1611810,38635,130190,5217,23,3
1611877,68311,130778,3292,0,0
1612067,39526,100369,5390,20,4
1612161,28966,82994,2995,21,2
1612165,30281,65743,5744,12,2
1612165,30281,101831,1832,12,2
1612453,22813,55093,7599,13,4
1612930,23848,163530,6047,19,3
1613218,56899,69472,1979,21,2
1613222,28960,177381,4933,16,0
1613255,44161,26535,4042,18,2
1613255,44161,192230,2231,18,2
1613282,61426,109759,9760,14,0
1613445,42268,91439,6458,0,0
1613671,40438,70565,5580,23,3
1613729,67061,184362,1917,16,0
1613891,45796,60293,5306,23,3
1614151,48973,189383,1902,1,1
1614176,21107,180442,7997,17,1
1614240,67529,195261,7781,15,0
1614656,50083,16524,1527,21,2
1614658,44152,23297,3298,23,3
1614786,40180,11984,1985,24,1
1614914,26281,190185,5224,17,1
1614944,42625,18570,6074,23,3
1615042,54211,59013,9014,0,0
1615077,30529,39932,9933,14,0
1615077,30529,42824,5329,14,0
1615140,71114,122186,2187,24,1
1615235,21014,114480,6992,18,2
1615269,56101,171680,6715,19,3
1615298,19600,160858,8407,16,0
1615329,45583,73619,3620,14,0
1615525,59932,9872,9873,19,3
1615559,55937,186705,9224,20,4
1615873,60548,162624,5141,13,4
1616165,44263,172617,7652,23,3
1616322,45436,61614,6627,23,3
1616384,69706,178041,5593,18,2
1616390,64399,166628,4177,12,2
1616454,69670,164262,1811,1,1
1616454,69670,185166,7685,1,1
1616577,27092,190154,7712,21,2
1616837,53686,42473,2474,0,0
1616896,64400,137114,4654,0,0
1617191,23267,61618,1619,23,3
1617252,45149,179547,9548,14,0
1617348,42575,188304,5859,22,3
1617350,21790,134304,4305,19,3
1617409,21068,190758,3278,0,0
1617413,41833,151951,6982,19,3
1617479,65638,98899,8900,20,4
1617571,41536,111268,8802,15,0
1617794,55762,41770,1771,1,1
1617923,52145,157915,2946,0,0
1617923,52145,167661,5210,0,0
1618150,62638,12051,9555,16,0
1618726,32702,159306,1822,0,0
1619010,30493,53024,3025,18,2
1619362,41812,118350,5884,1,1
1619430,38752,33788,3789,1,1
1619431,1541,177677,2712,15,0
1619520,43262,125070,5071,12,2
1619527,44044,100861,3372,20,4
1619715,44225,78019,5541,18,2
1619747,43019,134902,7416,17,1
1619750,68551,61431,8950,23,3
1619783,56815,163856,8889,24,1
1620004,47500,128443,5980,19,3
1620004,47500,178780,6332,19,3
1620224,37963,140487,8030,20,4
1620320,33310,85030,2555,22,3
1620645,27490,102517,7538,16,0
1620770,26150,86316,3841,1,1
1620864,74758,125581,5582,22,3
1621188,69109,55037,5038,24,1
1621217,73942,137253,7254,1,1
1621413,24374,28017,8018,21,2
1621475,27055,101380,1381,24,1
1621634,22195,76093,8601,18,2
1621667,56705,13823,8826,15,0
1621799,41056,148231,5774,20,4
1622115,63922,122192,2193,19,3
1622279,23596,62278,7291,17,1
1622502,30382,74706,9721,20,4
1622502,30382,171756,4274,20,4
1622530,70073,149941,4970,0,0
1622531,61516,149421,1936,1,1
1622823,62419,83551,3552,17,1
1622850,60196,117634,2657,24,1
1622881,36826,156944,6945,15,0
1623296,64006,29649,4654,0,0
1623810,19436,113814,8837,22,3
1623846,27596,61929,4436,15,0
1624039,23164,112574,2575,21,2
1624164,72958,99396,6924,23,3
1624258,34031,190729,5768,16,0
1624324,41366,18427,5931,16,0
1624418,50305,111956,9490,19,3
1624545,62227,101802,6823,13,4
1624967,40519,158886,8887,0,0
1624998,63758,42546,7555,18,2
1625411,44554,19237,6741,16,0
1625411,44554,188730,6285,16,0
1625473,26171,13748,1252,18,2
1625568,18877,126967,9480,14,0
1625665,37585,80104,2613,15,0
1625669,59321,196586,4144,12,2
1625763,69262,107008,2029,14,0
1626823,65584,44756,9765,23,3
1627011,21853,168232,5781,18,2
1627110,38048,57531,2542,22,3
1627652,49790,156903,6904,17,1
1627654,43714,159405,9406,0,0
1627846,34298,72270,7285,23,3
1628193,1247,55596,8102,0,0
1628709,33946,189426,9427,0,0
1628773,30304,30995,3499,16,0
1628960,58207,161590,9139,16,0
1628962,33133,172193,9745,16,0
1629028,73705,169236,4269,16,0
1629125,40453,60124,2631,18,2
1629185,36700,146413,8928,15,0
1629219,44836,104576,7087,15,0
1629285,70151,143823,3824,0,0
1629412,65410,75492,5493,19,3
1629475,43078,146100,6101,1,1
1629603,34903,172763,5281,14,0
1629668,51085,75857,8365,22,3
1630049,37910,156844,9360,21,2
1630087,39385,154486,4487,18,2
1630311,71348,168041,5590,24,1
1630405,64288,6128,8629,17,1
1630534,62683,90013,5032,18,2
1630663,61340,193709,1267,17,1
1630916,18770,49394,9395,16,0
1631142,26095,55113,5114,17,1
1631200,42118,64529,2048,0,0
1631206,52255,111571,1572,20,4
1631363,35162,197475,5033,22,3
1631556,43729,134309,6823,13,4
1631619,35144,120863,3376,23,3
1631812,35662,189466,7021,20,4
1631874,33334,114761,4762,1,1
1631874,33334,130912,3426,1,1
1631879,27574,173914,8949,23,3
1632418,59623,114875,2409,21,2
1632514,25129,84079,6588,1,1
1632708,65540,137454,9968,17,1
1632992,49591,69818,2325,18,2
1633026,19048,143484,3485,14,0
1633029,60494,111760,6783,1,1
1633029,60494,169733,2250,1,1
1633062,74200,69831,2338,22,3
1633249,56812,18274,5778,21,2
1633314,1453,99696,4715,0,0
1633347,32048,199024,1544,1,1
1633381,24439,6092,3593,15,0
1633446,69446,147142,2171,18,2
1633734,25759,104956,9977,18,2
1633825,22519,37606,7607,0,0
1634083,27854,49607,2112,19,3
1634083,27854,137246,2273,19,3
1634208,45574,148372,8373,13,4
1634470,73477,141645,1646,23,3
1634534,45820,105603,3134,17,1
1634692,62374,163231,5748,23,3
1634884,74617,131555,9095,23,3
1635075,51574,108009,8010,13,4
1635680,41798,86471,3996,21,2
1636131,49240,81000,6017,15,0
1636260,52150,33159,8166,19,3
1636292,31768,144058,1601,20,4
1636327,46238,154715,7231,23,3
1636385,71863,32834,5338,22,3
1636449,67681,16333,1336,20,4
1636711,53470,145215,5216,17,1
1636833,38207,66053,8560,14,0
1636932,24136,29434,9435,20,4
1637158,44941,159657,2173,14,0
1637186,62002,108137,5668,21,2
1637248,28832,108272,8273,17,1
1637287,21139,146289,6290,21,2
1637539,22618,75873,3395,23,3
1637603,61181,75863,5864,22,3
1637699,21137,15345,2849,17,1
1637735,49618,80842,8367,0,0
1637923,50345,133680,6194,14,0
1637955,47384,165556,3105,19,3
1637987,50284,13930,3931,0,0
1638176,71276,41107,3612,0,0
1638467,37426,42377,2378,16,0
1638566,27236,30517,8027,24,1
1638722,29317,60428,2935,16,0
1639104,68923,135756,3296,0,0
1639265,22835,152437,7468,18,2
1639300,73213,81713,6730,21,2
1639556,33490,2374,4875,14,0
1639840,63370,192668,5188,18,2
1639877,58012,173458,5976,22,3
1639911,49348,135429,5430,17,1
1640103,20291,55303,2819,13,4
1640128,67576,171592,6627,23,3
1640161,40238,2863,2864,17,1
1640480,67633,149245,4274,20,4
1640546,22786,139420,1934,23,3
1640676,52690,85592,5593,18,2
1641474,32383,128145,3170,16,0
1641824,74749,26708,1713,12,2
1641857,34846,78903,1411,14,0
1641859,20108,165160,7677,21,2
1642021,39823,81878,1879,13,4
1642563,37556,75047,7555,18,2
1642624,19093,175107,2659,17,1
1642886,31046,97144,4672,0,0
1643014,40120,40185,7698,1,1
1643078,66482,7183,4684,24,1
1643296,47681,96200,8710,19,3
1643394,53557,86361,3886,24,1
1643493,62222,74830,2352,22,3
1643495,71932,27330,2335,24,1
1643655,44941,56314,1325,14,0
1643713,23741,166471,4020,19,3
1643907,74308,62012,9531,17,1
1643910,43411,49798,4807,15,0
1644068,21544,17271,2274,14,0
1644096,20677,97261,4789,15,0
1644096,20677,125650,3187,15,0
1644103,35465,8403,8404,14,0
1644356,71944,34301,6805,12,2
1644903,67243,136452,3992,20,4
1645127,74380,149687,7230,24,1
1645313,55564,86229,3754,22,3
1645569,59387,6423,8924,14,0
1645985,61105,142198,7227,16,0
1646433,61112,124179,1716,21,2
1646469,63892,16690,6691,24,1
1646501,28559,197573,7574,0,0
1646663,58166,114811,4812,16,0
1647394,67930,108975,6506,24,1
1647491,56977,56933,1944,20,4
1647587,38393,15557,8059,19,3
1647715,20203,31142,3646,20,4
1647841,67108,102118,9649,15,0
1647936,19373,81754,1755,21,2
1648001,46510,12228,4730,22,3
1648066,65686,32223,4727,16,0
1648131,49252,83683,3684,23,3
1648228,71659,158458,6004,16,0
1648801,73292,174620,2172,13,4
1648901,19111,39090,6600,1,1
1649536,27857,24754,2261,21,2
1649536,27857,47803,2812,21,2
1649537,31391,119108,1620,24,1
1649671,62125,136613,1640,13,4
1649697,29225,57538,5054,1,1
1649701,42976,126513,9026,16,0
1649859,22847,132111,9651,24,1
1649889,68402,147944,5487,17,1
1649923,38896,102764,2765,0,0
1650180,56176,52657,7668,20,4
1650372,74087,95878,5879,18,2
1650534,26734,185735,8254,12,2
1650917,32350,18969,6473,22,3
1651042,56131,177790,5342,1,1
1651075,55951,48195,5708,16,0
1651079,55420,95725,5726,23,3
1651109,48611,24131,1638,12,2
1651136,28693,45929,3442,0,0
1651143,33322,80433,7958,13,4
1651170,70286,26488,1493,0,0
1651170,70286,174493,4494,0,0
1651398,62509,167150,4699,19,3
1651457,59186,154821,4822,17,1
1651461,61879,168600,3633,24,1
1651591,51731,147050,4593,1,1
1651655,74021,185467,7986,13,4
1651778,23434,29067,1570,12,2
1651778,23434,139100,1614,12,2
1651780,25757,8912,1413,24,1
1651846,33520,43390,8399,12,2
1651846,33520,166159,3708,12,2
1652068,68975,78265,5787,23,3
1652192,33668,93670,8689,23,3
1652323,39307,155003,7519,1,1
1652997,31096,187085,4640,1,1
1652997,31096,187479,9998,1,1
1653095,37798,96254,6255,18,2
1653313,30592,11490,3992,20,4
1653315,34426,77214,4736,12,2
1653543,74221,48722,3731,23,3
1654050,42359,117614,7615,1,1
1654375,45661,48567,3576,16,0
1654375,45661,156013,6014,16,0
1654503,47858,19799,4802,12,2
1654593,65888,182140,9695,17,1
1654693,69964,149082,6625,24,1
1654820,73808,167324,9841,1,1
1654852,44102,18997,6501,24,1
1654886,61522,198021,5579,21,2
1655234,55765,150306,5337,22,3
1655366,66560,153854,8885,14,0
1655493,66992,160716,8265,24,1
1655553,1561,49158,1663,13,4
1655712,40855,96601,9111,18,2
1656102,47665,151640,4156,21,2
1656135,33967,18630,8631,17,1
1656224,53173,128405,5942,22,3
1656326,21367,42667,7676,0,0
1656389,59443,68716,3729,24,1
1656455,68822,14066,6568,17,1
1656581,46549,32833,5337,22,3
1656611,68581,121905,6930,13,4
1656933,38002,143460,3461,22,3
1657126,72052,138303,3330,14,0
1657186,27260,150566,8112,22,3
1657442,70039,98813,6341,18,2
1657446,59299,4326,6827,14,0
1657636,21679,104504,2035,13,4
1657638,30331,83827,6336,1,1
1657764,71560,83777,8794,12,2
1657793,36463,158736,8737,21,2
1657892,48785,192847,2848,22,3
1657984,60779,159211,6757,20,4
1658275,23050,118194,8195,14,0
1658305,30683,137357,7358,19,3
1658311,1864,159925,7471,22,3
1658598,45187,59823,4834,1,1
1658692,21376,152254,9800,13,4
1658819,23125,90214,5233,12,2
1659111,73834,156841,9357,19,3
1659362,56750,82206,4715,0,0
1659457,20725,108990,8991,24,1
1659495,32707,28625,8626,17,1
1659558,61808,90809,8337,15,0
1659621,60544,193276,3277,21,2
1659811,18979,137406,9920,0,0
1659815,44884,111043,3555,21,2
1659904,32588,93123,3124,15,0
1660036,35717,128613,6150,16,0
1660069,38647,197253,7254,1,1
1660071,52997,48836,6349,17,1
1660352,39596,175000,7518,0,0
1660709,30502,40200,7713,21,2
1661031,30092,19868,2370,20,4
1661031,30092,198181,3220,20,4
1661122,43168,194322,1880,22,3
1661280,53455,24525,4526,17,1
1661344,69697,124973,9998,1,1
1661730,62071,84963,4964,0,0
1662277,62668,71452,3960,23,3
1662818,22439,103918,6429,18,2
1662916,55507,53804,6310,12,2
1663171,35803,88301,5826,12,2
1663268,53245,150699,8245,14,0
1663491,66760,2562,7563,16,0
1663650,28270,130673,8213,13,4
1663714,1414,192343,2344,20,4
1663716,64940,185124,5125,12,2
1663778,28999,89303,6828,19,3
1663846,37022,168265,8266,12,2
1664004,35969,86266,8775,17,1
1664004,35969,141340,6369,17,1
1664102,43655,170255,2773,14,0
1664194,74137,37403,7404,17,1
1664229,53470,191893,9451,17,1
1664323,45835,98670,6198,16,0
1664355,59789,37888,7889,20,4
1664419,67463,82201,7218,22,3
1664546,28792,164681,4682,19,3
1664581,37276,19980,4983,12,2
1664581,37276,197281,9801,12,2
1665504,34315,63877,1396,13,4
1665669,40531,81087,8612,24,1
1665728,69146,119999,2511,17,1
1665826,44770,118377,3400,19,3
1665827,31010,88873,3890,14,0
1665827,31010,105861,5862,14,0
1665920,22429,182492,2493,1,1
1665953,60379,175985,5986,13,4
1665988,40360,196144,6145,24,1
1666055,62461,167698,5247,23,3
1666083,45931,36900,6901,0,0
1666343,45316,173982,6500,23,3
1666470,54166,34612,7116,20,4
1666628,46445,150603,3119,1,1
1666791,30242,14741,7243,1,1
1666881,42590,199596,7154,23,3
1666947,27830,147437,4980,12,2
1666980,26053,49607,2112,19,3
1667072,59743,199441,4480,21,2
1667074,60116,141691,6720,18,2
1667587,69952,100466,5487,17,1
1667808,53383,199649,7207,23,3
1667971,62621,134288,1828,15,0
1668228,63565,121633,6658,23,3
1668228,63565,141627,9170,23,3
1668259,32876,197514,2553,16,0
1668289,42133,78667,8668,16,0
1668455,71089,157895,2926,20,4
1668581,39787,33029,8036,1,1
1668707,50819,58430,8431,22,3
1668707,50819,99711,4730,22,3
1669028,53389,17179,7180,17,1
1669408,63155,147839,7840,14,0
1669541,47461,30780,5787,23,3
1669665,50612,129494,9495,23,3
1669669,36394,67969,2982,1,1
1669729,67300,114675,9698,18,2
1669857,25325,14891,9894,15,0
1669927,23822,157287,2318,24,1
1670049,70466,94040,1568,12,2
1670050,65309,4582,4583,13,4
1670179,67996,14514,9517,23,3
1670306,53215,8684,8685,15,0
1670339,47476,74185,9200,20,4
1670340,65246,84442,4443,12,2
1670535,58429,119462,9463,15,0
1670691,73681,144562,2105,16,0
1670950,59437,56663,9169,19,3
1670980,73729,86465,1482,23,3
1670980,73729,171790,4308,23,3
1671047,60688,82224,9749,23,3
1671233,36905,166197,6198,16,0
1671303,55765,189663,7218,22,3
1671559,35107,24243,4244,19,3
1671559,35107,119236,1748,19,3
1671587,66640,112408,4920,19,3
1671812,48239,107844,2865,22,3
1671877,29114,184202,9239,24,1
1672357,23026,46919,6920,23,3
1672517,44627,143972,1515,18,2
1672576,66676,28247,3252,17,1
1672769,43400,170738,8290,21,2
1672838,46852,167630,2663,17,1
1673059,66541,158828,3859,1,1
1673063,50861,143523,6038,15,0
1673284,48229,121427,8964,21,2
1673284,48229,180562,8117,21,2
1673349,1357,9743,2244,15,0
1673378,44794,137161,7162,21,2
1673383,24244,89716,4733,18,2
1673442,62210,195209,7729,24,1
1673733,56702,138751,3778,18,2
1673763,54376,92690,7709,0,0
1673792,61316,33042,8049,24,1
1674054,60502,147989,5532,1,1
1674148,48362,104646,4647,19,3
1674148,48362,170018,7570,19,3
1674307,19613,33320,8327,15,0
1674661,51043,79654,7176,0,0
1674661,51043,128961,3986,0,0
1674887,66901,14236,4237,16,0
1674983,54589,67660,2673,16,0
1675009,1763,110180,5203,1,1
1675107,31255,185245,7764,17,1
1675334,54181,16252,8754,20,4
1675555,60061,108128,3149,14,0
1675555,60061,190959,8517,14,0
1675556,70801,27203,4710,19,3
1675714,21374,140917,3432,18,2
1676226,61412,188234,3271,14,0
1676292,22090,80362,7887,19,3
1676353,24973,54297,9308,18,2
1676359,23803,158283,5829,18,2
1676613,30758,70377,2885,12,2
1676613,30758,73395,5903,12,2
1676615,49501,184489,2044,12,2
1676838,26095,173923,1475,17,1
1676962,35738,142687,5202,1,1
1676963,41591,139633,4660,13,4
1676966,42595,140144,5173,0,0
1677184,70925,83513,3514,23,3
1677184,70925,85467,2992,23,3
1677221,64378,164309,1858,15,0
1677252,58906,118848,8849,23,3
1677475,25114,112183,4695,24,1
1677504,48850,33937,6441,14,0
1677602,20758,189733,9734,23,3
1677665,38035,91011,3521,20,4
1677665,38035,115434,5435,20,4
1677921,66773,19817,9818,0,0
1677925,40531,49743,9744,24,1
1678245,19904,188562,3599,16,0
1678272,47287,92719,2720,17,1
1678274,22237,1559,9060,0,0
1678341,38261,18189,5693,1,1
1678497,18767,87299,4824,12,2
1678754,25706,151253,6284,14,0
1678913,26410,30283,2787,24,1
1678946,43424,141429,1430,12,2
1679143,49744,4034,9035,12,2
1679200,45685,14867,9870,22,3
1679398,73711,79569,7091,15,0
1679463,46258,66059,3578,21,2
1679715,43186,105558,5559,22,3
1679874,69194,173272,3273,23,3
1680257,53569,199086,1606,24,1
1680260,43949,8273,8274,18,2
1680386,21089,14416,1920,0,0
1680512,35164,156614,4160,13,4
1680579,74200,52320,9836,22,3
1680613,48436,100500,5521,1,1
1680738,35516,17155,4659,19,3
1680961,70720,61351,3858,12,2
1681314,69088,74811,4812,16,0
1681858,66580,28961,3966,19,3
1681889,24073,171119,3637,16,0
1681923,31339,120883,8420,17,1
1681953,48727,79579,4594,24,1
1682180,65155,9014,1515,18,2
1682400,60808,32882,7889,20,4
1682401,43615,28802,8803,18,2
1682468,32198,102352,4863,1,1
1682560,74633,140276,5305,13,4
1682660,52804,33872,1382,24,1
1682850,21344,9247,4248,1,1
1683139,37687,13105,3106,15,0
1683139,37687,49766,7279,15,0
1683168,54436,188701,6256,13,4
1683200,20809,128858,6395,12,2
1683301,74384,116765,1788,0,0
1683712,52342,65983,5984,13,4
1683940,73895,178018,3053,23,3
1684101,27664,24055,1562,14,0
1684132,19162,114104,6616,23,3
1684225,31981,146581,6582,12,2
1684290,62732,149920,2435,21,2
1684359,23980,146642,1671,23,3
1684419,24856,72010,9532,17,1
1684451,68329,185133,2688,15,0
1684579,50093,37206,7207,23,3
1684741,36680,54909,9920,0,0
1684992,61384,104925,2456,15,0
1685028,29062,112506,7529,15,0
1685442,43712,98858,1368,21,2
1685541,36568,179530,2048,0,0
1685893,57631,26949,1954,24,1
1685952,37439,16561,6562,19,3
1685952,37439,133896,8923,19,3
1686118,67717,98411,5939,18,2
1686118,67717,189345,1864,18,2
1686242,62548,145360,2903,18,2
1686242,62548,195467,3025,18,2
1686243,43052,82438,7455,13,4
1686500,51509,149648,4677,23,3
1686658,48307,120291,2804,16,0
1686693,20686,162052,4569,18,2
1686978,38654,19884,7388,1,1
1687047,59941,189141,4178,22,3
1687233,41545,131948,9488,12,2
1687239,58648,43842,3843,0,0
1687492,21424,145892,8407,16,0
1687783,42620,137769,7770,18,2
1687873,32062,177070,2105,16,0
1688035,67414,79338,9339,23,3
1688039,21226,183129,3130,23,3
1688064,24016,121521,4034,24,1
1688387,31184,45009,2522,16,0
1688416,55826,78013,8014,17,1
1688513,30361,16731,4235,14,0
1688640,71107,154642,2188,17,1
1688741,41617,46289,6290,21,2
1688804,60592,149249,9250,0,0
1688864,45055,66364,3883,16,0
1688870,45055,126844,6845,16,0
1688934,39043,16648,1651,21,2
1688964,59060,21940,4443,12,2
1689890,49063,184513,2068,18,2
1689891,36256,3144,5645,22,3
1689955,50327,137840,2867,17,1
1690084,60244,8644,6145,24,1
1690278,36241,3154,5655,15,0
1690305,22898,177133,9651,24,1
1690337,29669,38581,8582,21,2
1690436,29522,12174,4676,14,0
1690528,29231,123261,5774,20,4
1690535,22175,162761,5278,19,3
1690758,41419,108549,8550,1,1
1690785,50915,2248,2249,22,3
1690785,50915,72863,5371,22,3
1690823,44794,28988,1491,21,2
1690983,24859,12832,5334,16,0
1691137,31816,88101,8102,0,0
1691265,36182,36518,9022,13,4
1691361,44564,46255,6256,13,4
1691363,20210,86911,4436,15,0
1691653,58108,20507,3010,1,1
1691685,36403,76377,8885,14,0
1692132,53776,27321,4828,14,0
1692192,68098,75083,2605,15,0
1692288,26179,65471,5472,21,2
1692326,67373,54481,9492,17,1
1692487,23300,23922,3923,15,0
1692547,74386,189086,1605,13,4
1692834,48970,180781,8336,23,3
1692869,25676,72344,9866,21,2
1692998,74272,41592,6601,16,0
1693092,64162,29279,1782,14,0
1693568,42686,47068,9573,14,0
1693638,24703,186151,6152,13,4
1693702,62356,127730,5267,14,0
1693894,29135,194458,4459,13,4
1694054,42989,35489,7993,0,0
1694114,40052,46964,9469,1,1
1694114,40052,137352,4892,1,1
1694118,71731,83520,3521,20,4
1694118,71731,103892,8913,20,4
1694630,73342,127693,5230,13,4
1694692,24544,152554,7585,24,1
1694848,69608,144546,7061,20,4
1694944,34312,75526,8034,22,3
1695235,65500,48121,5634,1,1
1695462,61072,182004,2005,20,4
1696291,58189,41993,7002,20,4
1696518,25880,191252,1253,0,0
1696839,29500,110893,5916,0,0
1696901,22246,153549,8580,21,2
1697253,72895,16984,9486,17,1
1697317,71218,47350,2359,1,1
1697379,62002,155939,5940,21,2
1697542,61270,179511,9512,14,0
1697794,71281,10961,5964,24,1
1697828,69517,77378,7379,12,2
1698311,58840,127134,4671,21,2
1698688,67097,153032,5548,21,2
1698726,60271,100528,8059,19,3
1698848,55576,130580,3094,21,2
1698851,67639,26632,1637,21,2
1698851,67639,107707,5238,21,2
1698977,73958,115472,3006,1,1
1699171,60019,139674,7214,1,1
1699298,53668,195166,2724,14,0
1699362,37798,179208,6760,18,2
1699462,48367,71149,3657,17,1
1699462,48367,197340,2379,17,1
1699494,53071,10597,5600,1,1
1699494,53071,121226,8763,1,1
1699555,65495,189832,2351,12,2
1699685,70969,14576,7078,12,2
1699748,22472,133085,8112,22,3
1699810,35798,117111,9623,1,1
1699840,67999,126023,8536,1,1
1699909,23326,64764,2283,16,0
1699942,28558,159775,4806,13,4
1700002,25045,73883,6391,12,2
1700453,42520,72014,2015,15,0
1700514,74644,183833,8870,16,0
1700579,60338,156271,1302,13,4
1700711,72428,116354,3888,12,2
1700804,56950,196351,1390,20,4
1700839,69361,38437,5947,13,4
1700933,28937,76443,3965,23,3
1701318,21742,72669,5177,19,3
1701349,56686,106684,9195,19,3
1701447,44938,163042,3043,16,0
1701476,26935,2451,9952,22,3
1701476,26935,85588,8097,22,3
1701479,63265,8982,8983,19,3
1701506,63193,192333,2334,21,2
1701508,51830,199852,7410,15,0
1701670,61726,177661,2696,21,2
1701956,49774,146294,3837,21,2
1701989,63331,187135,4690,15,0
1702117,67426,199941,9942,12,2
1702210,35267,104379,6890,14,0
1702211,67610,116116,6117,15,0
1702308,51986,197900,7901,13,4
1702400,67408,147154,9669,24,1
1702529,68605,101429,1430,12,2
1702529,68605,132558,2559,12,2
1702625,68893,129346,1859,0,0
1702689,28565,108016,3037,22,3
1702791,49003,93474,8493,15,0
1702848,65845,196064,8584,23,3
1703076,38096,56691,6692,14,0
1703331,45373,97479,9989,0,0
1703776,63244,160455,8004,13,4
1704097,50254,171093,6128,20,4
1704259,56462,72352,4860,17,1
1704518,22063,52304,2305,23,3
1704548,47387,112563,2564,0,0
1704548,47387,157427,2458,0,0
1704737,44363,191171,6210,20,4
1704739,59575,34305,1815,19,3
1704772,32956,18687,3690,12,2
1705154,23608,121030,3543,22,3
1705187,69449,38878,1382,24,1
1705223,50854,99983,9984,13,4
1705344,25940,109630,9631,24,1
1705730,61027,137467,7468,18,2
1705733,39040,59589,4600,12,2
1705733,39040,102033,2034,12,2
1705760,38362,50915,5926,21,2
1705826,50833,127106,2131,0,0
1706276,72697,140038,5067,19,3
1706432,51865,98440,5968,15,0
1706465,54161,20508,8015,17,1
1706656,71350,154609,4610,13,4
1706725,61127,104502,7013,14,0
1707237,27847,14106,9109,21,2
1707333,49705,143800,6315,22,3
1707488,67489,69927,2434,15,0
1707523,55141,48918,3927,23,3
1707588,69094,28680,8681,17,1
1707749,23483,51835,4341,21,2
1707810,41275,80756,8281,16,0
1708293,71749,79615,7137,19,3
1708416,34141,154731,7247,17,1
1708582,41593,171067,8619,21,2
1708675,29693,19263,1765,19,3
1708837,66451,81812,4321,20,4
1708864,46418,199270,9271,16,0
1708992,63682,191144,3664,18,2
1709191,26899,23647,8652,15,0
1709191,26899,61333,1334,15,0
1709315,37849,149984,5013,17,1
1709380,55963,179447,6999,20,4
1709444,36580,119469,9470,17,1
1709506,50434,25482,7985,16,0
1709799,56785,11154,8658,12,2
1709827,60467,68869,8870,16,0
1709829,49108,167107,7108,14,0
1709924,47707,101256,3767,16,0
1710214,26557,12644,5146,23,3
1710368,52450,162227,7260,1,1
1710403,73547,128133,3158,19,3
1710406,37291,115794,8306,21,2
1710471,59509,28014,5521,1,1
1710499,69470,121557,4070,19,3
1710690,35401,192755,2756,17,1
1710727,63472,170806,8358,19,3
1710917,56495,2213,2214,21,2
1710917,56495,178988,4023,21,2
1710978,31525,22064,4567,13,4
1711043,59350,23434,3435,13,4
1711136,21971,174564,4565,13,4
1711205,31466,84972,4973,13,4
1711265,63926,50299,5310,16,0
1711300,48704,65046,2565,16,0
1711399,45961,135653,5654,15,0
1711399,45961,154349,6865,15,0
1711588,63305,71585,9107,19,3
1711713,63796,175907,5908,19,3
1711781,60572,21251,1252,18,2
1711873,45278,129647,9648,20,4
1711873,45278,163268,8301,20,4
1711906,57922,182897,2898,13,4
1711943,19609,11268,8772,18,2
1711969,62638,32531,7538,16,0
1711969,62638,65886,3405,16,0
1711974,24494,27135,7136,17,1
1712131,54671,75129,5130,0,0
1712289,70144,21659,4162,14,0
1712353,47582,129374,6911,0,0
1712417,53671,130600,3114,22,3
1712484,69754,194610,9649,15,0
1712611,61726,16953,9455,21,2
1712708,71437,100319,2830,14,0
1712708,71437,117878,5412,14,0
1712739,34027,118133,5667,17,1
1712802,62845,57659,5175,12,2
1712836,58456,93289,5799,20,4
1712836,58456,191257,3777,20,4
1713218,58109,83783,3784,19,3
1713249,48049,11604,4106,12,2
1713249,48049,151680,6711,12,2
1713316,36163,136439,1466,18,2
1713376,39854,121839,9376,24,1
1713509,26900,5352,7853,0,0
1713601,66212,75400,2922,23,3
1713698,48943,59812,4823,0,0
1713698,48943,137978,5518,0,0
1714336,59012,156481,4027,12,2
1714343,58513,150734,3250,24,1
1714662,37330,187315,9834,15,0
1714787,51200,168019,5568,20,4
1714887,43564,17997,5501,12,2
1715395,65845,103178,5689,23,3
1715431,60313,162266,9815,20,4
1715687,22036,11448,6451,12,2
1715687,22036,167994,5543,12,2
1715744,34219,89218,4235,14,0
1715780,25645,75530,3052,17,1
1716007,38392,99273,4292,21,2
1716231,31546,174023,6541,15,0
1716386,52309,15446,2950,23,3
1716615,24002,71815,9337,20,4
1716646,68678,49736,7249,15,0
1716964,52453,187498,2535,24,1
1717095,74273,118058,5592,1,1
1717312,71315,58064,5580,23,3
1717703,50167,195601,5602,12,2
1717732,60760,105069,7580,17,1
1717732,60760,176876,1911,17,1
1717893,67240,62753,7766,24,1
1718017,64570,122825,5338,22,3
1718081,49303,47540,7541,22,3
1718087,30886,164071,6588,1,1
1718433,25322,59579,2085,12,2
1718592,60266,111994,1995,18,2
1718596,53455,189001,6556,17,1
1718817,72961,35014,2524,24,1
1718982,56617,179111,4146,15,0
1719396,47143,112640,2641,24,1
1719396,47143,123976,3977,24,1
1719778,27212,171101,6136,19,3
1719809,42508,24171,4172,13,4
1719847,36985,164572,4573,1,1
1719910,27475,69023,9024,13,4
1720483,73529,77345,7346,19,3
1720769,31271,69547,4560,19,3
1720803,34936,138220,8221,17,1
1720832,1670,11728,1729,18,2
1721030,21128,30379,7889,20,4
1721093,23407,80673,5690,15,0
1721250,1585,26819,4326,22,3
1721381,24946,106728,4259,0,0
1721698,49888,88272,8273,17,1
1721728,49606,72218,4726,14,0
1721728,49606,77199,7200,14,0
1721729,19964,87080,7081,13,4
1721888,56212,126467,4004,1,1
1721955,71407,62113,9632,14,0
1721955,71407,133677,6191,14,0
1721958,21329,69794,2301,20,4
1722151,21520,152273,9819,24,1
1722305,33413,52519,2520,21,2
1722305,33413,137080,9594,21,2
1722436,23089,41458,6467,22,3
1722689,45553,130840,3354,16,0
1722820,31582,43483,8492,20,4
1722912,30362,152734,2735,16,0
1722976,56486,93793,6303,21,2
1723009,33409,149793,4822,17,1
1723458,55343,95119,7629,24,1
1723525,72340,94979,4980,12,2
1723590,70510,171879,6914,18,2
1723591,52523,29553,7060,16,0
1723591,52523,164862,2411,16,0
1723845,56497,181744,4263,24,1
1723846,20170,10180,7684,0,0
1724037,53581,165302,5303,16,0
1724038,71528,20053,2556,21,2
1724455,69407,82201,7218,22,3
1724577,29326,164787,9820,21,2
1724614,64387,63118,3119,1,1
1724740,40972,102044,7065,15,0
1725124,52451,36352,6353,23,3
1725127,31664,167819,2852,19,3
1725185,20515,170218,7770,18,2
1725221,43771,171748,6783,1,1
1725222,57115,85702,3227,15,0
1725669,21992,62582,7595,13,4
1725984,67204,151680,6711,12,2
1726403,44797,70477,5492,17,1
1726499,18838,23766,3767,16,0
1726499,18838,139652,4679,16,0
1726661,19441,31659,1660,1,1
1726727,1270,80791,3300,13,4
1726753,47896,29485,4490,15,0
1726848,26524,181718,4237,16,0
1726854,33778,4909,7410,15,0
1727143,41380,79509,7031,1,1
1727782,55081,5264,2765,0,0
1728006,71722,29108,1611,0,0
1728164,54131,152016,9562,14,0
1728167,69794,889,8390,20,4
1728257,40429,148230,5773,14,0
1728326,66043,164856,9889,15,0
1728416,41929,112084,4596,13,4
1728579,44312,50503,8019,14,0
1728609,61937,50728,8244,12,2
1728774,51649,123202,5715,13,4
1728803,65270,35974,8478,21,2
1728834,35915,61328,1329,24,1
1728897,64622,183183,5702,12,2
1728967,25546,155604,8120,24,1
1729026,39934,82356,2357,20,4
1729026,39934,97381,9891,20,4
1729095,62351,84390,9407,23,3
1729191,46790,82066,9591,23,3
1729444,72637,106305,6306,22,3
1729508,20416,68080,5599,13,4
1729667,19166,187393,2430,13,4
1729824,48332,118901,8902,23,3
1729825,49528,153983,1529,16,0
1729825,49528,182466,2467,16,0
1729987,47434,123746,8771,19,3
1730087,53117,59758,9759,1,1
1730562,39925,19703,9704,19,3
1730662,44284,141124,8667,18,2
1730694,45241,199299,1819,15,0
1730917,67574,86439,3964,16,0
1731462,70697,137715,5255,0,0
1731684,30433,42582,5087,13,4
1731714,47959,123528,3529,0,0
1732039,47524,4050,6551,0,0
1732134,71320,172147,4665,17,1
1732708,52519,155276,5277,20,4
1732836,60869,177382,7383,24,1
1732901,20026,77429,9937,21,2
1732961,71368,21031,6036,15,0
1732961,71368,100835,5856,15,0
1733059,73129,38216,5726,23,3
1733092,50290,66813,4332,17,1
1733125,26575,108003,3024,19,3
1733125,26575,196046,6047,19,3
1733154,50993,196776,9296,21,2
1733349,46327,56679,6680,15,0
1733443,25921,108731,8732,24,1
1733702,49748,168433,8434,13,4
1733732,65644,41917,1918,1,1
1733793,42235,153002,5518,0,0
1734051,33470,10060,5063,24,1
1734150,65881,75813,3335,20,4
1734177,63428,61878,4385,1,1
1734240,35674,140942,5971,23,3
1734336,24379,27477,9980,0,0
1734595,51886,34940,4941,22,3
1734949,27650,59633,7149,16,0
1734979,61702,189044,9045,18,2
1735175,45316,97903,2922,23,3
1735234,47753,21963,1964,14,0
1735557,27814,16192,8694,17,1
1735745,22081,6834,4335,23,3
1735809,18901,186890,9409,13,4
1735937,64642,53172,8183,22,3
1736034,29119,178551,3586,19,3
1736389,68956,52609,5115,24,1
1736422,49019,14014,4015,13,4
1736519,64594,74480,2002,22,3
1736770,50017,144467,9496,17,1
1736774,51016,147042,9557,23,3
1736929,68519,161791,6824,20,4
1736930,37712,198877,8878,19,3
1737090,72445,56654,4170,18,2
1737090,72445,184309,1864,18,2
1737280,32987,1969,6970,1,1
1737318,33346,108401,8402,19,3
1737635,57922,192955,5475,13,4
1737638,45932,191557,9115,23,3
1737795,25543,77461,9969,12,2
1738017,55612,132723,7750,18,2
1738215,51742,151095,8641,24,1
1738274,38950,87853,5378,16,0
1738342,70564,38058,8059,19,3
1738663,43952,139127,6667,20,4
1738848,73283,56146,8652,15,0
1738945,60577,69899,9900,13,4
1739236,60716,33805,6309,18,2
1739302,72436,185180,2735,16,0
1739394,19435,60499,8018,21,2
1739426,18946,81810,6827,14,0
1739556,52712,3169,3170,16,0
1739556,52712,86358,3883,16,0
1739617,50041,85928,3453,1,1
1739814,29542,184605,7124,12,2
1739873,41131,158374,5920,20,4
1739877,48271,87197,9706,14,0
1740003,29326,33461,8468,21,2
1740033,41242,7514,7515,15,0
1740067,72679,154892,4893,0,0
1740166,63769,69588,2095,20,4
1740356,44221,26051,8554,0,0
1740356,44221,43774,1287,0,0
1740418,49051,55054,2570,15,0
1740773,21974,82197,7214,1,1
1740897,54376,68147,8148,0,0
1741024,37597,118830,1342,0,0
1741024,37597,129014,6551,0,0
1741056,57577,31978,9488,12,2
1741122,31786,56172,3688,16,0
1741222,73447,185873,8392,16,0
1741380,21379,27359,4866,23,3
1741445,69485,7755,2756,17,1
1741633,73228,57683,7684,0,0
1741668,49061,164629,2178,16,0
1741955,58342,21327,6332,19,3
1741955,58342,89096,4113,19,3
1742119,73567,26429,6430,21,2
1742183,63368,605,3106,15,0
1742277,55837,19057,9058,0,0
1742724,54077,173172,5690,15,0
1742817,23776,56874,4390,0,0
1742945,44720,186439,1476,21,2
1743010,58369,84583,7092,22,3
1743072,49432,57863,5379,21,2
1743072,49432,144598,4599,21,2
1743077,48407,191652,6691,24,1
1743104,32642,60149,7668,20,4
1743234,65867,170635,5670,24,1
1743270,70451,76961,9469,1,1
1743330,50257,164688,9721,20,4
1743427,32738,134018,6532,12,2
1743783,42182,35761,8265,24,1
1743809,52660,146169,3712,22,3
1743873,60184,179380,9381,21,2
1744229,48293,48171,3180,0,0
1744290,28735,68295,5814,18,2
1744995,36568,43816,6321,0,0
1745347,57770,182047,7084,21,2
1745412,26558,179288,9289,24,1
1745543,31921,174924,4925,20,4
1745858,31048,52549,5055,21,2
1745889,72461,87860,7861,14,0
1745891,69926,91562,6581,15,0
1745923,41380,68623,3636,1,1
1745959,42913,129461,4486,21,2
1746146,28588,185407,2962,0,0
1746241,74474,130753,3267,20,4
1746309,73376,106008,3539,0,0
1746496,72856,195160,7680,18,2
1746499,63079,194569,7089,12,2
1746528,23203,127333,4870,16,0
1746595,66961,48496,6009,17,1
1746660,56083,73383,5891,15,0
1746694,30274,3848,6349,17,1
1746721,65315,138513,3540,23,3
1746919,68375,143219,3220,20,4
1746951,32797,70664,8186,13,4
1747236,68026,161549,6582,12,2
1747335,42952,109566,2077,21,2
1747393,54187,123573,6086,24,1
1747394,47341,107929,2950,23,3
1747525,45745,188823,6378,20,4
1747748,36127,64376,1895,21,2
1748035,29138,116129,3663,14,0
1748419,58846,126847,9360,21,2
1748486,41614,130447,5474,15,0
1748615,30202,51445,8961,24,1
1748801,52339,168092,8093,19,3
1748869,51871,60227,5240,21,2
1749029,45754,53228,5734,0,0
1749154,73285,173977,1529,16,0
1749284,68404,20613,8120,24,1
1749507,54643,110830,8364,17,1
1749508,58486,13191,8194,22,3
1749508,58486,33654,8661,22,3
1749664,44344,92428,2429,1,1
1749699,47941,27820,5327,21,2
1749700,72878,156453,1484,16,0
1749763,30250,147626,2655,21,2
1749825,58522,1549,4050,1,1
1749827,21520,88620,6145,24,1
1749953,51928,16271,6272,19,3
1749954,31654,183100,3101,20,4
1750145,62371,103950,8971,17,1
1750400,60877,161615,1616,14,0
1750466,21433,193758,8797,22,3
1750660,58753,101243,6264,13,4
1750752,41000,175676,8194,22,3
1750822,73867,9286,4287,0,0
1750885,74845,43114,5619,20,4
1751041,60088,57309,9815,20,4
1751107,48190,57335,9841,1,1
1751171,31720,73779,6287,23,3
1751270,31108,14725,7227,16,0
1751270,31108,67062,9569,16,0
1751302,43316,37944,5454,16,0
1751394,66376,34129,4130,14,0
1751397,73643,147768,7769,19,3
1751525,66124,101730,6751,18,2
1751525,66124,165760,8277,18,2
1751618,26561,66100,3619,23,3
1751939,32963,122427,7452,13,4
1752321,33889,84573,9590,15,0
1752416,55810,16292,6293,18,2
1752422,35353,149161,1676,18,2
1752450,51337,81496,9021,12,2
1752677,70054,46200,3713,12,2
1752677,70054,102411,9942,12,2
1752706,38144,107310,4841,1,1
1753222,26215,174625,7143,24,1
1753319,60791,125943,8456,19,3
1753444,67342,158095,3126,24,1
1753477,52123,87145,9654,24,1
1753926,21574,2212,7213,21,2
1753926,21574,82148,4657,21,2
1754242,53399,181950,9505,19,3
1754370,53674,114488,7000,19,3
1754432,26260,190590,8148,0,0
1754695,44377,78955,8956,22,3
1755077,19799,24217,6720,18,2
1755078,59590,90230,5249,1,1
1755107,31417,51774,4280,12,2
1755170,71543,186275,1312,19,3
1755205,67684,26499,1504,24,1
1755238,36529,126334,1359,13,4
1755491,34352,59491,9492,17,1
1755750,41368,175331,7849,23,3
1755808,48052,59319,4330,18,2
1755812,50624,159509,4540,16,0
1755975,44084,56371,1382,24,1
1756035,51370,104371,6882,22,3
1756068,19858,194739,4740,21,2
1756195,72314,47671,7672,15,0
1756486,35014,89427,1936,1,1
1756486,35014,103815,3816,1,1
1756486,35014,132008,7035,1,1
1756608,58135,49398,4407,1,1
1756705,70375,197227,7228,20,4
1756898,59996,61358,6371,23,3
1757029,18994,72733,2734,1,1
1757219,29836,56910,1921,22,3
1757219,29836,139407,1921,22,3
1757315,70337,59529,2035,13,4
1757604,37450,56258,8764,18,2
1757696,65950,98767,6295,19,3
1757891,53671,146515,9030,22,3
1757955,46675,40929,5938,22,3
1758118,51829,21757,1758,12,2
1758119,24890,70006,7528,17,1
1758177,64420,184643,7162,21,2
1758275,46718,12753,2754,15,0
1758340,45881,78547,3562,16,0
1758884,55004,4067,1568,12,2
1758884,55004,116464,3998,12,2
1758948,59438,143579,6094,0,0
1759010,73015,86586,9095,23,3
1759078,64850,174812,7330,17,1
1759109,45907,156762,6763,13,4
1759169,65698,178551,8552,23,3
1759200,71284,48622,3631,17,1
1759205,38827,31672,6679,0,0
1759267,26810,33320,5824,19,3
1759332,59074,137251,9765,23,3
1759367,23197,83657,6166,13,4
1759367,23197,167592,7593,13,4
1759399,63709,189572,4609,17,1
1759680,22576,60791,8310,20,4
1760388,56195,180472,2991,14,0
1760517,57200,173857,3858,12,2
1760517,57200,198524,8525,12,2
1760900,41326,166052,3601,1,1
1761347,29603,172561,2562,18,2
1761509,64483,138889,6429,18,2
1761511,34009,23496,8501,1,1
1761574,24368,142378,7407,23,3
1761798,33172,57917,5433,16,0
1761923,72925,162416,4933,16,0
1762279,52288,34186,9193,17,1
1762279,52288,77149,2164,17,1
1762470,69329,16696,6697,15,0
1762757,48059,194342,1900,23,3
1763043,1864,156455,6456,22,3
1763074,68932,105494,3025,18,2
1763682,54544,118609,3632,23,3
1763682,54544,126395,3932,23,3
1763840,49588,77197,4719,17,1
1763872,48040,196908,6909,20,4
1764258,59653,133207,8234,20,4
1764288,23780,97008,7009,14,0
1764292,43724,10843,3345,24,1
1764324,20642,94929,4930,0,0
1764482,19339,67683,7684,0,0
1764706,30493,145525,3068,18,2
1764806,42863,88315,5840,12,2
1764869,56582,109526,4547,18,2
1765026,26398,154694,4695,24,1
1765573,62242,55004,2520,21,2
1765734,63707,2043,9544,17,1
1765794,30151,75238,5239,19,3
1765794,30151,169186,4219,19,3
1766017,22783,158470,8471,12,2
1766402,52282,23977,1484,16,0
1766851,20749,94182,9201,17,1
1766976,54670,57171,7172,16,0
1766976,54670,149606,9607,16,0
1767203,22750,35286,5287,13,4
1767520,59740,172645,2646,19,3
1767619,27022,100987,3498,22,3
1767910,59936,29766,7273,1,1
1768067,21859,23196,5699,13,4
1768131,30613,62803,5310,16,0
1768198,57553,181158,3677,12,2
1768768,51076,156627,9143,0,0
1768963,30581,25598,5599,13,4
1769185,40849,29064,1567,16,0
1769188,34234,47746,2755,23,3
1769217,73090,168422,5971,23,3
1769281,23848,472,7973,19,3
1769351,68840,1458,8959,24,1
1769351,68840,164048,6565,24,1
1769760,42973,12316,2317,13,4
1769889,33172,127923,2948,16,0
1770150,29489,43850,8859,19,3
1770183,24929,64446,1965,1,1
1770208,24908,69210,1717,0,0
1770401,63712,37226,4736,12,2
1770404,57506,73157,5665,0,0
1770439,58441,24855,2362,14,0
1770657,73636,165210,7727,0,0
1770659,61582,179275,9276,22,3
1770720,39178,106610,9121,24,1
1770720,39178,125610,5611,24,1
1770818,74725,62123,2124,22,3
1770818,74725,86288,8797,22,3
1770883,60889,103829,1360,1,1
1771011,26726,173182,5700,18,2
1771072,45332,94378,6888,21,2
1771363,35056,84797,9814,19,3
1771654,38333,181352,6389,0,0
1771780,31900,174900,2452,20,4
1771847,45968,37649,5159,19,3
1771910,71267,198554,6112,19,3
1771941,66724,13448,8451,17,1
1771969,70843,80187,7712,21,2
1772034,27481,108291,3312,13,4
1772097,23224,41,7542,0,0
1772160,53537,127170,9683,16,0
1772164,23459,3163,3164,15,0
1772194,62926,56522,4038,14,0
1772229,63221,96004,3532,23,3
1772260,31405,55994,8500,12,2
1772420,30454,112603,2604,15,0
1772450,61096,140197,2712,15,0
1772451,68995,34306,4307,12,2
1772549,38324,64256,6763,13,4
1772677,66793,140779,3294,20,4
1772775,37712,79297,1805,19,3
1772999,62275,141204,8747,0,0
1773123,33154,79608,9609,21,2
1773696,48623,70830,8352,0,0
1773862,25573,90820,8348,23,3
1773891,32737,17008,7009,14,0
1774049,40114,109255,9256,16,0
1774208,59554,195393,5394,0,0
1774432,61538,47424,2433,22,3
1774496,59960,96582,9092,1,1
1774533,35132,53888,3889,14,0
1774753,67375,12009,2010,0,0
1774753,67375,165076,5077,0,0
1774950,48803,28757,6264,13,4
1775203,47998,120183,2696,21,2
1775232,23255,196754,6755,15,0
1775299,38467,123318,3319,17,1
1775429,26576,145043,2586,19,3
1775494,64981,186244,6245,14,0
1775584,24998,115658,5659,16,0
1775649,29264,161947,1948,24,1
1775750,59224,199538,9539,21,2
1775779,42527,151543,1544,1,1
1775941,40484,10583,3085,0,0
1775974,54511,115833,8345,12,2
1776292,35443,151901,4417,0,0
1776481,48775,121612,9149,21,2
1776804,47191,189053,1572,20,4
1776833,21052,27312,4819,16,0
1776838,47119,50628,5639,14,0
1776871,26695,158095,3126,24,1
1777127,29581,8482,3483,1,1
1777445,46690,99786,4805,24,1
1777670,37168,197478,7479,23,3
1777733,40366,32546,2547,1,1
1777984,59641,68598,3611,12,2
1778083,21931,48686,6199,15,0
1778341,26540,66660,6661,12,2
1778594,26834,32848,7855,18,2
1778720,72391,101808,1809,20,4
1778752,21463,24902,2409,21,2
1778852,58618,55405,2921,0,0
1778852,58618,186720,6721,0,0
1779206,72047,171549,4067,0,0
1779367,73198,23008,8013,21,2
1779588,23171,34470,4471,18,2
1779589,19390,17260,2263,18,2
1779652,44056,101866,4377,22,3
1779811,66601,114761,2295,15,0
1779940,43081,113377,3378,24,1
1780070,32323,19381,9382,18,2
1780133,62983,185516,8035,22,3
1780711,33403,176404,3956,17,1
1780997,30214,108407,8408,19,3
1781541,72904,185599,8118,22,3
1781762,36614,157625,7626,20,4
1781767,63745,83420,5929,14,0
1781767,63745,150866,8412,14,0
1781923,52807,1759,6760,18,2
1782084,58330,195243,7763,15,0
1782535,45377,41065,8578,13,4
1782560,38548,39139,4146,15,0
1782597,51247,133877,3878,17,1
1783303,53335,73749,6257,15,0
1783367,18785,143861,3862,21,2
1783429,42205,159356,1872,22,3
1783748,48070,11005,8509,22,3
1783846,60448,115327,2861,18,2
1783874,31775,125103,2640,12,2
1784032,31795,89562,2071,21,2
1784097,28501,34166,1676,18,2
1784196,31432,134465,4466,1,1
1784449,56995,161789,6822,12,2
1784514,36026,80895,8420,17,1
1784708,32687,146847,6848,18,2
1784902,43019,67321,9828,17,1
1784993,64559,10389,2891,20,4
1785089,29153,129268,6805,12,2
1785285,47365,114674,7186,17,1
1785349,41215,113868,6380,16,0
1785376,49814,6360,8861,12,2
1785668,42178,108843,6374,21,2
1785735,31691,33909,1419,22,3
1785797,26980,112912,2913,14,0
1785825,33157,128463,6000,21,2
1786055,70942,75289,2811,19,3
1786310,74773,14685,4686,24,1
1786405,42565,18453,8454,22,3
1786531,38209,47390,9895,18,2
1786596,38600,199766,4805,24,1
1786628,70648,23993,6496,1,1
1786694,32008,187046,9565,23,3
1786850,60293,146206,6207,24,1
1787202,60743,40083,2588,19,3
1787202,60743,41054,8567,19,3
1787394,50273,20041,7548,23,3
1787396,37561,91628,4138,17,1
1787489,30502,198907,1427,21,2
1787590,45509,47815,7816,21,2
1787590,45509,56225,6226,21,2
1787684,64543,35403,5404,0,0
1787811,49189,139465,1979,21,2
1787847,72245,179840,2358,22,3
1787910,37279,26756,6757,20,4
1787910,37279,60177,2684,20,4
1788098,67930,176246,6247,24,1
1788422,53603,146754,6755,15,0
1788580,53572,133947,6461,0,0
1788613,28207,183885,3886,24,1
1788641,72265,124278,4279,22,3
1788804,26152,166534,4083,21,2
1788864,32887,162041,9590,15,0
1789123,38509,91276,1277,0,0
1789479,57910,187324,9843,13,4
1789536,26753,108445,5976,22,3
1789543,19978,50056,5067,19,3
1789601,67150,185174,7693,1,1
1789637,68647,174850,2402,18,2
1789730,46964,24507,9512,14,0
1789796,71723,21430,8937,13,4
1789797,42116,111719,1720,0,0
1790145,45464,53012,8023,1,1
1790181,31505,94630,2158,24,1
1790214,36820,52986,2987,22,3
1790214,36820,173253,5771,22,3
1790625,54703,1886,6887,18,2
1790726,35170,35143,7647,19,3
1790981,41675,64610,7117,23,3
1791010,30136,54665,7171,21,2
1791174,41704,138003,8004,13,4
1791334,24086,12315,7318,14,0
1791361,29488,163833,1382,24,1
1791654,53210,87090,7091,15,0
1791717,58093,88640,3657,17,1
1791842,53158,130302,2816,16,0
1791874,71983,122068,9605,22,3
1791874,71983,188034,8035,22,3
1791906,19027,42392,2393,18,2
1791911,45173,39832,2336,22,3
1792007,44834,52393,7404,17,1
1792165,59675,129328,6865,15,0
1792422,69049,156365,3911,14,0
1792519,45923,189824,7379,12,2
1792743,36650,119396,6930,13,4
1792743,36650,186878,1915,13,4
1792832,19501,75819,3341,17,1
1792832,19501,176017,3569,17,1
1792870,45559,18072,8073,21,2
1792870,45559,143801,1344,21,2
1792899,69331,123752,8777,12,2
1793217,44965,140110,7653,22,3
1793220,39706,193563,8602,15,0
1793381,63793,181827,1828,15,0
1793408,65737,81984,1985,24,1
1793569,51751,133426,5940,21,2
1793639,63892,119209,9210,24,1
1793671,33790,2699,2700,15,0
1793766,69034,33353,3354,16,0
1793766,69034,53167,5673,16,0
1794119,64862,31400,3904,17,1
1794182,52132,67249,9756,18,2
1794278,70909,189303,1822,0,0
1794374,35326,78704,6226,21,2
1794759,46738,191071,3591,12,2
1794853,56690,191944,1945,16,0
1795009,71863,131240,3754,22,3
1795073,52528,63635,3636,1,1
1795107,21256,149480,9481,16,0
1795137,59461,126570,9083,12,2
1795141,66248,83104,3105,19,3
1795361,57233,103984,9005,15,0
1795367,74407,45540,3053,23,3
1795616,1675,6327,8828,24,1
1795744,50641,153522,3523,18,2
1795906,61741,76471,1486,19,3
1796005,28996,191001,6040,0,0
1796038,58321,29571,7078,12,2
1796100,62416,34933,2443,16,0
1796165,71656,194397,4398,21,2
1796196,36269,118146,8147,20,4
1796326,58999,113977,1511,20,4
1796354,20423,193768,1326,0,0
1796836,61432,194997,7517,20,4
1796899,32948,53854,8865,1,1
1796993,30160,25473,5474,15,0
1796999,62588,48695,6208,22,3
1797251,65771,165926,5927,22,3
1797285,61340,83736,1261,17,1
1797474,40837,82566,5075,15,0
1797479,35132,81267,6284,14,0
1797605,58876,147374,9889,15,0
1797730,55693,52746,7757,16,0
1797763,41183,165880,8397,1,1
1797766,72982,194342,9381,21,2
1798146,57751,147081,2110,13,4
1798342,44101,97627,7628,0,0
1798371,56135,99888,2398,19,3
1798401,48704,53446,8457,16,0
1798631,24694,150072,7618,22,3
1798661,38296,181619,9174,13,4
1799008,66899,83453,8470,23,3
1799205,61004,134385,6899,14,0
1799206,40849,6792,9293,16,0
1799236,23180,141280,1281,23,3
1799490,52640,161803,4320,23,3
1799619,28939,52043,9559,15,0
1799783,51739,88979,1488,23,3
1799841,20081,101889,6910,19,3
1799873,32776,166756,1789,20,4
1799975,67681,124869,7382,20,4
1800002,51488,183338,5857,24,1
1800069,69002,117036,4570,18,2
1800069,69002,134558,2098,18,2
1800325,72919,146649,9164,20,4
1800481,1672,21471,3974,23,3
1800547,18763,78505,6027,20,4
1800609,20752,13469,3470,14,0
1800644,31349,114699,9722,15,0
1800646,58276,42192,9705,22,3
1800678,39808,79223,6745,12,2
1801126,60596,63869,3870,23,3
1801158,26447,149021,6564,15,0
1801479,61898,171951,1952,13,4
1801732,21148,182648,7685,1,1
1801792,54655,33435,5939,18,2
1801830,24545,101078,8609,14,0
1801831,23924,86526,9035,12,2
1801890,73966,68353,8354,20,4
1801990,27622,186520,9039,1,1
1802023,29713,54970,7476,24,1
1802243,62984,183482,6001,22,3
1802342,63448,66970,9477,16,0
1802375,29719,155154,7670,19,3
1802405,47473,106639,4170,18,2
1802721,63106,128274,3299,24,1
1802755,35263,49223,6736,19,3
1802880,65378,38435,3442,0,0
1803334,29948,89278,6803,17,1
1803426,40387,79764,4779,15,0
1803520,34765,39733,9734,23,3
1803586,56320,166314,1347,20,4
1804130,63256,192773,5293,23,3
1804196,33413,38012,8013,21,2
1804482,50909,59627,7143,24,1
1804482,50909,162871,2872,24,1
1805380,48074,25783,8286,1,1
1805443,29273,94369,1897,24,1
1805541,54751,143783,8812,15,0
1805889,60266,138941,8942,18,2
1806016,43939,8850,1351,21,2
1806083,46474,43891,8900,20,4
1806083,46474,103247,3248,20,4
1806308,57557,19168,4171,22,3
1806437,22118,95429,5430,17,1
1806496,61741,25971,8474,19,3
1806688,74264,96665,1684,12,2
1806754,29375,106351,8862,24,1
1806755,40681,111884,1885,16,0
1806791,40273,119698,4721,17,1
1806853,27949,35047,2557,19,3
1806983,66199,124501,2038,14,0
1807169,34168,153904,6420,24,1
1807170,34205,13756,3757,23,3
1807555,46796,154692,2238,13,4
1807556,40636,100616,8147,20,4
1807687,26482,104376,6887,18,2
1807808,63847,181974,4493,24,1
1807876,69385,87159,2176,16,0
1808548,49844,1309,3810,21,2
1808548,49844,81490,1491,21,2
1808800,36217,173519,8554,0,0
1808836,18781,194642,9681,0,0
1808933,66698,173968,1520,19,3
1808967,69403,59374,9375,16,0
1809093,27166,195678,3236,16,0
1809185,39604,107131,9642,0,0
1809313,42808,42321,9834,15,0
1809952,42260,111319,6342,20,4
1809985,30074,108917,8918,19,3
1810082,45545,26917,6918,17,1
1810083,22669,136886,1913,16,0
1810276,48955,137746,7747,14,0
1810435,41914,47534,5047,19,3
1810435,41914,137559,2586,19,3
1810592,71699,185168,2723,23,3
1810660,39340,77637,5159,19,3
1810823,51925,63585,8598,14,0
1811044,68117,5146,5147,15,0
1811045,42409,125555,8068,23,3
1811232,68648,28270,8271,13,4
1811302,72781,9479,4480,21,2
1811682,20434,149160,9161,14,0
1811716,23377,12565,5067,19,3
1811718,37139,68656,8657,12,2
1811809,71044,187463,2500,18,2
1811844,71476,132182,9722,15,0
1811844,71476,175704,8222,15,0
1811847,30781,132820,7847,20,4
1811875,64849,58868,6384,20,4
1811878,42973,152260,9806,13,4
1811943,54059,66884,4403,16,0
1812001,42604,135441,5442,0,0
1812133,52351,16536,9038,19,3
1812228,44486,27779,7780,14,0
1812229,61063,35997,5998,20,4
1812257,37507,54932,4933,16,0
1812480,70957,162460,4977,0,0
1812705,29464,145749,3292,0,0
1812741,35128,92365,7384,24,1
1812898,64952,181624,6661,12,2
1812930,60364,155464,7980,22,3
1812935,66122,48726,3735,20,4
1813121,33805,129853,2366,14,0
1813124,27517,80727,3236,16,0
1813351,35701,143286,5801,13,4
1813472,32123,159726,9727,20,4
1813474,68149,111564,9098,18,2
1813511,37543,104484,2015,15,0
1813667,25985,121222,6247,24,1
1813730,20845,17874,5378,16,0
1814212,45280,147799,5342,1,1
1814241,73499,190304,2824,14,0
1814279,33227,131462,6489,21,2
1814310,27637,30558,8068,23,3
1814341,48997,134204,1744,19,3
1814405,68794,170829,3347,23,3
1814501,37562,173737,3738,16,0
1814564,43393,107977,7978,14,0
1814657,33166,186749,9268,20,4
1814724,18793,179246,9247,21,2
1814950,41017,111280,8814,0,0
1815238,29723,119522,4545,13,4
1815429,22609,98824,1334,15,0
1815492,71944,9236,9237,12,2
1815717,49810,92300,2301,20,4
1815750,57856,133855,3856,13,4
1815842,25493,75071,5072,19,3
1816068,24289,83600,3601,1,1
1816227,45205,194861,9900,13,4
1816293,56324,110367,7901,13,4
1816324,59491,189170,9171,12,2
1816355,35533,24480,9485,19,3
1816450,53356,85246,2771,13,4
1816450,53356,132178,4692,13,4
1816453,67888,126081,8594,17,1
1816484,55825,53482,5988,13,4
1816551,27553,111895,4407,1,1
1816582,52039,159626,4657,21,2
1816674,46387,123993,6506,24,1
1816678,20092,6298,1299,14,0
1817441,23465,159057,9058,0,0
1817509,31844,81331,1332,16,0
1817511,41749,144164,1707,14,0
1817541,41884,99392,1902,1,1
1817634,29687,188056,8057,24,1
1817794,38638,16069,3573,21,2
1817795,32335,65932,5933,23,3
1817795,32335,138268,8269,23,3
1817860,20945,104413,9434,18,2
1817893,64205,3793,6294,13,4
1817893,64205,92770,2771,13,4
1818081,52660,119360,1872,22,3
1818211,31657,14887,2391,17,1
1818272,64831,26449,3956,17,1
1818373,19327,147684,5227,12,2
1818433,36064,76997,6998,21,2
1818630,68452,151208,8754,20,4
1818721,44837,31425,8935,22,3
1818819,60176,114881,7393,17,1
1818821,23168,38350,3357,17,1
1819296,58721,84432,4433,24,1
1819425,33490,171596,6631,14,0
1819782,20029,34209,4210,1,1
1819842,40730,62112,2113,17,1
1819938,62845,149968,9969,12,2
1820001,49324,144688,7203,22,3
1820098,1190,141847,6876,15,0
1820103,55342,29601,7108,14,0
1820546,43162,80680,8205,15,0
1820642,28361,48006,5519,12,2
1821222,64753,45870,3383,13,4
1821314,48928,199181,9182,21,2
1821315,32503,145904,8419,15,0
1821315,32503,186456,4011,15,0
1821537,71950,143445,5960,1,1
1821863,61109,51512,9028,14,0
1821890,66367,41828,1829,19,3
1821894,20527,59856,7372,23,3
1821924,54170,12823,2824,14,0
1821925,69344,36992,6993,0,0
1821956,40558,22227,2228,16,0
1821991,69727,42078,4583,13,4
1821991,69727,141825,9368,13,4
1822055,63220,18410,5914,24,1
1822146,42914,116375,6376,23,3
1822147,42961,164729,7246,15,0
1822371,37430,92191,7210,13,4
1822438,54950,117537,7538,16,0
1822500,19225,154229,1775,12,2
1822626,66536,133093,5607,19,3
1822752,44401,37352,2359,1,1
1822820,20846,5420,7921,16,0
1822914,68066,115309,2843,1,1
1822947,1340,177179,2214,21,2
1823141,36496,21658,9165,24,1
1823302,19396,172007,9559,15,0
1823363,40852,20504,8011,23,3
1823522,53896,69517,4530,16,0
1823522,53896,167386,4935,16,0
1823652,64475,107029,4560,19,3
1823814,67057,156016,3562,16,0
1823968,48986,70288,2796,20,4
1823975,49775,151976,7007,12,2
1824324,67507,57286,2297,12,2
1824384,69178,84527,2052,1,1
1824610,37337,107123,9634,14,0
1824643,46634,173375,3376,23,3
1824801,20203,1666,6667,20,4
1824993,34645,46854,6855,22,3
1825191,34945,86202,3727,20,4
1825255,40598,146215,8730,22,3
1825349,55453,173356,3357,17,1
1825442,35107,191301,8859,19,3
1825444,49348,83661,3662,17,1
1825444,49348,198164,8165,17,1
1825474,51670,64153,9166,23,3
1825639,66268,17402,2405,21,2
1825920,62044,97155,7156,0,0
1826177,35887,50491,2997,15,0
1826177,35887,190966,6005,15,0
1826567,1349,108602,6133,18,2
1826692,58786,61124,3631,17,1
1826849,63271,127430,2455,16,0
1826976,66697,4489,4490,15,0
1826976,66697,37493,9997,15,0
1827076,26230,130332,5359,23,3
1827328,46858,158289,8290,21,2
1827330,64448,2239,4740,21,2
1827430,22429,100505,8036,1,1
1827970,31142,113562,6074,23,3
1828320,71836,65536,3055,18,2
1828356,58079,196163,6164,23,3
1828419,34507,154240,1786,18,2
1828608,51034,179971,7523,20,4
1828740,29626,131841,4355,16,0
1828993,48421,174138,4139,14,0
1828995,26110,191959,4479,12,2
1828998,21244,163403,5920,20,4
1829543,35905,73877,6385,17,1
1829573,48713,199391,9392,21,2
1829728,39344,175753,8271,13,4
1829730,60769,6281,8782,14,0
1829792,23446,110152,5175,12,2
1830016,44410,166528,9045,18,2
1830211,37571,3317,5818,16,0
1830240,31303,81002,8527,20,4
1830500,65411,137836,5376,20,4
1830597,71522,39646,7156,0,0
1830849,20611,137451,7452,13,4
1830948,45994,18962,3965,23,3
1830983,30187,68064,5583,20,4
1831171,21995,172341,9893,0,0
1831174,22927,35206,5207,22,3
1831236,63250,59579,4590,22,3
1831585,33902,169990,7539,18,2
1831780,57446,188634,8635,24,1
1831875,49519,159904,4935,16,0
1832064,19975,8304,3305,21,2
1832128,47080,95479,5480,24,1
1832385,41311,103049,3050,15,0
1832481,72001,121965,9502,0,0
1832482,65758,87708,7709,0,0
1832612,37181,130728,5755,20,4
1832806,25321,39424,4431,18,2
1833250,61061,26153,6154,22,3
1833250,61061,168134,3167,22,3
1833286,22354,10902,3404,1,1
1833382,46357,104486,2017,1,1
1833508,69418,178728,3763,18,2
1833572,60707,92027,4537,13,4
1833633,57916,192227,2228,16,0
1833696,41146,182272,4791,21,2
1833761,59794,112013,2014,13,4
1834176,45058,120553,5578,20,4
1834371,66548,149596,9597,0,0
1834886,18781,196320,6321,0,0
1835043,70156,92611,2612,1,1
1835046,21142,12126,9630,20,4
1835299,33709,197272,7273,1,1
1835366,27793,30991,5998,20,4
1835457,46669,60700,3207,24,1
1836166,52666,110115,5138,17,1
1836294,54722,109562,4583,13,4
1836642,26249,27022,9525,14,0
1836935,29125,21927,9434,18,2
1836960,36331,64527,2046,21,2
1837059,26966,13081,5583,20,4
1837440,52295,71967,4475,19,3
1837478,70063,98186,3205,20,4
1837571,56794,4716,7217,0,0
1837762,70909,155634,3180,0,0
1837794,73384,37011,7012,23,3
1837825,36544,80294,2803,1,1
1837991,63845,184377,1932,15,0
1838017,28286,130945,3459,24,1
1838020,53659,8227,8228,12,2
1838020,53659,70431,2939,12,2
1838244,74986,142330,4845,16,0
1838496,67274,83741,8758,24,1
1838947,29380,52969,7980,22,3
1838951,33917,88840,3857,17,1
1839106,57971,99994,2504,19,3
1839299,45826,160203,2720,17,1
1839367,43819,2471,2472,14,0
1839398,31579,152092,4608,19,3
1839811,28019,37806,2813,14,0
1839942,24125,54424,4425,23,3
1840224,54919,58231,5747,19,3
1840224,54919,136557,9071,19,3
1840578,48787,47282,9787,20,4
1840646,19453,49472,1977,23,3
1840646,19453,153052,3053,23,3
1840802,41897,95676,5677,21,2
1840864,21940,118900,6434,16,0
1840993,32672,2112,2113,17,1
1841058,29684,96082,6083,23,3
1841062,53243,52098,7109,23,3
1841189,32842,102461,7482,14,0
1841797,55999,79480,7002,20,4
1841824,26068,139838,7378,16,0
1841895,36382,135638,3178,15,0
1842117,28259,39044,9045,18,2
1842340,37298,111944,6967,20,4
1842369,27505,8129,5630,18,2
1842369,27505,51731,1732,18,2
1842467,41917,16690,6691,24,1
1842563,62416,178803,3838,16,0
1842629,31180,173392,3393,16,0
1842758,57997,100010,11,18,2
1843012,53297,16658,1661,12,2
1843136,31219,23046,5549,0,0
1843330,19337,90963,5982,23,3
1843363,43960,135172,5173,0,0
1843367,57202,46738,4251,16,0
1843556,59000,121120,6145,24,1
1843874,41422,70527,8049,24,1
1843878,49097,149860,9861,20,4
1843971,69884,148287,3316,0,0
1843973,27461,119721,9722,15,0
1844006,25144,134645,4646,1,1
1844033,38609,111990,7013,14,0
1844133,65528,47606,2615,20,4
1844192,36697,199256,4295,21,2
1844195,59453,150375,5406,22,3
1844256,51295,169714,4747,24,1
1844358,19774,16493,8995,23,3
1844647,56225,44142,6647,24,1
1844897,43657,74786,4787,24,1
1844930,37204,119425,9426,23,3
1844933,45994,109464,6995,23,3
1844933,45994,195033,5034,23,3
1845089,71953,185455,3010,1,1
1845184,42583,124690,9715,21,2
1845250,30886,164772,4773,1,1
1845315,73192,133726,6240,1,1
1845317,46172,26156,3663,14,0
1845344,64045,6487,1488,23,3
1845441,20879,146655,6656,18,2
1845472,1615,91673,1674,18,2
1845639,64069,164942,2491,1,1
1845732,24829,183410,5929,14,0
1845735,68014,159211,6757,20,4
1845824,36086,90561,5580,23,3
1845922,20464,38391,8392,16,0
1846209,25405,198883,3922,22,3
1846370,38150,37450,4960,22,3
1846370,38150,122463,4976,22,3
1846401,58522,184626,4627,1,1
1846502,56797,87746,2763,13,4
1846562,57415,4540,7041,1,1
1846722,54319,54024,4025,16,0
1846787,40063,25112,5113,0,0
1846851,64051,75023,5024,19,3
1846914,73504,284,7785,15,0
1847232,27715,12993,2994,18,2
1847237,41605,178756,1274,20,4
1847297,29633,153532,8563,18,2
1847302,55393,156343,3889,14,0
1847783,57425,62074,7087,15,0
1848097,34721,141070,8613,23,3
1848101,67177,6597,9098,18,2
1848103,65410,178067,3102,19,3
1848193,43633,79124,4139,14,0
1848291,44747,195209,5210,0,0
1848323,59344,129751,7288,12,2
1848480,51625,54049,4050,1,1
1848641,26807,37156,2163,13,4
1848677,45736,42890,7899,15,0
1848705,18781,38289,3296,0,0
1848709,37213,175621,8139,19,3
1848740,45239,187409,7410,15,0
1849093,29965,176908,4460,22,3
1849094,55544,80892,5909,21,2
1849222,59704,63784,8797,22,3
1849380,48766,89974,2483,20,4
1849569,25678,151928,1929,22,3
1849764,64411,24872,2379,17,1
1849795,67063,93744,8763,1,1
1850464,19393,13356,8359,0,0
1850563,38479,168548,6097,12,2
1850563,38479,171630,1631,12,2
1850791,50258,152601,7632,21,2
1850946,61606,60020,2527,13,4
1850951,66484,49082,1587,24,1
1850976,28867,107395,2416,13,4
1851046,23465,139580,9581,0,0
1851332,23555,169983,9984,13,4
1851397,42485,172309,9861,20,4
1851424,21772,46524,1533,1,1
1851489,31040,118713,6247,24,1
1851782,30574,154537,9568,23,3
1852066,57044,173777,3778,18,2
1852099,48406,29328,6835,23,3
1852612,47600,92168,9696,15,0
1852739,55862,158737,8738,0,0
1852998,65065,60321,7840,14,0
1853093,69886,20332,5337,22,3
1853120,53015,31381,3885,22,3
1853186,20431,186395,3950,17,1
1853730,31918,162558,7591,22,3
1853895,29326,91692,9220,21,2
1854114,51503,5004,2505,15,0
1854181,41311,130887,3401,15,0
1854595,59815,181732,1733,19,3
1854631,60220,83336,3337,15,0
1854724,69314,159019,4050,1,1
1855042,20890,71569,4077,18,2
1855202,60433,13840,6342,20,4
1855206,46004,33749,6253,20,4
1855206,46004,194974,7494,20,4
1855237,53344,158720,8721,15,0
1855270,71219,115673,8185,16,0
1855429,48109,152309,2310,13,4
1855556,43747,77300,4822,17,1
1855556,43747,179827,9828,17,1
1855681,59749,45280,7785,15,0
1855808,45113,27495,5002,17,1
1856035,36088,1106,8607,22,3
1856225,56720,62901,2902,23,3
1856292,51586,74819,7327,12,2
1856580,31478,29458,1961,17,1
1856706,37495,172205,4723,23,3
1856775,29357,31997,1998,23,3
1856838,35843,188798,1317,23,3
1856935,73348,176998,4550,1,1
1857063,26306,92624,7643,16,0
1857153,67114,183849,6368,14,0
1857220,46324,107703,7704,24,1
1857285,1252,139953,4980,12,2
1857379,56602,58200,3211,24,1
1857605,40783,131392,6419,14,0
1858053,40243,162931,7964,0,0
1858144,54224,81606,9131,21,2
1858407,38434,131555,6582,12,2
1858499,71495,36822,1829,19,3
1858689,53992,120173,5198,19,3
1858689,53992,138131,3158,19,3
1858726,36817,7019,7020,13,4
1859041,55501,139434,9435,20,4
1859141,23833,105408,5409,22,3
1859207,61309,24302,4303,20,4
1859809,50237,166853,1886,12,2
1859811,60595,58796,1302,13,4
1859811,60595,59004,4015,13,4
1859843,40018,28833,1336,20,4
1859875,63313,4321,4322,21,2
1860103,57109,126999,2024,0,0
1860196,28111,106249,8760,19,3
1860292,46814,188191,3228,19,3
1860358,72263,136027,3567,16,0
1860417,21604,140746,3261,24,1
1860647,45131,71939,6954,23,3
1860740,56923,101704,1705,12,2
1860768,38689,187659,7660,12,2
1860807,46687,29521,9522,18,2
1860899,47062,98382,5910,17,1
1860932,38606,28849,6356,1,1
1861319,36694,70270,7792,15,0
1861380,29737,166296,8813,19,3
1861703,74156,71042,8564,1,1
1862022,44605,77707,2722,19,3
1862055,67261,147639,7640,17,1
1862055,67261,177461,5013,17,1
1862401,63530,22058,7063,12,2
1862401,63530,51562,4068,12,2
1862401,63530,175881,8399,12,2
1862401,63530,186838,1875,12,2
1862595,46894,192667,5187,12,2
1862624,72995,49126,6639,17,1
1862724,29875,45137,2650,18,2
1862758,62503,121826,4339,21,2
1862820,36232,171694,1695,13,4
1862977,53402,125289,7802,22,3
1863010,41324,192343,7382,20,4
1863040,32434,105033,5034,23,3
1863488,73213,13987,1491,21,2
1863493,60146,116420,8932,22,3
1863648,72829,180298,7853,0,0
1864068,53789,53015,8026,19,3
1864161,27514,28742,8743,18,2
1864386,30463,9205,9206,14,0
1864416,27278,76872,1887,0,0
1864486,51673,136951,6952,17,1
1864609,28939,20358,5363,15,0
1864672,46136,113503,6015,18,2
1865062,33461,29687,7194,19,3
1865187,19300,93618,3619,23,3
1865221,1768,48973,1478,17,1
1865314,58279,199876,2396,22,3
1865414,26110,183740,8777,12,2
1865667,53110,32163,9673,14,0
1865761,31343,95339,5340,17,1
1865792,59110,198757,1277,0,0
1865985,50968,73133,3134,17,1
1866310,69902,165687,5688,19,3
1866404,62170,45403,5404,0,0
1866656,61750,111971,4483,17,1
1866790,74969,36219,3729,24,1
1866817,44908,171448,3966,19,3
1866855,61577,137467,7468,18,2
1866881,47713,126351,8864,16,0
1866881,47713,165502,5503,16,0
1866912,54673,50486,5497,16,0
1867014,50071,70679,5694,22,3
1867014,50071,127333,2358,22,3
1867138,22519,179910,9911,0,0
1867335,24727,164877,2426,19,3
1867526,58936,156391,1422,0,0
1867813,23101,4209,9210,24,1
1867942,46702,92444,7463,24,1
1868544,52762,105489,3020,19,3
1868643,29894,51016,6027,20,4
1868773,24109,94661,2189,24,1
1868774,20021,127081,7082,18,2
1868805,70108,166266,8783,14,0
1869188,30134,184887,4888,20,4
1869218,40237,58826,3837,21,2
1869350,55906,55288,2804,16,0
1869504,58021,80452,5469,20,4
1869570,39247,123848,1385,13,4
1869729,24380,41043,3548,20,4
1869860,47357,39704,9705,22,3
1869860,47357,108146,3167,22,3
1869888,39494,84787,9804,20,4
1869893,20627,97814,7815,12,2
1870017,72079,13939,8942,18,2
1870176,26188,135343,7857,14,0
1870178,25663,22263,9770,21,2
1870182,27107,106959,6960,14,0
1870242,65710,59509,4520,0,0
1870785,70190,91660,9188,13,4
1870948,52360,61024,8543,21,2
1871200,74273,109311,9312,1,1
1871431,42898,79321,9322,22,3
1871621,69905,168631,3664,18,2
1871654,49882,58,5059,1,1
1871778,38749,106964,1985,24,1
1871876,40237,102423,9954,21,2
1872096,50843,198948,3987,24,1
1872196,25297,168104,3137,0,0
1872256,54569,196278,6279,23,3
1872356,74698,79101,4116,17,1
1872614,19483,153341,8372,0,0
1872741,40883,156096,6097,12,2
1872770,36850,138082,5622,21,2
1872802,36793,149317,6860,0,0
1872994,56438,105959,3490,16,0
1872994,56438,149497,7040,16,0
1873092,50254,140554,5583,20,4
1873185,55234,175621,3173,15,0
1873474,37148,34589,2099,0,0
1873476,53003,126813,1838,24,1
1873571,23246,194867,9906,24,1
1873701,64310,110103,5126,1,1
1873922,36455,87195,4720,17,1
1874020,53563,52642,7653,22,3
1874086,28141,173950,6468,22,3
1874241,30256,63947,6454,15,0
1874400,52829,33684,6188,23,3
1874407,70402,2168,4669,14,0
1874691,23954,121907,1908,16,0
1874693,19337,48176,5689,23,3
1874753,41392,183949,1504,24,1
1874784,50470,57265,9771,24,1
1874786,51439,172435,9987,12,2
1874978,22105,194452,6972,18,2
1875012,22762,164488,4489,20,4
1875264,38992,122553,7578,19,3
1875651,45655,3243,5744,12,2
1875873,53212,159469,1985,24,1
1876416,28936,157553,5099,12,2
1876514,20045,141476,9019,14,0
1876771,31918,83254,3255,22,3
1876772,19522,81510,6527,16,0
1876965,44377,152571,2572,22,3
1876966,38519,160462,5495,15,0
1877414,56912,139448,1962,22,3
1877602,34667,45158,7663,23,3
1877795,32198,54213,4214,1,1
1877795,32198,65986,5987,1,1
1877856,42583,88801,3818,21,2
1877856,42583,135814,5815,21,2
1877920,45380,161616,9165,24,1
1877925,53815,77279,2294,22,3
1878050,60277,93157,3158,19,3
1878151,37565,32167,2168,12,2
1878212,29269,182202,4721,17,1
1878277,36287,31237,8747,0,0
1878368,54971,102891,7912,16,0
1878400,67777,33158,5662,20,4
1878439,53171,139275,1789,20,4
1878465,73658,5468,2969,23,3
1878948,40129,69843,2350,21,2
1878983,52048,99417,6945,15,0
1879459,59674,51254,1255,14,0
1879460,25681,188310,5865,23,3
1879682,32932,139895,2409,21,2
1879718,27856,2597,2598,13,4
1879873,47959,59792,2298,0,0
1879969,44920,172696,7731,22,3
1880002,58315,23482,3483,1,1
1880065,67690,68997,8998,17,1
1880130,41359,196736,9256,16,0
1880551,48856,52311,2312,20,4
1880768,25312,196631,4189,1,1
1880805,40490,193415,5935,24,1
1880997,42301,147696,5239,19,3
1881093,63046,49186,6699,23,3
1881413,69742,47340,7341,16,0
1881571,49486,81387,3896,19,3
1882051,34771,31825,6832,24,1
1882592,73343,30752,5759,1,1
1882595,24116,66606,4125,13,4
1882630,57653,27349,7350,14,0
1882819,57574,152575,7606,18,2
1882851,44932,76855,6856,18,2
1883074,70606,136748,1775,12,2
1883138,55900,142094,2095,20,4
1883207,50714,75185,7693,1,1
1883330,68974,36484,1491,21,2
1883463,36269,17253,2256,20,4
1883591,73396,66164,3683,12,2
1883750,21694,56889,9395,16,0
1884132,72674,147907,7908,21,2
1884422,57074,51470,8986,23,3
1884422,57074,55236,7742,23,3
1884935,38488,89500,7025,19,3
1885089,72391,13948,1452,20,4
1885090,22960,109875,9876,1,1
1885347,35158,81354,6371,23,3
1885382,66170,142097,2098,18,2
1885446,60449,103263,5774,20,4
1885890,26099,45391,2904,18,2
1886243,48001,87760,5285,13,4
1886403,63880,8267,5768,16,0
1886406,59546,190445,2965,19,3
1886529,36964,80378,2887,14,0
1886564,31102,108766,1277,0,0
1886624,24410,125537,5538,1,1
1886880,58756,183885,1440,16,0
1886881,60259,164123,6640,17,1
1886884,32902,50158,2664,18,2
1887425,24574,137200,4740,21,2
1887651,21059,193290,8329,0,0
1887845,35926,144927,2470,22,3
1887847,29038,115927,5928,16,0
1887906,53942,51876,6887,18,2
1888230,31255,97513,7514,17,1
1888263,53918,83195,8212,24,1
1888293,62524,4004,6505,20,4
1888293,62524,94924,2452,20,4
1888294,61720,90867,5886,23,3
1888674,28525,58426,5942,22,3
1888898,27388,135741,8255,12,2
1888996,58808,162821,5338,22,3
1889028,35989,135423,5424,18,2
1889093,57097,83257,8274,18,2
1889216,41234,159414,6960,14,0
1889287,68755,156953,1984,24,1
1889444,1391,160576,5609,23,3
1889505,68270,138543,3570,1,1
1889607,64111,6182,3683,12,2
1889699,1259,134997,7511,20,4
1889702,27983,55407,2923,15,0
1889798,33815,153769,8800,14,0
1890051,46606,66700,9207,22,3
1890117,44767,132771,7798,19,3
1890182,35465,99809,4828,14,0
1890182,35465,173946,6464,14,0
1890305,20398,112633,2634,12,2
1890339,61120,106814,6815,19,3
1890375,66085,9047,9048,18,2
1890467,69614,8149,3150,21,2
1890503,60646,101835,1836,0,0
1890692,26090,173280,5798,13,4
1890724,42767,46467,3980,23,3
1890979,43124,26850,4357,0,0
1891139,72364,172774,5292,0,0
1891202,36220,66358,6359,21,2
1891426,35726,73537,8552,23,3
1891458,48992,131677,4191,21,2
1891520,36598,169966,2483,20,4
1891558,54311,54045,9056,22,3
1891590,43510,148397,3426,1,1
1891808,66209,134329,4330,18,2
1892033,50689,120555,3068,18,2
1892163,54932,192787,2788,17,1
1892193,54755,56721,4237,16,0
1892416,39181,36703,4213,1,1
1892544,27053,51165,8681,17,1
1892645,58810,2369,7370,20,4
1892705,49594,128636,6173,21,2
1892711,55507,50892,5903,12,2
1892775,49312,80193,7718,16,0
1892775,49312,111759,9293,16,0
1892993,30949,179414,9415,12,2
1892996,69013,57349,9855,20,4
1893249,62854,14215,9218,16,0
1893378,43330,104766,7277,17,1
1893536,48449,113848,8871,0,0
1893569,44443,55031,2547,1,1
1893892,24904,62984,5491,15,0
1893892,24904,121708,9245,15,0
1894146,19849,190789,3309,12,2
1894279,22489,34485,4486,21,2
1894597,31144,53495,6001,22,3
1894758,60556,44582,4583,13,4
1894758,60556,136774,1801,13,4
1895046,58561,54823,7329,22,3
1895047,56260,87373,7374,24,1
1895047,56260,172910,5428,24,1
1895461,62786,60871,8390,20,4
1895492,63580,10993,5996,14,0
1895779,53174,39358,1862,12,2
1895911,38596,107703,5234,16,0
1896005,36575,3026,8027,24,1
1896071,27022,146329,6330,22,3
1896160,73384,84098,9115,23,3
1896198,74822,28636,3641,23,3
1896198,74822,162873,2874,23,3
1896258,64456,143451,3452,21,2
1896454,60170,76364,3886,24,1
1896610,68050,148184,5727,0,0
1896736,70712,151550,6581,15,0
1896768,1693,25385,2892,12,2
1897155,29927,128163,5700,18,2
1897185,59902,57389,2400,24,1
1897251,53714,146387,3930,24,1
1897668,50056,32729,7736,1,1
1897792,69977,68832,1339,24,1
1897862,72283,74236,4237,16,0
1897893,73397,107356,2377,16,0
1897893,73397,116707,6708,16,0
1897957,71891,181879,1880,22,3
1898148,41605,179077,4112,20,4
1898437,41281,78921,8922,14,0
1898465,36554,132086,4600,12,2
1898852,38768,135148,2688,15,0
1898946,54203,134469,6983,14,0
1899046,68200,196367,6368,14,0
1899687,29542,75499,5500,12,2
1899745,47483,20455,5460,12,2
1900165,36550,166244,3793,24,1
1900192,25382,155277,7793,17,1
1900323,36034,128667,8668,16,0
1900323,36034,162455,4972,16,0
1900484,65134,191951,6990,15,0
1900994,62387,18710,8711,16,0
1901061,74311,5631,8132,17,1
1901094,50771,185484,8003,23,3
1901153,64393,120933,8470,23,3
1901253,58078,37448,4958,13,4
1901281,21016,124239,6752,18,2
1901314,73370,34838,7342,22,3
1901472,22112,152149,4665,17,1
1901505,23128,67469,7470,19,3
1901633,57583,169487,9488,12,2
1901728,36847,172357,2358,22,3
1901892,31712,193172,3173,15,0
1901923,19942,85141,7650,18,2
1902113,43603,54533,9544,17,1
1902117,34031,89533,7058,16,0
1902407,51182,136653,9167,17,1
1902467,49627,189876,4913,21,2
1902499,67357,191963,7002,20,4
1902532,53471,95284,5285,13,4
1902535,45877,12215,2216,12,2
1902566,72191,71902,1903,17,1
1902659,19475,156283,6284,14,0
1902791,66521,197447,5005,21,2
1902816,65905,13939,8942,18,2
1902915,43585,69731,7250,21,2
1902951,21485,49086,9087,23,3
1902951,21485,177061,4613,23,3
1903009,49930,39721,9722,15,0
1903076,25774,193800,1358,16,0
1903201,63769,20629,8136,20,4
1903203,66985,60486,8005,13,4
1903233,64528,44592,7097,14,0
1903429,68723,127287,2312,20,4
1903458,25909,58389,3400,19,3
1903685,25975,42269,2270,21,2
1903685,25975,59843,7359,21,2
1903714,48002,172503,5021,0,0
1903747,28448,103251,5762,21,2
1903814,32132,134479,6993,0,0
1903840,34489,41325,8838,13,4
1903842,42481,43694,3695,12,2
1904003,66484,164355,9388,24,1
1904069,49907,178683,6235,19,3
1904263,26863,59156,9157,22,3
1904293,38884,167625,7626,20,4
1904353,19115,167736,2769,13,4
1904673,30205,98559,3578,21,2
1904998,1528,32667,2668,21,2
1905057,70988,127611,5148,19,3
1905059,65203,129649,9650,14,0
1905122,32906,39682,4689,12,2
1905122,32906,148859,3888,12,2
1905124,56687,53951,1467,17,1
1905254,33733,17778,7779,19,3
1905284,21226,176691,9209,23,3
1905285,30154,179138,4173,18,2
1905314,38714,182784,5303,16,0
1905378,60202,28150,5657,23,3
1905440,29959,125900,8413,1,1
1905511,63718,88737,3754,22,3
1905733,37528,59202,4213,1,1
1905921,28237,140442,2957,1,1
1905986,62050,101601,4112,20,4
1906049,46601,153177,8208,18,2
1906214,46058,191633,9191,13,4
1906244,73474,49029,9030,22,3
1906276,32800,102592,2593,14,0
1906438,19018,169816,2333,22,3
1906567,74044,145462,3005,1,1
1907168,39532,174483,9518,0,0
1907169,36991,161838,9387,18,2
1907206,40372,179956,7508,15,0
1907239,72259,166314,1347,20,4
1907654,62989,139533,9534,16,0
1907777,50464,154674,9705,22,3
1907781,55991,22833,5336,17,1
1907813,25936,111465,3977,24,1
1907908,58510,7850,2851,17,1
1907972,61214,87207,9716,18,2
1908135,27589,131366,6393,1,1
1908256,58333,66691,1704,18,2
1908256,58333,149426,6969,18,2
1908291,56017,188295,5850,24,1
1908357,49246,148378,5921,17,1
1908384,72061,44255,6760,18,2
1908388,48350,55325,2841,23,3
1908739,27446,10221,5224,17,1
1908836,27536,81344,1345,12,2
1908995,32333,190267,7825,24,1
1909412,54322,83743,3744,13,4
1909669,58223,35029,7533,18,2
1909895,68656,78714,8715,19,3
1909926,60913,115986,8498,22,3
1909987,68497,118760,8761,22,3
1909987,68497,159513,7059,22,3
1910018,23263,16676,9178,23,3
1910018,23263,53908,8919,23,3
1910273,22177,60900,8419,15,0
1910275,28468,184816,4817,24,1
1910631,23515,81810,6827,14,0
1910852,31648,67815,7816,21,2
1910950,24005,109932,9933,14,0
1911015,20702,74116,6624,20,4
1911141,23666,183389,8426,24,1
1911239,57356,186691,9210,24,1
1911333,23725,59282,6798,16,0
1911461,57344,99964,4983,12,2
1911651,48256,57976,2987,22,3
1911653,37991,71176,3684,23,3
1911682,38504,71269,6284,14,0
1911714,39275,184479,6998,21,2
1911745,37888,144707,4708,24,1
1912101,71743,127440,2465,15,0
1912160,54877,16783,1786,18,2
1912288,71315,52658,7669,23,3
1912288,71315,176318,3870,23,3
1912294,21059,22071,2072,0,0
1912294,21059,141895,9438,0,0
1912356,64643,199322,1842,16,0
1912384,34169,161392,8941,0,0
1912390,44878,110960,8494,24,1
1912866,61118,71085,6100,16,0
1913091,22051,52420,4926,17,1
1913218,35509,9782,7283,18,2
1913283,69836,158001,8002,0,0
1913474,40243,43179,5684,0,0
1913573,40762,8644,6145,24,1
1913734,47390,157331,7332,15,0
1913762,53698,13261,3262,20,4
1913792,58393,105013,5014,1,1
1914212,39899,41444,3949,20,4
1914273,48446,19897,4900,17,1
1914273,48446,112562,5074,17,1
1914339,21094,62035,9554,17,1
1914339,21094,156548,4094,17,1
1914372,64246,33867,3868,21,2
1914467,60679,36904,9408,23,3
1914500,38290,198085,5643,20,4
1914501,21053,61836,9355,17,1
1914501,21053,142987,5502,17,1
1914721,45388,109750,4771,18,2
1914723,34288,14854,2358,22,3
1915043,47395,166608,6609,24,1
1915139,38224,65510,5511,16,0
1915300,59110,128504,3529,0,0
1915329,73411,188271,8272,24,1
1915399,41516,115331,5332,22,3
1915427,72100,42397,2398,19,3
1915427,72100,65067,2586,19,3
1915523,57008,19636,9637,12,2
1915683,35795,194110,6630,12,2
1915936,51076,112313,2314,0,0
1916066,1846,150097,5128,16,0
1916193,61912,177967,3002,23,3
1916294,48542,158541,3572,13,4
1916322,33752,107139,7140,1,1
1916356,38032,17091,9593,17,1
1916448,21770,166065,8582,21,2
1916485,48844,82282,2283,16,0
1916736,43070,51484,3990,22,3
1916870,49876,184556,4557,17,1
1917283,21416,134293,1833,16,0
1917382,68852,128271,8272,24,1
1918048,42158,170254,7806,22,3
1918151,51091,50831,5842,20,4
1918368,22193,33482,3483,1,1
1918403,71737,110508,8042,1,1
1918437,56405,166094,3643,18,2
1918849,69460,24651,2158,24,1
1918855,51199,122228,9765,23,3
1918948,27572,193081,3082,23,3
1918980,25163,58202,8203,19,3
1919363,55939,61315,8834,19,3
1919488,57187,186932,6933,0,0
1919493,44254,137369,9883,23,3
1919559,47954,79203,4218,24,1
1920547,43279,9427,6928,13,4
1920547,43279,37217,2224,13,4
1920547,43279,97923,7924,13,4
1920706,32867,59538,7054,20,4
1920738,58369,161761,9310,22,3
1920900,55849,158081,5627,20,4
1920902,29258,122531,5044,14,0
1921025,35873,16733,6734,14,0
1921122,72232,118857,6391,12,2
1921123,45157,147054,7055,15,0
1921253,47998,128636,6173,21,2
1921861,25985,16473,8975,24,1
1921861,25985,43900,1413,24,1
1921894,60338,5262,2763,13,4
1922054,63976,170988,8540,16,0
1922183,60317,194502,2060,16,0
1922241,60202,47780,5293,23,3
1922599,21571,89677,9678,24,1
1922757,1468,8499,8500,12,2
1922758,58060,131610,6637,23,3
1923238,35044,164799,4800,0,0
1923616,54878,183969,1524,12,2
1923618,31625,144502,7017,14,0
1923751,37337,178978,4013,14,0
1923781,67454,6242,3743,1,1
1923844,71044,59940,9941,18,2
1923873,51718,53576,3577,12,2
1924102,61015,36977,9481,16,0
1924135,31160,34714,9721,20,4
1924933,26443,66629,4148,17,1
1925185,31048,56253,6254,21,2
1925346,35332,9337,6838,1,1
1925349,38225,164862,7379,12,2
1925639,23917,76249,8757,23,3
1925952,60919,180822,3341,17,1
1926182,74500,153654,6170,0,0
1926213,56056,143801,6316,13,4
1926272,38758,167011,2044,12,2
1926374,24583,190655,5694,22,3
1926630,49199,3077,5578,20,4
1926630,49199,108597,6128,20,4
1926727,32155,8881,8882,20,4
1926784,29401,149280,4309,1,1
1926785,39032,128460,3485,14,0
1926950,41438,89954,9955,16,0
1927173,37519,184960,9997,15,0
1927269,52159,93828,8847,0,0
1927393,20537,171431,1432,21,2
1927396,47845,166886,4435,17,1
1927424,42409,9477,9478,23,3
1927747,32791,9449,6950,13,4
1927777,23374,75243,5244,20,4
1928039,41896,90,5091,1,1
1928293,69484,27660,2665,17,1
1928295,36211,188483,6038,15,0
1928422,63158,143903,3904,17,1
1928481,1795,190870,5909,21,2
1928516,57758,95751,8261,13,4
1928576,46786,8964,3965,23,3
1928577,22742,54758,2274,14,0
1928582,39380,65265,7772,23,3
1928677,25009,83826,1351,21,2
1928805,69547,147514,7515,15,0
1928807,36842,178095,8096,22,3
1928898,20471,75553,3075,20,4
1928930,38822,140792,5821,12,2
1929474,33914,114378,1912,15,0
1929478,30790,19760,7264,16,0
1929509,32192,107392,4923,24,1
1929698,37834,133784,3785,14,0
1929698,37834,176530,6531,14,0
1929828,55207,75835,8343,21,2
1929828,55207,96157,3685,21,2
1929862,49855,174739,7257,23,3
1929923,33196,14429,1933,22,3
1929923,33196,96422,8932,22,3
1929927,35569,127962,5499,19,3
1929957,36958,65341,5342,1,1
1929990,71344,173126,8161,21,2
1930470,45767,149879,2394,14,0
1930566,60448,86847,1864,18,2
1930598,1712,82663,7680,18,2
1930727,51244,103479,5990,23,3
1930913,33733,99489,9490,19,3
1930913,33733,103807,6318,19,3
1931010,66958,184131,4132,18,2
1931110,52601,119527,4550,1,1
1931138,41326,122761,2762,1,1
1931171,69437,17965,7966,21,2
1931554,22799,166606,1639,15,0
1931682,24562,28898,3903,15,0
1931716,20164,98576,8577,14,0
1931909,20854,34677,2187,24,1
1931939,73507,29047,4052,14,0
1932066,56161,96744,1763,18,2
1932231,33110,19239,4242,18,2
1932291,42022,51757,4263,24,1
1932609,53216,62959,5466,23,3
1932609,53216,182787,5306,23,3
1932613,63325,166200,8717,22,3
1932802,70840,152762,2763,13,4
1932967,73453,44001,6506,24,1
1933157,45379,146519,6520,21,2
1933283,34277,95844,8354,20,4
1933318,23332,195582,3140,21,2
1933474,64777,163945,3946,15,0
1933543,21907,107585,2606,19,3
1933607,43222,97355,9865,21,2
1933671,37429,192506,7545,17,1
1933824,62017,196309,6310,12,2
1933926,1417,163004,3005,1,1
1933952,66886,169320,1837,24,1
1933953,24433,113319,3320,14,0
1934145,25447,36687,9191,13,4
1934309,58273,43903,3904,17,1
1934342,62380,46426,8931,23,3
1934373,20431,61144,6157,17,1
1934438,46298,55074,5075,15,0
1934564,24581,199155,1675,23,3
1934599,50441,158911,8912,17,1
1934817,61840,73427,5935,24,1
1935109,67046,195812,5813,15,0
1935172,27454,25401,2908,17,1
1935555,36565,118349,5883,1,1
1935748,63550,93976,3977,24,1
1935971,46925,58336,8337,15,0
1936038,41582,109928,9929,0,0
1936257,33056,191484,4004,1,1
1936320,29239,174503,2055,22,3
1936353,35959,149477,7020,13,4
1936418,45400,171758,6793,18,2
1936518,47539,136689,6690,23,3
1936835,44525,161018,3535,1,1
1936902,45541,92322,7341,16,0
1937190,59849,91360,1361,15,0
1937190,59849,150141,5172,15,0
1937254,66994,45629,5630,18,2
1937415,44329,131348,8888,14,0
1937472,31648,147143,7144,21,2
1937478,59324,68934,6453,20,4
1937511,61634,159228,1744,19,3
1937603,64165,5040,7541,22,3
1937606,51697,29218,4223,19,3
1937665,38605,90727,8255,12,2
1937665,38605,121484,9021,12,2
1937665,38605,181102,8657,12,2
1937698,63682,18261,5765,18,2
1937734,56119,180674,5711,14,0
1937889,37342,124226,6739,22,3
1937894,30521,173780,6298,23,3
1937921,59797,63148,8161,21,2
1937921,59797,187450,5005,21,2
1937985,58294,198555,8556,22,3
1938337,61606,108994,4015,13,4
1938564,67177,104951,2482,18,2
1938599,31111,95873,5874,19,3
1938656,42862,29142,9143,0,0
1938662,29042,73491,5999,0,0
1939175,41422,91577,1578,24,1
1939335,74026,7827,5328,1,1
1939427,53500,58296,8297,14,0
1939584,42101,117249,4783,22,3
1940099,67295,8955,6456,22,3
1940129,24106,73723,6231,0,0
1940165,25580,159303,1819,15,0
1940295,74459,184286,4287,0,0
1940451,45782,25361,7864,17,1
1940516,19087,47717,5230,13,4
1940898,50690,7890,5391,18,2
1940999,55967,45993,5994,14,0
1941056,32732,1328,8829,21,2
1941152,27011,89091,6616,23,3
1941190,22967,112374,9908,12,2
1941381,67058,173186,3187,15,0
1941440,48838,60161,2668,21,2
1941478,46396,46978,1987,12,2
1941478,46396,159056,9057,12,2
1941508,39682,113273,8296,0,0
1941509,25340,124480,4481,17,1
1941600,28930,132709,7736,1,1
1941606,71980,46533,4046,18,2
1941796,23773,4492,9493,17,1
1941796,23773,157435,9951,17,1
1942178,45236,141047,3562,16,0
1942181,56146,176623,6624,20,4
1942401,20170,158796,3827,0,0
1942464,65506,172521,7556,23,3
1942592,38509,35070,7574,0,0
1942592,38509,58856,1362,0,0
1942629,50068,108763,6294,13,4
1942657,54395,24917,4918,16,0
1942791,43798,168358,8359,0,0
1942849,37354,48361,8362,22,3
1942887,56005,40568,5577,24,1
1943172,60310,142894,7923,16,0
1943269,1399,49057,9058,0,0
1943426,48475,68431,3444,19,3
1943716,32875,127285,2310,13,4
1943906,42787,140800,5829,18,2
1944005,19861,163497,3498,22,3
1944064,67777,83582,3583,20,4
1944224,31826,14928,2432,15,0
1944320,19645,17128,2131,0,0
1944391,55340,72167,2168,12,2
1944482,21131,64813,4814,19,3
1944514,46969,194273,9312,1,1
1945344,57103,70704,5719,15,0
1945504,30937,152190,9736,1,1
1945634,46261,11273,8777,12,2
1945703,44735,67052,2065,0,0
1945731,42988,169831,4864,24,1
1945732,66502,36551,1558,16,0
1945824,42352,82411,4920,19,3
1945827,45379,153772,3773,21,2
1946022,45155,55795,8301,20,4
1946023,68107,112370,7393,17,1
1946852,65030,18349,8350,1,1
1947045,40268,196241,1280,1,1
1947234,61187,13558,3559,1,1
1947335,64873,51710,6721,0,0
1947399,26537,21629,4132,18,2
1947621,29597,164415,9448,1,1
1947745,44905,71125,6140,0,0
1948036,71971,57508,5024,19,3
1948294,51184,125914,3451,16,0
1948707,64663,131378,6405,1,1
1949184,74260,70292,7814,1,1
1949220,38153,71526,9048,18,2
1949415,66947,93515,3516,17,1
1949478,24002,36666,6667,20,4
1949539,44750,15560,5561,12,2
1949894,28892,46442,8947,21,2
1949927,35194,197395,7396,22,3
1950085,52108,84232,9249,22,3
1950274,40376,144556,7071,15,0
1950306,66769,178448,3483,1,1
1950566,62045,180695,3214,24,1
1950597,51772,58187,8188,15,0
1950627,26905,119808,2320,1,1
1950853,25547,12568,5070,13,4
1950853,25547,94902,2430,13,4
1950855,63862,124762,9787,20,4
1950881,33943,83885,6394,20,4
1950949,72100,138741,3768,19,3
1950980,36382,123691,3692,15,0
1950980,36382,164799,7316,15,0
1950982,45146,1389,8890,19,3
1951014,21952,181853,6890,14,0
1951108,33163,44488,6993,0,0
1951203,24427,42655,5160,15,0
1951392,25276,99728,2238,13,4
1951586,64981,81757,9282,14,0
1951588,67531,135790,5791,19,3
1951655,30503,48041,3050,15,0
1951686,39080,31434,6441,14,0
1951813,54910,63851,8864,16,0
1951877,20185,27315,2320,1,1
1952032,44537,109516,2027,13,4
1952261,41143,175944,3496,14,0
1952294,69967,112397,7420,24,1
1952295,63317,30640,3144,0,0
1952583,63442,48720,3729,24,1
1952740,26959,169011,6560,17,1
1952743,61063,81226,3735,20,4
1953187,71797,104965,4966,18,2
1953542,29456,33394,5898,15,0
1953572,61286,9257,4258,23,3
1953669,57733,37101,4611,23,3
1953733,34141,49450,9451,17,1
1953990,29582,67345,7346,19,3
1954050,53809,194691,2249,22,3
1954083,41215,46217,6218,16,0
1954083,41215,138522,3549,16,0
1954148,37780,83083,5592,1,1
1954183,53495,84965,2490,20,4
1954277,74095,26544,9047,14,0
1954725,65783,13664,8667,18,2
1954790,27836,171913,4431,18,2
1954855,27059,134005,1545,13,4
1954882,72428,71172,3680,12,2
1954949,36386,189161,4198,1,1
1955008,48485,136952,4492,22,3
1955041,27913,7406,4907,22,3
1955111,47219,171976,4494,0,0
1955205,37732,187408,7409,13,4
1955268,19796,53836,8847,0,0
1955363,48952,115181,5182,0,0
1955523,48875,46493,8998,17,1
1955526,70531,97855,7856,12,2
1955622,19513,16673,1676,18,2
1955777,69673,165864,3413,17,1
1955847,65516,106328,3859,1,1
1955874,29233,92674,5184,18,2
1956482,72889,106656,4187,0,0
1956548,61259,89582,9583,13,4
1956736,50765,122342,2343,17,1
1956902,61735,154138,6654,15,0
1956960,39941,135455,7969,0,0
1956992,41578,165528,5529,12,2
1957059,26173,133443,3444,19,3
1957507,55096,76581,6582,12,2
1957637,72730,129440,9441,23,3
1957664,38098,127319,2344,20,4
1957799,32423,125152,5153,23,3
1957953,43256,21369,1370,22,3
1958114,19609,170665,5700,18,2
1958720,43036,52825,7836,16,0
1959105,41438,70644,5659,16,0
1959424,72806,60076,2583,13,4
1959521,31231,93097,5607,19,3
1959585,42691,79581,7103,16,0
1959616,70948,168581,8582,21,2
1959620,45002,158127,5673,16,0
1959781,37591,160205,7754,16,0
1959936,47111,66659,9166,23,3
1959972,19267,37615,5125,12,2
1960294,35542,12519,5021,0,0
1960418,30568,151172,6203,15,0
1961157,39787,15323,5324,1,1
1961220,72862,82072,4581,1,1
1961344,71968,134841,7355,18,2
1961570,61301,37364,4874,16,0
1961698,62329,913,5914,24,1
1961698,62329,141415,3930,24,1
1961761,60947,108949,3970,13,4
1961764,48562,169683,9684,15,0
1961830,43177,17069,4573,1,1
1961954,40550,8559,8560,14,0
1961955,67967,1184,3685,21,2
1961957,44542,74794,7302,18,2
1962977,60815,139068,9069,17,1
1963078,34753,186292,6293,18,2
1963109,71014,141175,3690,12,2
1963232,34603,138799,6339,22,3
1963234,35206,134433,6947,16,0
1963265,24605,87799,2816,16,0
1963393,37996,80974,3483,1,1
1963424,32815,58780,6296,23,3
1963458,72829,107841,7842,0,0
1963650,70064,111615,6638,0,0
1963651,52979,82891,5400,23,3
1964067,61883,37373,4883,17,1
1964354,55349,153867,8898,0,0
1964354,55349,191351,3871,0,0
1964389,64100,147198,4741,24,1
1964451,27856,127879,5416,13,4
1964517,41899,173362,8397,1,1
1964615,36172,163505,3506,0,0
1964737,68494,84691,9708,12,2
1964740,59335,53253,5759,1,1
1964928,70507,56303,6304,0,0
1964996,21475,189804,4841,1,1
1965024,56851,8758,8759,22,3
1965024,56851,142894,5409,22,3
1965156,54077,16202,6203,15,0
1965377,36718,151952,6983,14,0
1965382,40522,187665,2702,22,3
1965600,37939,18387,5891,15,0
1966083,68494,102177,9708,12,2
1966336,70555,95693,5694,22,3
1966403,33436,51033,3539,0,0
1966403,33436,78190,8191,0,0
1966433,19655,89245,4262,16,0
1966437,73468,86402,3927,23,3
1966439,27620,50433,7949,22,3
1966439,27620,56331,8837,22,3
1966597,72095,34104,6608,1,1
1966629,34340,73438,8453,1,1
1966816,56662,86587,4112,20,4
1966850,35918,18493,5997,20,4
1967044,23717,53443,8454,22,3
1967237,36325,124785,2322,20,4
1967557,62441,12471,9975,17,1
1967841,27496,9559,7060,16,0
1967908,52909,153769,6285,16,0
1967938,32734,64809,9822,13,4
1968160,61939,14577,2081,12,2
1968226,52892,107888,5419,17,1
1968291,68459,103300,5811,19,3
1968321,56552,170557,3075,20,4
1968485,23414,97129,9639,16,0
1968963,29584,64715,4716,22,3
1969189,44282,49380,1885,16,0
1969280,62563,55684,5685,20,4
1969440,44486,101830,1831,14,0
1969511,64354,13586,3587,23,3
1969511,64354,130662,5689,23,3
1969639,54322,146201,6202,13,4
1969639,54322,163743,1292,13,4
1969665,71680,104145,1676,18,2
1969824,32456,195108,2666,18,2
1970215,27581,18656,8657,12,2
1970433,25075,137616,5156,14,0
1970528,63118,10007,7511,20,4
1970567,65404,97314,9824,19,3
1970948,73753,65989,8496,16,0
1970950,38746,115871,8383,15,0
1971009,26899,37473,2480,15,0
1971009,26899,198684,8685,15,0
1971169,72542,49386,9387,18,2
1971426,37507,80845,3354,16,0
1971653,43217,74194,1716,21,2
1971684,27829,32442,2443,16,0
1971904,47194,54445,1961,17,1
1971938,42158,98602,8603,22,3
1972000,23815,24630,2137,23,3
1972133,65938,147383,4926,17,1
1972163,73945,109266,4287,0,0
1972358,19382,184492,7011,16,0
1972640,38114,49826,9827,23,3
1973026,51985,159902,9903,13,4
1973127,61817,80114,5131,15,0
1973156,41971,20798,8305,12,2
1973159,23038,14214,4215,0,0
1973219,34390,12464,2465,15,0
1973251,43204,86830,9339,23,3
1973348,59938,129465,4490,15,0
1973444,31664,1790,4291,19,3
1973539,67651,34250,4251,16,0
1973669,30764,86778,6779,0,0
1973703,20458,1932,9433,18,2
1974309,30088,29625,9626,21,2
1974400,42799,1092,3593,15,0
1974438,21832,187948,7949,22,3
1974528,73804,163667,6184,15,0
1974528,73804,194160,6680,15,0
1974883,19340,60152,2659,17,1
1974949,73027,191523,4043,13,4
1975303,31597,37389,4899,16,0
1975520,47612,123346,5859,22,3
1975523,66655,37455,9959,23,3
1975814,63365,114054,9077,24,1
1976390,64403,81055,8580,21,2
1976516,22111,157715,7716,13,4
1976577,54545,146807,1836,0,0
1976901,70306,96773,4301,1,1
1976992,41926,174961,4962,12,2
1977190,44599,9399,9400,21,2
1977440,50366,160635,8184,23,3
1977441,37094,76093,3615,16,0
1977441,37094,87761,7762,16,0
1977890,56827,44683,9692,1,1
1978116,1267,9574,2075,24,1
1978146,1550,98758,3777,20,4
1978148,70388,83246,5755,20,4
1978368,54232,32100,2101,18,2
1978468,41840,78233,8234,20,4
1978503,74029,185621,5622,21,2
1978598,55937,143864,6379,20,4
1978855,47902,112529,5041,15,0
1978913,39385,90013,5032,18,2
1979046,48815,131868,1869,21,2
1979108,25129,91659,1660,1,1
1979271,66071,169035,4068,12,2
1979328,67954,138249,8250,19,3
1979334,42619,66494,6495,24,1
1979335,30427,197858,5416,13,4
1979523,22366,96246,8756,19,3
1979589,42272,29856,2359,1,1
1979590,56227,184161,4162,14,0
1979654,28354,82210,2211,16,0
1979873,60235,143677,3678,14,0
1980037,69037,186716,4271,18,2
1980160,66154,125426,5427,18,2
1980450,25135,187042,7043,23,3
1980743,27011,148024,3053,23,3
1981189,40135,55804,8310,20,4
1981349,55501,71266,6281,20,4
1981474,44776,189100,4137,15,0
1981510,69508,86063,6064,1,1
1981668,68050,4050,6551,0,0
1981668,68050,196139,6140,0,0
1981764,24808,27281,9784,16,0
1981888,71977,118799,8800,14,0
1982023,29044,161310,1311,0,0
1982053,61150,82379,9904,1,1
1982053,61150,119735,9736,1,1
1982176,36616,34728,9735,15,0
1982210,35095,53408,5914,24,1
1982407,40259,34457,9464,16,0
1982688,47185,184662,4663,15,0
1982727,29413,172436,9988,0,0
1982791,55366,1768,4269,16,0
1983108,42038,146522,9037,19,3
1983265,35335,104214,9235,16,0
1983621,53800,155732,3278,0,0
1983651,30703,182407,2408,15,0
1983652,20300,67501,5020,22,3
1983810,21734,48250,5763,19,3
1983905,1327,121045,3558,12,2
1984006,47104,198157,5715,13,4
1984193,34795,161257,6290,21,2
1984450,28924,151926,9472,15,0
1984582,70618,88836,8837,22,3
1984739,22049,72820,2821,1,1
1984838,38495,122375,4888,20,4
1984903,43262,138570,6110,12,2
1984903,43262,152060,9606,12,2
1984931,28930,106863,1884,1,1
1985316,52381,29354,1857,12,2
1985344,28208,50098,2604,15,0
1985410,32395,61974,9493,17,1
1985505,32921,11632,4134,24,1
1985605,57356,190077,2597,24,1
1985635,29534,148885,3914,22,3
1985735,62263,18335,3338,12,2
1985792,42086,63089,3090,21,2
1985826,29236,90777,8305,12,2
1985858,44653,129628,4653,15,0
1985952,43192,129080,6617,20,4
1986183,62285,101271,6292,23,3
1986213,47977,157572,5118,1,1
1986272,21734,88950,3967,19,3
1986273,30124,131887,9427,0,0
1986402,38947,12872,7875,21,2
1986402,38947,43486,8495,21,2
1986594,68651,159412,4443,12,2
1986594,68651,194274,1832,12,2
1986625,36859,111157,3669,23,3
1986656,47543,129313,6850,15,0
1986788,35099,127662,2687,18,2
1986823,32008,43756,3757,23,3
1986949,65392,138195,8196,15,0
1987013,40210,31330,3834,20,4
1987683,37099,17052,2055,22,3
1987778,58744,169234,1751,23,3
1987782,53026,4463,1964,14,0
1987782,53026,157533,7534,14,0
1987808,20911,126218,6219,12,2
1987878,61996,12389,2390,18,2
1988064,34051,103761,8782,14,0
1988262,21424,179261,9262,16,0
1988674,38890,115481,7993,0,0
1988801,62287,92568,5078,0,0
1988835,37183,21149,8656,18,2
1988931,28427,112631,2632,23,3
1989094,65431,120343,5368,23,3
1989153,34253,159025,9026,16,0
1989412,41183,50977,3483,1,1
1989632,45754,151659,4175,0,0
1989703,55375,120588,5613,20,4
1989762,32527,197980,5538,1,1
1990053,69275,35985,3495,1,1
1990372,25216,177663,7664,14,0
1990497,43909,107413,9924,23,3
1990528,50611,118224,8225,0,0
1990850,54769,141569,1570,12,2
1990883,54169,33769,6273,18,2
1990947,46268,58638,8639,17,1
1991047,66421,163833,1382,24,1
1991170,72625,108353,3374,20,4
1991264,21073,70502,5517,22,3
1991394,62392,190168,2688,15,0
1991431,21148,60780,8299,1,1
1991744,34762,138624,6164,23,3
1991748,56159,50926,3432,18,2
1992230,24356,40780,5789,21,2
1992293,52174,123127,3128,24,1
1992293,52174,193070,5590,24,1
1992295,62599,78963,3978,15,0
1992324,20941,43580,8589,0,0
1992359,43693,183889,1444,12,2
1992480,67778,9213,6714,1,1
1992481,30848,167057,2090,13,4
1992645,49030,71155,3663,14,0
1992738,42913,173875,8910,21,2
1993123,25927,130746,8286,1,1
1993127,54643,196346,3904,17,1
1993344,24410,172092,9644,1,1
1993377,25754,36833,9337,20,4
1993477,56818,130151,5178,20,4
1993601,63992,82875,5384,14,0
1993731,48490,71916,6931,13,4
1993797,73658,101062,6083,23,3
1993894,64981,120156,5181,14,0
1994113,57649,134312,4313,14,0
1994183,38956,58997,4008,22,3
1994274,65462,33511,6015,18,2
1994693,36040,111980,4492,22,3
1994882,47582,129996,5021,0,0
1995041,48115,22110,7115,22,3
1995489,26533,65870,8377,21,2
1995524,23245,25594,3101,20,4
1995621,48166,26736,4243,15,0
1995713,51949,106942,1963,16,0
1995776,27059,18433,8434,13,4
1995776,27059,29702,4707,13,4
1995840,24997,183430,3431,22,3
1995876,36745,4065,4066,21,2
1996100,20326,84227,6736,19,3
1996225,23926,3251,5752,24,1
1996230,72580,71395,6410,22,3
1996261,54008,82125,2126,14,0
1996582,30412,157024,2055,22,3
1996640,33226,78833,1341,22,3
1996644,36613,99189,9190,20,4
1996645,34969,81769,6786,21,2
1996773,28690,103456,8477,15,0
1996869,1639,32820,2821,1,1
1996998,65047,144135,9164,20,4
1997190,44690,59427,6943,16,0
1997220,31396,146422,8937,13,4
1997220,31396,182838,5357,13,4
1997284,23146,55423,2939,12,2
1997376,72137,183352,8389,17,1
1997478,23293,89604,9605,22,3
1997569,45352,188641,3678,14,0
1997601,20101,99369,1879,13,4
1997669,19955,21012,6017,15,0
1997797,50659,161114,3631,17,1
1998055,30898,175635,8153,14,0
1998210,65870,14166,9169,19,3
1998502,35795,26773,4280,12,2
1998533,36205,179848,2366,14,0
1998561,27853,19131,4134,24,1
1998823,1711,74216,1738,15,0
1999302,21455,53595,8606,16,0
1999329,69488,17689,7690,18,2
1999424,25447,199375,4414,13,4
1999457,32501,74573,7081,13,4
1999520,48538,169891,2408,15,0
1999522,46225,86599,1616,14,0
1999524,53677,19450,6954,23,3
1999524,53677,109733,9734,23,3
1999685,26185,138989,4016,22,3
1999814,50438,165831,8348,23,3
1999876,52444,42510,7519,1,1
2000229,42805,66881,9388,24,1
2000291,44152,68832,3845,23,3
2000293,27844,31310,3814,23,3
2000293,27844,199177,9178,23,3
2000416,38686,102422,2423,16,0
2000545,35915,199628,2148,24,1
2000742,22532,133698,6212,22,3
2000742,22532,160506,3023,22,3
2001159,42595,176596,6597,0,0
2001216,34472,37878,2885,12,2
2001218,70522,69144,1651,21,2
2001280,32821,6890,4391,21,2
2001413,40888,63156,5663,16,0
2001575,34525,42012,9525,14,0
2001731,69208,29770,2273,19,3
2001827,51548,34342,1852,24,1
2001829,72256,66006,3525,18,2
2002053,70319,28366,8367,0,0
2002114,34541,67276,4795,19,3
2002273,49939,14165,1669,16,0
2002530,61628,169220,6769,18,2
2002660,19763,111998,1999,21,2
2002660,19763,139039,4066,21,2
2002661,47047,84678,4679,16,0
2003620,65551,86465,8974,21,2
2003652,65770,79336,9337,20,4
2003682,26735,170845,8397,1,1
2004038,62002,76695,1710,21,2
2004160,40373,74978,2500,18,2
2004448,38600,34381,1891,24,1
2004871,26563,135345,5346,22,3
2005026,39491,157734,2765,0,0
2005127,55459,147675,7676,0,0
2005216,45101,159119,9120,12,2
2005284,52370,188653,6208,22,3
2005632,24232,172890,5408,24,1
2005638,54514,125895,8408,19,3
2005698,36226,23750,1257,13,4
2005728,52039,147966,2995,21,2
2005796,29476,74085,1607,21,2
2006053,65239,156818,1849,17,1
2006178,50573,50437,2943,13,4
2006304,48536,46815,1824,13,4
2006304,48536,144336,1879,13,4
2006342,63613,61896,6909,20,4
2006880,41323,94752,4753,22,3
2006914,19576,180386,5423,12,2
2007073,53390,132414,7441,20,4
2007520,57202,119308,4331,16,0
2007622,73205,24957,4958,13,4
2008231,63739,43212,5717,18,2
2008770,51418,182649,2650,18,2
2008836,39295,181332,8887,0,0
2008896,73558,134717,7231,23,3
2009444,53368,194807,4808,14,0
2009538,51884,95683,8193,17,1
2009664,60106,73894,3895,24,1
2009829,40885,86177,3702,19,3
2009891,33572,33355,8362,22,3
2009927,70448,166864,6865,15,0
2010181,21473,72826,5334,16,0
2010241,27196,173671,3672,18,2
2010245,37990,189004,6559,0,0
2010375,24400,172021,9573,14,0
2010470,42832,171352,6387,15,0
2010530,40399,45613,3126,24,1
2010752,71932,192437,7476,24,1
2010849,20851,144230,4231,13,4
2011363,70771,154912,2458,0,0
2011458,47050,48677,3686,14,0
2011650,63256,67909,2922,23,3
2011650,63256,132213,7240,23,3
2011650,63256,139696,9697,23,3
2011682,21190,64804,2323,20,4
2011814,71644,39446,1950,17,1
2012128,65944,18021,5525,14,0
2012193,65054,148701,8702,20,4
2012768,58133,116959,4493,24,1
2012807,42850,28927,6434,16,0
2012834,69913,100328,5349,0,0
2012869,58282,89140,4157,17,1
2012935,68425,147207,7208,15,0
2013121,23651,197612,5170,17,1
2013223,26392,48254,3263,14,0
2013351,32422,151920,6951,21,2
2013383,65899,154519,7035,1,1
2013475,66280,168134,3167,22,3
2013767,44440,117304,9816,19,3
2014277,61978,166608,4157,17,1
2014310,32431,29410,9411,18,2
2014853,48251,89699,4716,22,3
2014951,28531,123547,3548,20,4
2015072,46658,46591,9096,16,0
2015111,33091,40374,5383,20,4
2015139,60559,26856,6857,17,1
2015175,41329,32646,7653,22,3
2015265,53329,149895,4924,15,0
2015269,36466,188984,6539,18,2
2015303,58384,101260,1261,17,1
2015398,60005,147050,7051,12,2
2015398,60005,184105,4106,12,2
2015526,67970,148923,6466,14,0
2015557,51926,75523,3045,19,3
2015619,61126,79655,2163,13,4
2015872,29500,114870,9893,0,0
2016067,52606,4298,9299,14,0
2016131,66601,67109,4628,15,0
2016197,39941,29214,6721,0,0
2016229,45100,18714,6218,16,0
2016519,33469,160105,2622,12,2
2016578,63613,52590,7601,20,4
2016708,36808,23696,6199,15,0
2016740,27374,81753,4262,16,0
2016803,38836,185897,8416,0,0
2016870,42085,15428,5429,21,2
2017088,55618,45240,2753,13,4
2017377,22936,19490,4493,24,1
2017733,74825,24091,9096,16,0
2017797,1741,104156,6667,20,4
2017797,1741,145905,5906,20,4
2017857,55339,61966,9485,19,3
2018309,51850,45120,5121,14,0
2018309,51850,125860,5861,14,0
2018337,50740,84326,1851,15,0
2018400,40651,171725,4243,15,0
2018595,31060,77897,5419,17,1
2018752,41894,67825,5344,17,1
2018786,59857,43553,6058,22,3
2018818,61831,177616,2651,18,2
2018821,18763,56595,6596,20,4
2018821,18763,124254,6767,20,4
2018947,25514,107421,4952,14,0
2019301,42862,37417,7418,0,0
2019751,57229,7611,7612,17,1
2019776,26929,94865,4866,23,3
2020001,65371,49728,4737,23,3
2020066,59740,36057,8561,19,3
2020225,35635,26943,1948,24,1
2020227,51421,47528,7529,15,0
2020292,31972,166940,6941,18,2
2020485,31231,194901,7421,19,3
2020546,25435,182446,1,17,1
2020801,21226,186936,4491,23,3
2020832,58897,23411,5914,24,1
2020932,50320,74365,6873,17,1
2020964,20524,35238,5239,19,3
2021127,23917,126277,8790,23,3
2021188,46408,165168,2717,20,4
2021285,30886,36303,3813,1,1
2021378,74464,151480,1481,21,2
2021569,73453,144044,1587,24,1
2021600,40726,82191,4700,19,3
2021665,1265,33605,8612,24,1
2021668,1645,171446,3964,16,0
2021671,57919,81899,4408,22,3
2021697,53122,16458,3962,18,2
2021762,66440,42472,4977,0,0
2021762,66440,116669,1692,0,0
2022117,68242,14167,9170,23,3
2022503,65614,17959,7960,17,1
2022753,40195,50216,5227,12,2
2022818,68965,113806,6318,19,3
2023399,20140,11314,1315,13,4
2023399,20140,97699,2718,13,4
2023490,45290,59524,9525,14,0
2023782,74380,187850,5405,24,1
2023879,22489,53029,3030,21,2
2024194,40382,141370,8913,20,4
2024320,71878,119511,7045,21,2
2024422,65638,95318,5319,20,4
2024423,57058,54760,9771,24,1
2024838,64513,108803,8804,13,4
2024864,49306,99642,7170,21,2
2024935,39935,122663,2664,18,2
2025056,39706,79600,2108,15,0
2025060,60370,134808,9835,20,4
2025248,67096,111590,1591,22,3
2025314,62360,67444,4963,14,0
2025600,41273,198674,3713,12,2
2025893,66941,92930,7949,22,3
2026149,21734,95533,5534,19,3
2026183,40052,148341,5884,1,1
2026400,30382,108966,6497,20,4
2026437,27623,47875,5388,23,3
2026688,28262,131489,4003,21,2
2027235,57436,51087,8603,22,3
2027393,42949,119187,9188,13,4
2027649,27062,185725,5726,23,3
2027749,43003,185277,5278,19,3
2027809,66865,156312,1343,24,1
2028003,65854,101935,1936,1,1
2028037,48871,165339,2888,21,2
2028582,59266,94492,4493,24,1
2028934,54482,134496,7010,22,3
2028997,61565,37330,4840,20,4
2029026,71632,113295,3296,0,0
2029026,71632,117768,5302,0,0
2029063,71638,27700,7701,1,1
2029316,46775,93652,8671,20,4
2029412,54337,199265,6823,13,4
2029538,72425,120291,5316,20,4
2029664,55346,72176,7191,19,3
2029763,27046,69848,4861,22,3
2029793,42373,151689,6720,18,2
2029924,31843,36776,1783,18,2
2029952,31336,42941,7950,20,4
2030279,44320,11306,6309,18,2
2030279,44320,180228,5265,18,2
2030370,65509,68034,8035,22,3
2030496,66020,136985,4525,18,2
2030499,35383,16931,1934,23,3
2030501,51643,98340,8341,13,4
2030562,48520,46119,3632,23,3
2030566,19982,171353,8905,16,0
2030659,30961,107651,7652,23,3
2030818,65752,73637,3638,17,1
2030913,34375,133319,3320,14,0
2030982,61661,73124,5632,13,4
2031301,69019,69812,9813,24,1
2031587,26734,12914,7917,12,2
2031616,71161,21681,6686,16,0
2031618,38879,153776,6292,23,3
2031715,40289,93923,1451,16,0
2031748,20863,169927,7476,24,1
2031877,27002,183236,8273,17,1
2031937,59848,103840,3841,1,1
2031937,59848,110291,2803,1,1
2032004,54181,192085,9643,20,4
2032101,34390,22375,9882,15,0
2032263,51202,179858,7410,15,0
2032295,55021,22792,7797,13,4
2032326,48389,102040,4551,15,0
2032357,64535,100196,5217,23,3
2032385,34108,112485,7508,15,0
2032512,39914,164691,9724,0,0
2032742,62221,71407,1408,16,0
2032864,57263,132111,2112,19,3
2032928,71905,29416,9417,16,0
2032960,55100,195829,3387,17,1
2033024,63868,119181,9182,21,2
2033095,34720,25115,7618,22,3
2033504,46484,198743,8744,22,3
2033859,27830,145006,5007,12,2
2033954,43072,169631,9632,14,0
2033985,22094,32428,4932,15,0
2033985,22094,52996,2997,15,0
2034340,65269,139725,9726,17,1
2034465,53968,60384,2891,20,4
2034498,49510,137926,2953,16,0
2034498,49510,155127,7643,16,0
2034624,45914,42526,7535,23,3
2034627,49669,48778,3787,1,1
2034722,21473,114429,1963,16,0
2034722,21473,191566,1567,16,0
2034752,65510,169862,7411,18,2
2034912,67150,188484,6039,1,1
2034919,41885,180226,2745,1,1
2034981,72037,53053,5559,22,3
2035111,20252,141271,8814,0,0
2035201,30434,100139,7670,19,3
2035238,69293,97943,5471,19,3
2035238,69293,140255,7798,19,3
2035428,66137,8051,3052,17,1
2035494,53909,120011,2524,24,1
2035556,52822,124035,6548,21,2
2035940,69970,171915,1916,20,4
2036097,43346,137789,7790,22,3
2036195,68831,81536,1537,23,3
2036326,47098,175324,7842,0,0
2036481,36644,199481,4520,0,0
2036545,29288,99104,1614,12,2
2036805,25051,139434,4461,24,1
2037027,39643,91627,4137,15,0
2037088,57364,152490,7521,14,0
2037158,33328,35871,8375,23,3
2037221,19039,70673,3181,14,0
2037348,60785,171549,9101,14,0
2037408,41101,179292,9293,16,0
2037412,54166,52288,9804,20,4
2037412,54166,188038,3075,20,4
2037478,25412,189705,2224,13,4
2037479,48613,179519,7071,15,0
2037636,41848,129656,9657,18,2
2037763,23398,53774,6280,18,2
2037797,56806,115392,2926,20,4
2037797,56806,181126,3645,20,4
2037826,63631,76321,3843,0,0
2038211,47501,156111,6112,19,3
2038240,50866,47462,7463,24,1
2038244,74917,26720,6721,0,0
2038656,65872,158494,3525,18,2
2038818,25562,65240,7747,14,0
2038918,22762,159814,9815,20,4
2038951,52400,7787,7788,22,3
2039233,39245,188125,5680,23,3
2039301,57986,108363,8364,17,1
2039366,62461,22840,2841,23,3
2039617,38701,51359,8875,19,3
2039623,20536,27783,5290,14,0
2039751,69295,91101,3611,12,2
2039847,74020,90463,5482,1,1
2039911,35308,172171,9723,13,4
2040160,55322,160735,5768,16,0
2040194,52546,63889,1408,16,0
2040292,44231,88414,8415,17,1
2040352,32282,29425,1928,18,2
2040352,32282,146536,9051,18,2
2040388,35545,113932,1466,18,2
2040420,49847,180280,5317,21,2
2040516,47152,80030,5047,19,3
2040640,52552,21275,6280,18,2
2040672,63422,14074,4075,22,3
2040736,48928,156287,1318,21,2
2040806,66793,180430,2949,20,4
2040898,48395,101578,9109,21,2
2041029,29476,41393,6402,21,2
2041058,36667,77056,2071,21,2
2041124,26731,166727,9244,1,1
2041248,1285,194622,4623,19,3
2041447,22477,79094,4109,20,4
2041447,22477,127600,7601,20,4
2041479,32701,198136,5694,22,3
2041509,39001,64340,4341,21,2
2041765,73618,12639,5141,13,4
2041895,71392,178969,4004,1,1
2041924,50719,154792,2338,22,3
2042082,51193,96382,1401,23,3
2042244,20672,137244,9758,20,4
2042436,37819,58452,3463,24,1
2042436,37819,193458,3459,24,1
2042465,49795,69656,4669,14,0
2042500,58060,25348,7851,23,3
2042854,50681,36931,6932,0,0
2042944,24269,122590,7615,1,1
2043170,28604,94229,6739,22,3
2043202,73546,185173,2728,24,1
2043270,45662,125554,8067,17,1
2043527,22370,49424,6937,16,0
2043559,24346,54347,6853,13,4
2043719,58513,194020,1578,24,1
2043972,22981,164899,2448,0,0
2044229,38000,62784,2785,14,0
2044321,41072,189589,7144,21,2
2044325,52346,172376,2377,16,0
2044551,25969,54844,9855,20,4
2044551,25969,197289,7290,20,4
2044643,51928,91887,1888,19,3
2044770,51620,50265,2771,13,4
2044775,59102,186989,9508,17,1
2044837,41437,157172,2203,17,1
2044898,36052,102848,5359,23,3
2044901,34535,95166,2694,15,0
2044999,35683,24062,1569,21,2
2045156,19576,179240,1758,12,2
2045280,32089,197681,2720,17,1
2045287,54145,179079,9080,14,0
2045472,37859,128556,8557,17,1
2045472,37859,160347,2864,17,1
2045794,70654,179845,7397,21,2
2045825,74257,32219,4723,23,3
2045863,54181,23261,3262,20,4
2045863,54181,102493,5004,20,4
2045925,72967,125573,8086,0,0
2045959,24433,82592,2593,14,0
2045959,24433,144899,9928,14,0
2046183,49777,191658,6697,15,0
2046276,30800,199575,9576,12,2
2046437,26399,136320,8834,19,3
2046528,51982,42759,7768,24,1
2046593,48118,145303,2846,20,4
2046629,56561,175357,7875,21,2
2046946,24994,35751,5752,24,1
2046946,24994,55616,5617,24,1
2046950,66019,78256,5778,21,2
2047207,19717,38396,5906,20,4
2047398,66400,104889,2420,13,4
2047494,69523,53746,8757,23,3
2047879,54754,188725,6280,18,2
2047941,43583,119099,9100,0,0
2047942,40048,190572,8130,15,0
2047974,52916,124215,4216,22,3
2048032,69403,75325,7833,16,0
2048033,38020,58588,3599,16,0
2048259,71896,64581,7088,17,1
2048705,20149,144442,1985,24,1
2048706,74020,49786,2291,1,1
2048742,70478,63710,8723,12,2
2048837,52549,178219,8220,13,4
2048961,67420,158922,8923,19,3
2048964,63955,112316,9850,20,4
2049092,41050,29727,9728,1,1
2049217,32639,63473,5980,19,3
2049699,35060,111150,6173,21,2
2049921,27829,22749,7754,16,0
2049954,71495,74293,1815,19,3
2049957,39452,16035,3539,0,0
2050113,69065,19172,9173,16,0
2050117,28441,71178,8700,24,1
2050208,19273,161865,4382,14,0
2050368,51947,149840,9841,1,1
2050375,54871,83363,8380,1,1
2050498,50899,168265,8266,12,2
2050503,27778,30410,7920,22,3
2051009,49772,17840,2843,1,1
2051201,71908,157752,7753,12,2
2051360,74473,74274,9289,24,1
2051367,42878,29221,4226,12,2
2051462,26173,28153,3158,19,3
2051591,54445,180407,2926,20,4
2051747,69631,99895,2405,21,2
2051750,54307,71316,3824,0,0
2051750,54307,126449,3986,0,0
2052196,21893,87394,2411,16,0
2052513,53383,144720,9749,23,3
2052582,27586,169283,9284,18,2
2052678,1660,46729,6730,21,2
2052834,71276,12999,8002,0,0
2052993,26447,120347,2860,15,0
2053030,26011,149218,1733,19,3
2053061,51244,26492,8995,23,3
2053317,72079,54293,6799,18,2
2053382,20644,53223,5729,18,2
2053442,60785,32484,4988,14,0
2053504,24952,192138,4658,0,0
2053602,26110,25157,7660,12,2
2053703,26645,73971,8986,23,3
2053862,60098,188171,8172,0,0
2054374,40027,146198,6199,15,0
2054406,61693,99253,9254,19,3
2054406,61693,142701,7730,19,3
2054624,56341,69445,1952,13,4
2054688,66860,71996,4504,23,3
2054848,25723,114289,4290,21,2
2054849,24725,6120,8621,1,1
2055107,43432,30404,5411,1,1
2055206,49339,40388,7901,13,4
2055333,64690,154107,1653,17,1
2055462,73115,30790,3294,20,4
2055590,63331,123294,3295,15,0
2055653,53062,24939,7442,21,2
2055749,40435,186810,4365,18,2
2055908,25565,146427,8942,18,2
2055908,25565,196578,9098,18,2
2056261,62083,143355,8384,15,0
2056291,20363,121176,8713,20,4
2056324,54379,93725,6235,19,3
2056422,57910,55924,8430,13,4
2056485,57601,33297,3298,23,3
2056705,28801,9813,4814,19,3
2056743,33089,118563,3586,19,3
2056805,46984,109291,6822,12,2
2056898,46918,46863,1872,22,3
2057380,54268,163674,8707,16,0
2057728,27268,192547,7586,18,2
2057792,43228,12307,2308,17,1
2058215,52243,157073,4619,22,3
2058304,59888,176848,1883,19,3
2058368,59786,129238,6775,24,1
2058663,23165,42376,4881,1,1
2058816,69853,168509,6058,22,3
2058823,38429,30725,8235,21,2
2058852,65950,42092,2093,19,3
2058944,32974,64723,9736,1,1
2059141,18898,105982,3513,22,3
2059143,35513,179071,4106,12,2
2059238,57856,22326,9833,13,4
2059333,47746,75642,5643,20,4
2059430,45008,35533,3043,16,0
2059520,26386,13378,8381,12,2
2059555,32992,195389,2947,0,0
2059585,71366,85811,3336,21,2
2059617,74240,13612,3613,23,3
2059750,25412,169190,9191,13,4
2059872,22411,16015,8517,14,0
2060103,53506,187926,7927,17,1
2060162,48310,4026,6527,16,0
2060165,28519,19646,7150,0,0
2060295,23023,194037,6557,12,2
2060386,59437,47768,7769,19,3
2060386,59437,198792,1312,19,3
2060450,34442,129810,4835,23,3
2060514,61514,15719,8221,17,1
2060673,54931,139241,4268,15,0
2060707,57235,84191,6700,21,2
2060743,56926,195719,5720,20,4
2060865,57281,68735,6254,21,2
2060961,69454,153577,3578,21,2
2060967,62269,1595,6596,20,4
2061031,56138,24910,7413,13,4
2061155,34480,172740,5258,14,0
2061510,74575,34706,7210,13,4
2061510,74575,103063,8084,13,4
2061889,74860,52454,2455,16,0
2061990,61690,78195,5717,18,2
2062048,52786,78145,3160,15,0
2062272,56159,92613,2614,18,2
2062305,40219,42136,7145,22,3
2062307,22088,44949,9958,21,2
2062659,51595,36419,6420,24,1
2062720,64714,49082,9083,12,2
2062946,30139,155645,8161,21,2
2062949,24481,196914,9434,18,2
2063232,64366,167376,2409,21,2
2063303,24731,162509,5026,17,1
2063425,72263,133792,1332,16,0
2063687,57166,26883,4390,0,0
2063846,55313,40790,3295,15,0
2064002,52645,191080,8638,21,2
2064322,35839,122961,5474,15,0
2064386,69787,67227,7228,20,4
2064420,22582,99177,4196,13,4
2064642,33298,92602,2603,17,1
2064645,66806,116120,8632,19,3
2064871,43183,22518,5021,0,0
2064997,52279,140800,5829,18,2
2065252,26128,139828,9829,24,1
2065315,33169,104854,9875,1,1
2065347,67447,166289,8806,18,2
2065440,27223,60498,3005,1,1
2065861,20852,179229,9230,18,2
2065991,58297,156124,3670,19,3
2066022,24982,80447,5464,14,0
2066087,28996,184143,1698,0,0
2066179,23590,49484,4493,24,1
2066533,40853,109371,9372,16,0
2066533,40853,182103,2104,16,0
2066625,34913,74207,1729,18,2
2066628,32611,24075,9080,14,0
2067107,53342,33870,1380,17,1
2067169,37939,154145,4146,15,0
2067174,70226,101448,8979,1,1
2067236,21940,152347,7378,16,0
2067303,29536,24466,1973,0,0
2067361,24050,164802,9835,20,4
2067361,24050,184898,7417,20,4
2067746,69019,195093,7613,24,1
2067749,1715,40835,5844,12,2
2067974,66121,63957,8970,17,1
2068098,26096,76256,3778,18,2
2068260,34726,197595,5153,23,3
2068325,33385,194767,9806,13,4
2068384,41776,12808,7811,1,1
2068451,53698,2094,2095,20,4
2068455,33763,41748,9261,23,3
2069028,41731,142744,2745,1,1
2069155,53668,186334,3889,14,0
2069159,52750,120957,3470,14,0
2069185,35833,109768,4789,15,0
2069698,46900,116098,3632,23,3
2069831,70990,199923,4962,12,2
2070215,69833,188639,6194,14,0
2070277,59704,17979,7980,22,3
2070308,19733,18925,8926,24,1
2070565,33482,54958,7464,0,0
2070950,62371,162297,7330,17,1
2071011,40364,162609,7642,13,4
2071014,65774,157333,2364,14,0
2071111,67366,175301,5302,0,0
2071169,46568,21224,3727,20,4
2071201,50425,122844,2845,23,3
2071364,44827,56631,9137,20,4
2071587,52771,35345,7849,23,3
2071777,41540,76717,1732,18,2
2072166,20260,190964,3484,17,1
2072226,73768,113505,6017,15,0
2072515,48053,14676,4677,23,3
2072801,59902,154529,2075,24,1
2072865,22105,14181,4182,18,2
2072935,56635,139791,2305,23,3
2073031,21815,101998,7019,21,2
2073063,22697,13450,8453,1,1
2073283,20680,131154,6181,15,0
2073351,38773,50053,2559,12,2
2073351,38773,114682,2216,12,2
2073409,65557,46151,8656,18,2
2073509,29399,77997,5519,12,2
2073671,37012,184516,2071,21,2
2073895,70208,159152,6698,14,0
2074338,42205,59125,4136,22,3
2074497,71608,4705,7206,22,3
2074502,49120,58860,8861,12,2
2074533,61702,153972,9003,18,2
2074593,21446,69165,6684,20,4
2074695,49679,196751,4309,1,1
2074720,41750,70875,8397,1,1
2074727,55966,174869,4870,16,0
2075041,45988,84791,2316,1,1
2075174,35578,11994,6997,16,0
2075457,49015,169691,9692,1,1
2075556,21256,24401,1908,16,0
2075623,20338,45976,5977,24,1
2075846,32860,34306,9313,24,1
2076004,66992,159019,6565,24,1
2076326,25861,120093,5118,1,1
2076544,41393,131624,6651,0,0
2076579,29951,76683,9191,13,4
2076611,50180,60014,7533,18,2
2076996,28633,47391,9896,20,4
2077216,54770,15338,7840,14,0
2077220,44870,49,5050,14,0
2077378,19876,169424,4457,1,1
2077475,46261,49560,7073,12,2
2077476,43154,52815,2816,16,0
2077792,34798,171739,6774,18,2
2077824,60271,176848,1883,19,3
2078148,40600,154497,2043,19,3
2078340,32677,198432,5990,23,3
2078436,50170,136835,4375,21,2
2078465,53765,60721,5734,0,0
2078502,58850,55036,2552,23,3
2078561,42649,146610,4153,15,0
2078626,49831,198825,3864,22,3
2078658,42817,21755,6760,18,2
2078756,39770,133997,9024,13,4
2079111,29647,82199,2200,19,3
2079301,51242,94509,7019,21,2
2079392,58097,18037,8038,24,1
2079591,38098,38175,5685,20,4
2079683,62983,151879,1880,22,3
2079780,42638,57136,7137,19,3
2079810,72578,183680,6199,15,0
2079814,74324,9257,4258,23,3
2079840,62302,14957,9960,19,3
2079842,58297,192256,9814,19,3
2079908,52160,116815,6816,0,0
2079908,52160,120624,3137,0,0
2079908,52160,197987,5545,0,0
2079909,37030,176844,4396,17,1
2079973,25390,102990,2991,14,0
2079973,25390,175002,5003,14,0
2080033,28834,25284,7787,12,2
2080134,21980,24289,6792,22,3
2080195,1220,143248,8277,18,2
2080292,48089,193476,8515,19,3
2080321,60997,158211,5757,23,3
2080582,50095,117243,4777,1,1
2080643,46529,109242,1753,23,3
2080769,66413,3155,8156,14,0
2080964,46286,136974,9488,12,2
2081088,52654,66031,6032,21,2
2081124,36256,5306,7807,22,3
2081124,36256,52527,5033,22,3
2081125,28912,123247,3248,20,4
2081506,44575,166866,9383,24,1
2081538,58945,66971,6972,18,2
2081858,29230,95854,8364,17,1
2082054,28651,168415,5964,24,1
2082466,45404,117589,7590,24,1
2082596,24988,51076,6087,20,4
2082753,19172,88920,1429,21,2
2083012,62044,141432,6461,0,0
2083042,53714,3570,3571,24,1
2083105,72481,109735,7266,18,2
2083108,35044,47372,4885,0,0
2083110,70001,144370,1913,16,0
2083143,63412,68881,8882,20,4
2083143,63412,143869,6384,20,4
2083363,19328,182503,2504,19,3
2083397,67486,74699,9714,0,0
2083399,57748,75913,5914,24,1
2083426,52372,75919,5920,20,4
2083430,69574,191977,9535,21,2
2083553,63328,9924,7425,19,3
2083618,40835,84269,4270,13,4
2083680,41974,10507,8011,23,3
2083718,41200,16361,6362,14,0
2083718,41200,162990,2991,14,0
2083937,26893,132350,4864,24,1
2083968,60973,95957,3485,14,0
2084001,20447,145134,2677,21,2
2084003,36776,174409,1961,17,1
2084193,42650,133660,6174,15,0
2084196,74284,182214,4733,18,2
2084229,37828,131920,4434,1,1
2084290,66491,6056,8557,17,1
2084290,66491,84632,7141,17,1
2084327,50251,137900,2927,21,2
2084481,44282,134226,9253,16,0
2084514,55294,171914,1915,13,4
2084515,58912,116826,1849,17,1
2084517,54481,189255,4292,21,2
2084544,55921,36837,6838,1,1
2085152,48359,122221,2222,14,0
2085189,70054,121986,1987,12,2
2085445,34138,4929,9930,12,2
2085542,30508,16530,4034,24,1
2085600,71383,138663,3690,12,2
2085668,67199,49847,7360,22,3
2085828,20557,147265,9780,13,4
2085888,58891,7310,4811,23,3
2086054,70729,12285,9789,22,3
2086084,64534,81561,9086,24,1
2086117,55516,160520,8069,1,1
2086119,64666,106480,4011,15,0
2086179,35039,3613,3614,23,3
2086311,42197,78116,5638,1,1
2086311,42197,112161,7184,1,1
2086432,20110,102054,4565,13,4
2086432,20110,187796,7797,13,4
2086594,73744,189464,9465,23,3
2086693,53924,178051,5603,0,0
2086918,29093,11883,1884,1,1
2087206,38795,105127,5128,16,0
2087266,20699,57183,7184,1,1
2087395,60782,58945,3956,17,1
2087556,54991,179286,1804,0,0
2087619,26891,155303,5304,20,4
2087716,19900,189909,2428,13,4
2087746,46261,22068,7073,12,2
2087783,30316,104758,4759,18,2
2087874,28396,68819,8820,21,2
2088038,46240,82140,7157,16,0
2088130,48103,106453,3984,16,0
2088133,50320,21652,1653,17,1
2088388,55822,151008,8554,0,0
2088485,74162,40128,2633,1,1
2088515,25507,9752,4753,22,3
2088614,55432,33474,3475,21,2
2088675,21199,64612,2131,0,0
2088738,23917,162148,9697,23,3
2088996,31526,125069,2606,19,3
2089030,48005,182545,2546,20,4
2089249,53126,30921,8431,22,3
2089312,63463,167780,5329,14,0
2089344,35872,169929,7478,23,3
2089639,63431,86118,3643,18,2
2089734,63097,170995,6030,1,1
2089827,35290,157061,4607,23,3
2090052,29453,30866,8376,20,4
2090052,29453,148104,8105,20,4
2090119,24517,56536,6537,20,4
2090368,71959,78870,8871,0,0
2090368,71959,114469,6981,0,0
2090661,50479,141008,3523,18,2
2090759,68806,87004,2021,18,2
2091046,52769,86761,6762,13,4
2091171,64846,58950,8951,20,4
2091204,63211,33161,3162,0,0
2091204,63211,171269,6304,0,0
2091206,37091,127046,7047,17,1
2091299,34003,167756,5305,13,4
2091457,57308,178351,3386,24,1
2091463,20224,170408,2926,20,4
2091492,23285,76160,8668,16,0
2091559,57715,88893,1402,1,1
2091779,36311,175567,3119,1,1
2091844,26606,10850,8354,20,4
2091940,44839,170472,5507,22,3
2092418,54418,66234,6235,19,3
2092646,66011,193738,8777,12,2
2092867,31996,162664,5181,14,0
2092901,42328,156259,8775,17,1
2093027,46214,47404,4917,17,1
2093058,46567,96600,1619,23,3
2093092,69550,157039,4585,19,3
2093409,47215,99077,4096,16,0
2093442,19811,83025,5534,19,3
2093893,51775,151418,8964,21,2
2094020,23572,74439,1961,17,1
2094182,61238,44632,7137,19,3
2094215,70102,82198,9723,13,4
2094275,28999,18307,5811,19,3
2094305,21550,10712,3214,24,1
2094916,19750,191906,1907,20,4
2095014,57259,27676,5183,0,0
2095040,26995,26691,6692,14,0
2095142,31195,35951,8455,18,2
2095270,53828,6017,3518,17,1
2095270,53828,9630,4631,17,1
2095334,41545,154329,1875,12,2
2095463,53663,27729,5236,20,4
2095490,20867,19938,9939,18,2
2095618,24325,50993,8509,22,3
2095841,20120,164702,7219,21,2
2095845,64927,19686,9687,24,1
2095878,41306,88653,8654,14,0
2095906,27217,78081,3096,0,0
2095939,49847,106193,8704,21,2
2096195,41939,54818,2334,21,2
2096195,41939,121367,1368,21,2
2096231,24430,74200,6708,16,0
2096231,24430,89020,1529,16,0
2096320,56657,54021,6527,16,0
2096449,35636,112955,5467,0,0
2096481,71560,98232,8233,12,2
2096549,69928,132182,4696,14,0
2096646,26140,74110,1632,14,0
2096737,52552,81138,6155,18,2
2096805,46378,197009,9529,22,3
2096997,72656,3506,8507,17,1
2097281,70501,183934,8971,17,1
2097281,70501,191474,1475,17,1
2097315,73309,141151,3666,21,2
2097543,60863,103809,3810,21,2
2097668,35306,160780,8329,0,0
2097730,73150,2522,7523,20,4
2097895,18865,196485,9005,15,0
2097958,63992,82747,2748,14,0
2098080,44183,84300,9317,18,2
2098119,49634,164643,9676,15,0
2098373,61609,7274,9775,18,2
2098407,52900,180573,8128,14,0
2098499,27094,15219,5220,16,0
2098596,71284,97191,4719,17,1
2098596,71284,164564,2113,17,1
2098626,60502,37136,4646,1,1
2098819,49463,23732,6235,19,3
2099046,50318,4609,7110,22,3
2099141,46055,163286,8319,22,3
2099142,38044,46822,1831,14,0
2099237,44710,140835,5864,22,3
2099270,69457,167001,9518,0,0
2099271,53410,96629,6630,12,2
2099424,35570,50323,2829,20,4
2099430,67657,73917,1439,20,4
2099430,67657,119907,7441,20,4
2099584,52613,170269,7821,24,1
2099811,59209,64122,6629,20,4
2099847,46480,24064,9069,17,1
2099847,46480,182200,4719,17,1
2100006,59639,143553,3554,1,1
2100070,32219,66326,3845,23,3
2100160,71218,186261,3816,1,1
2100167,39679,113724,3725,12,2
2100198,34108,151405,3921,15,0
2100258,30271,179003,9004,18,2
2100293,32020,96272,6273,18,2
2100611,41536,51889,6900,15,0
2100774,46444,138313,8314,22,3
2100928,70534,63668,3669,23,3
2101344,23593,18062,3065,1,1
2101447,65164,23534,8539,19,3
2101541,34198,73219,3220,20,4
2101637,26554,127794,7795,14,0
2101793,40402,14079,9082,14,0
2101926,62680,32572,2573,13,4
2101957,24730,147210,4753,22,3
2101959,47092,5216,5217,23,3
2101959,47092,21988,4491,23,3
2102500,46313,72776,5284,15,0
2102562,46304,183825,8862,24,1
2102565,47725,98261,8262,18,2
2102628,47021,42706,7715,21,2
2102821,70829,48554,8555,1,1
2102981,62521,18443,3446,16,0
2103137,29461,60336,2843,1,1
2103141,51652,7320,2321,19,3
2103334,57494,156477,4023,21,2
2103461,70684,192186,7225,0,0
2103717,47243,173511,3512,1,1
2103717,47243,185520,5521,1,1
2103872,58460,119033,1545,13,4
2103937,23864,191530,9088,18,2
2104258,40736,109084,9085,17,1
2104294,28583,91804,1805,19,3
2104388,57679,61526,1527,21,2
2104449,64576,56939,6940,24,1
2104583,72170,151938,9484,19,3
2104644,44432,134833,4834,1,1
2104645,60887,191438,8996,20,4
2104704,48493,42471,9984,13,4
2104836,38275,61091,3598,0,0
2104935,56576,131835,4349,21,2
2105063,69112,142863,2864,17,1
2105155,26470,68971,3984,16,0
2105248,72023,174360,1912,15,0
2105254,73166,74858,9873,19,3
2105380,59104,190477,8035,22,3
2105829,23863,59589,9590,15,0
2105863,36511,9164,1665,20,4
2106084,36662,43683,6188,23,3
2106177,50153,28808,1311,0,0
2106210,25595,119902,7436,22,3
2106342,30382,31044,3548,20,4
2106439,30494,70713,5728,18,2
2106497,51208,89077,9078,19,3
2106624,26047,66269,3788,16,0
2106629,40834,44653,4654,0,0
2106786,36554,116190,3724,12,2
2106884,69772,114591,7103,16,0
2107042,55870,178459,3494,12,2
2107109,21523,79504,9505,19,3
2107200,53183,40886,5895,18,2
2107236,50233,197113,4671,21,2
2107302,37052,43405,5910,17,1
2107395,54643,59502,2008,17,1
2107521,64825,26699,9202,12,2
2107617,22000,16825,1828,15,0
2107617,22000,20624,5629,15,0
2107747,27745,149516,2031,13,4
2107845,33590,267,2768,15,0
2107904,35909,109879,7410,15,0
2108066,20341,100979,6000,21,2
2108098,71983,6102,8603,22,3
2108325,39157,51336,1337,20,4
2108386,35356,156791,6792,22,3
2108550,66781,161254,6287,23,3
2108708,50860,40842,3347,23,3
2108739,60302,96158,8668,16,0
2108772,36478,57686,5202,1,1
2108772,36478,114776,4777,1,1
2108903,60733,127440,7441,20,4
2108961,70114,163443,5960,1,1
2108993,58181,154202,1748,19,3
2109125,60697,126525,6526,21,2
2109345,27811,34887,9894,15,0
2109348,44246,76309,6310,12,2
2109350,38404,169638,7187,15,0
2109572,58685,31630,9140,22,3
2109633,45319,41340,3845,23,3
2109635,59402,31467,8977,16,0
2109701,44002,40703,5712,24,1
2109733,20408,64223,1742,21,2
2109955,24382,24897,4898,12,2
2109987,35837,101098,3609,12,2
2110048,32737,64782,7289,14,0
2110176,25313,168735,6284,14,0
2110179,71911,184741,4742,24,1
2110273,30136,154790,4791,21,2
2110465,57247,8563,6064,1,1
2110465,57247,60849,8368,1,1
2110663,42961,67142,9649,15,0
2110818,40894,104691,9712,13,4
2110918,68786,110881,8415,17,1
2111136,24748,145963,8478,21,2
2111138,52639,160519,8068,23,3
2111234,30515,130952,5979,22,3
2111335,19382,42551,5056,16,0
2111429,60934,21270,3773,21,2
2111491,42349,67485,5004,20,4
2111616,36329,151681,6712,15,0
2111653,53950,134548,2088,14,0
2111751,59230,90450,5469,20,4
2111779,24856,4656,2157,17,1
2112130,64840,141549,9092,1,1
2112741,36589,68644,6163,12,2
2112743,39529,136746,1773,19,3
2112769,20815,15728,5729,18,2
2112775,46447,189463,9464,16,0
2112992,61372,108775,6306,22,3
2112993,54850,111614,1615,20,4
2113094,70873,198775,3814,23,3
2113250,60235,124257,9282,14,0
2113282,43177,119321,4344,1,1
2113285,63124,112372,9906,24,1
2113346,40198,14973,2477,14,0
2113570,56161,106345,3876,18,2
2113570,56161,156847,6848,18,2
2113827,35107,198663,3702,19,3
2113990,54896,33698,3699,0,0
2114085,68452,48615,6128,20,4
2114146,25363,39182,1686,18,2
2114214,40358,82637,7654,18,2
2114374,37150,46039,8544,22,3
2114375,53389,46443,6444,17,1
2114406,54796,69289,9290,16,0
2114435,48200,34045,9052,0,0
2114464,56662,53062,3063,20,4
2114499,64396,93820,8839,12,2
2114658,54178,66421,6422,23,3
2115073,21202,64255,4256,13,4
2115267,21103,180921,3440,23,3
2115363,28324,70453,7975,24,1
2115493,23410,187301,2338,22,3
2115655,44228,62056,2057,1,1
2115939,60889,45002,2515,1,1
2116032,45746,106024,3555,21,2
2116035,33904,1158,8659,15,0
2116164,33851,122169,4682,19,3
2116324,1294,193470,5990,23,3
2116451,63712,59033,1539,12,2
2116515,35681,119763,4786,20,4
2116544,54319,176685,4237,16,0
2116705,39800,124027,4028,13,4
2116707,63271,195053,7573,16,0
2116710,20860,179075,9076,19,3
2116805,1766,4129,9130,15,0
2117380,64892,100472,5493,19,3
2117441,70789,138054,5594,23,3
2117474,25244,186940,1977,23,3
2117506,22813,47154,2163,13,4
2117508,73838,175238,7756,19,3
2117600,42677,136461,6462,23,3
2117632,43382,104647,2178,16,0
2117702,36311,49997,2502,1,1
2118336,1285,3157,3158,19,3
2118406,31516,153028,8059,19,3
2118497,62947,131439,3953,18,2
2118502,34702,71224,8746,19,3
2118532,27649,1921,6922,0,0
2118630,43256,179248,9249,22,3
2119011,42559,193977,3978,15,0
2119012,59587,169832,2349,22,3
2119014,35482,94343,1871,13,4
2119141,58078,141615,6644,13,4
2119232,40175,66118,3637,16,0
2119236,67942,106299,8810,23,3
2119266,36961,138023,3050,15,0
2119526,23626,169417,9418,0,0
2119554,25597,162016,9565,23,3
2119746,30269,106589,1610,18,2
2119747,69019,138960,3987,24,1
2120257,58564,54684,9695,17,1
2120321,43495,144668,2211,16,0
2120353,59881,74396,4397,13,4
2120391,25531,164338,6855,22,3
2120391,25531,169037,6586,22,3
2120519,56731,174337,9372,16,0
2120643,74596,120069,2582,24,1
2120839,53383,6213,6214,23,3
2120839,53383,17406,7407,23,3
2120839,53383,67038,9545,23,3
2120994,27325,25422,2929,13,4
2121252,60515,127122,4659,19,3
2121383,20806,82648,2649,21,2
2121539,51280,143826,3827,0,0
2121701,49903,172333,2334,21,2
2121792,58054,121490,1491,21,2
2121922,74996,12061,2062,12,2
2121959,42259,61505,9024,13,4
2121986,59887,5849,8350,1,1
2122083,60322,7906,7907,15,0
2122213,66289,51464,8980,23,3
2122341,25558,126429,3966,19,3
2122468,59017,78895,8896,18,2
2122661,72001,56876,1887,0,0
2122691,19579,45238,5239,19,3
2122817,36863,108330,8331,20,4
2122850,48697,68239,8240,24,1
2122947,24769,137911,7912,16,0
2122982,49807,116946,9458,12,2
2123270,18964,41630,1631,12,2
2123333,25259,71682,9204,16,0
2123431,74042,51582,1583,14,0
2123557,50356,142126,9669,24,1
2123590,34232,155584,3130,23,3
2123648,35080,9971,2472,14,0
2123652,50968,9458,1959,17,1
2123655,26929,216,5217,23,3
2123812,63125,58193,5709,23,3
2123812,63125,71565,9087,23,3
2124163,45931,121361,8898,0,0
2124167,31625,77096,7097,14,0
2124167,31625,84520,2045,14,0
2124226,44035,44265,6770,17,1
2124256,38041,85777,8286,1,1
2124548,33527,3536,3537,19,3
2124610,33805,135524,5525,14,0
2124738,41626,188482,3519,20,4
2124867,24478,57356,7357,23,3
2124932,67538,10592,3094,21,2
2125057,59821,193063,5583,20,4
2125090,45586,199541,4580,0,0
2125094,21016,166643,1676,18,2
2125217,39353,90841,5860,1,1
2125217,39353,157508,5054,1,1
2125319,65089,86710,4235,14,0
2125348,28421,110363,7897,18,2
2125632,42346,153210,5726,23,3
2126022,37246,98533,6061,18,2
2126119,49858,174790,4791,21,2
2126279,58756,71847,1848,16,0
2126304,46060,89025,1534,20,4
2126369,47749,126553,9066,1,1
2126560,48905,112111,4623,19,3
2126560,48905,144556,9585,19,3
2126566,64088,175501,8019,14,0
2126625,55373,1137,8638,21,2
2126625,55373,158744,6290,21,2
2126727,61657,188662,3699,0,0
2126786,51743,61707,6720,18,2
2126786,51743,183892,3893,18,2
2126790,20915,146057,3600,13,4
2126852,40783,24150,4151,14,0
2126915,30604,70369,2877,16,0
2127299,57511,31605,1606,24,1
2127495,68530,18382,5886,23,3
2127648,44689,154190,4191,21,2
2127811,27454,65339,5340,17,1
2127878,33133,158322,3353,16,0
2127971,22648,84821,7330,17,1
2128000,55327,81723,6740,15,0
2128097,51299,191280,8838,13,4
2128421,31843,178742,8743,18,2
2128577,24635,195267,2825,24,1
2128870,54146,160715,5748,23,3
2129478,42479,101718,9249,22,3
2129506,52453,88187,5712,24,1
2129537,51056,195936,5937,16,0
2129572,39865,94253,1781,14,0
2129575,40138,113246,8269,23,3
2129858,35272,155469,5470,19,3
2129955,32488,129002,6539,18,2
2130211,39803,198924,6482,12,2
2130244,64346,136615,6616,23,3
2130656,39605,26481,6482,12,2
2130690,60907,42051,7060,16,0
2130852,51649,11670,6673,13,4
2131041,18805,2594,5095,17,1
2131138,61288,52081,2082,16,0
2131200,62791,190658,3178,15,0
2131296,72178,21343,3846,21,2
2131428,31730,7004,9505,19,3
2131682,73688,182971,8008,17,1
2131750,49576,87183,7184,1,1
2131877,60266,129971,2484,18,2
2131909,41056,66593,4112,20,4
2131909,41056,120599,8136,20,4
2131971,64699,109331,9332,21,2
2132035,34031,58748,1254,16,0
2132199,21883,128473,6010,19,3
2132256,73441,115340,2874,23,3
2132357,59420,31524,6531,14,0
2132454,43213,124480,2017,1,1
2132480,19321,10440,7944,17,1
2132580,23801,87835,7836,16,0
2132805,55927,182756,7793,17,1
2133062,64643,152141,7172,16,0
2133126,47876,130384,5411,1,1
2133218,72976,188856,1375,18,2
2133347,50690,127222,4759,18,2
2133351,64222,110908,3420,12,2
2133377,44059,116845,9357,19,3
2133570,34282,139522,4549,12,2
2133668,56326,47696,5209,19,3
2133699,53849,12059,4561,15,0
2133732,57598,6582,1583,14,0
2133735,73154,14859,2363,18,2
2133825,45626,160599,8148,0,0
2133959,65449,169010,4043,13,4
2133984,24644,190916,8474,19,3
2134147,39014,2287,9788,13,4
2134213,48871,165448,5449,21,2
2134276,69410,101707,4218,24,1
2134276,69410,107010,4541,24,1
2134310,53011,6068,3569,17,1
2134341,40366,85527,8036,1,1
2134435,59137,48396,8397,1,1
2134564,56027,137093,4633,24,1
2134596,22648,146348,6349,17,1
2134626,64880,91550,6569,20,4
2134791,19522,12470,4972,16,0
2134817,50908,132073,9613,24,1
2134819,25694,159485,7031,1,1
2134944,27998,120794,8331,20,4
2135015,51943,117666,2689,17,1
2135106,61327,89245,4262,16,0
2135266,25546,161983,1984,24,1
2135589,55507,2178,9679,12,2
2136006,72809,175474,3026,19,3
2136006,72809,175575,8093,19,3
2136033,67195,78855,1363,0,0
2136199,53269,188849,3886,24,1
2136358,37807,104895,2426,19,3
2136550,40085,91544,9072,14,0
2136678,72988,71404,6419,14,0
2136839,58078,134474,2014,13,4
2136871,21926,188071,5626,13,4
2137024,56455,63781,1300,23,3
2137445,66259,56110,6111,14,0
2137699,45662,54395,1911,17,1
2137699,45662,96138,6139,17,1
2137733,74071,153995,3996,21,2
2137958,23125,99524,2034,12,2
2137986,57218,112243,2244,15,0
2137991,72023,90986,6005,15,0
2138407,27481,57593,7594,13,4
2138434,38602,98262,3281,13,4
2138502,59300,2481,9982,15,0
2138565,26528,124242,6755,15,0
2138626,22265,14270,4271,18,2
2138722,62776,25278,7781,15,0
2139296,61952,178031,8032,16,0
2139361,26050,83381,8398,20,4
2139586,67450,155266,7782,0,0
2139653,27433,112429,4941,22,3
2139681,40370,21376,6381,20,4
2139686,42608,158877,8878,19,3
2139909,65053,75239,2761,18,2
2139942,35110,89781,4798,1,1
2140071,43327,9561,2062,12,2
2140165,66299,119363,4386,14,0
2140324,63821,59744,9745,16,0
2140486,33469,181205,3724,12,2
2140644,49316,143999,4000,24,1
2140804,45352,180748,5785,14,0
2141094,29878,49715,9716,18,2
2141281,65854,29045,4050,1,1
2141286,32608,129978,7515,15,0
2141414,33394,185138,5139,0,0
2141926,60259,64155,9168,17,1
2141991,37831,142911,2912,12,2
2142053,38801,5128,7629,24,1
2142176,39847,78871,6393,1,1
2142337,29854,174239,9274,23,3
2142404,24301,46386,8891,22,3
2142439,72550,16378,1381,24,1
2142439,72550,30584,5591,24,1
2142468,74926,58057,8058,23,3
2142501,25955,184733,2288,23,3
2142598,22948,122593,7618,22,3
2142886,47899,146058,3601,1,1
2143427,61657,51591,1592,0,0
2143427,61657,126735,9248,0,0
2143490,29854,43730,3731,23,3
2143555,66338,103876,1407,0,0
2143586,21965,100481,5502,17,1
2143716,69430,81458,1459,24,1
2143969,68168,391,5392,0,0
2143969,68168,156602,9118,0,0
2144003,74782,92246,4756,1,1
2144133,27280,135111,7625,23,3
2144259,21433,123477,3478,22,3
2144389,50410,116656,4190,12,2
2144640,28042,29225,6732,22,3
2144770,73481,189118,9119,22,3
2144772,26095,194382,6902,17,1
2144869,73948,25979,8482,12,2
2144932,37271,143577,8606,16,0
2145057,22795,42551,7560,19,3
2145091,36440,46380,1389,24,1
2145415,71119,117885,2908,17,1
2145921,70696,3308,3309,12,2
2145921,70696,171509,4027,12,2
2146625,41366,86171,6172,16,0
2146885,40105,138680,3707,21,2
2147137,51691,87746,2763,13,4
2147362,20219,109827,9828,17,1
2147396,56720,27342,7343,23,3
2147396,56720,68452,5971,23,3
2147553,45316,68134,3147,23,3
2147649,19597,17057,7058,16,0
2147683,26990,68042,3055,18,2
2147683,26990,170848,8400,18,2
2148197,50437,111914,1915,13,4
2148260,22742,190907,8465,14,0
2148324,50245,187338,4893,0,0
2148549,28829,40522,5531,23,3
2148582,64117,162122,2123,14,0
2148801,53548,197281,9801,12,2
2149031,34435,189993,9994,16,0
2149057,62245,107249,2270,21,2
2149094,64768,169558,2075,24,1
2149504,25411,83018,5527,16,0
2149863,47356,37489,7490,23,3
2150084,49912,38592,8593,12,2
2150085,58618,50716,5727,0,0
2150246,44776,152644,5160,15,0
2150343,48692,93896,3897,0,0
2150755,57418,33181,3182,22,3
2150914,30446,181185,3704,24,1
2150978,32509,120128,2641,24,1
2150978,32509,183370,3371,24,1
2150981,70027,198755,8756,19,3
2151238,56908,66725,6726,23,3
2151398,54829,173399,8434,13,4
2151494,35366,66211,6212,22,3
2151557,52559,195490,8010,13,4
2151650,50755,53249,5755,20,4
2151718,60322,83781,8798,15,0
2152033,36496,108546,6077,24,1
2152164,66619,142284,9827,23,3
2152423,30418,195933,8453,1,1
2152899,58951,152451,2452,20,4
2153063,35029,37018,9522,18,2
2153092,63883,162767,5284,15,0
2153185,73003,143052,3053,23,3
2153379,25586,140994,3509,24,1
2153479,56392,62392,9911,0,0
2153540,50065,94445,1973,0,0
2153667,53158,4185,6686,16,0
2153792,62524,5309,7810,20,4
2153859,32458,74407,1929,22,3
2154214,57922,17024,2027,13,4
2154278,55609,46976,9481,16,0
2154278,55609,198406,8407,16,0
2154400,65164,88335,3352,19,3
2154528,55982,10144,5147,15,0
2154628,47308,123105,8130,15,0
2154756,47737,120084,7621,21,2
2154790,1615,49143,6656,18,2
2154977,39779,32467,2468,22,3
2155040,20240,77420,7421,19,3
2155140,46793,166724,6725,15,0
2155522,27727,139332,4359,1,1
2155525,54622,162455,4972,16,0
2155590,51790,137208,2235,14,0
2155746,21761,47087,4600,12,2
2155779,74134,8581,6082,23,3
2155779,74134,59715,7231,23,3
2156128,19957,92920,2921,0,0
2156132,26752,190439,7997,17,1
2156194,70036,142990,8019,14,0
2156261,43495,194209,1767,16,0
2156293,63166,150197,7743,15,0
2156421,55981,28825,6332,19,3
2156545,67481,96692,6693,20,4
2156834,60412,6578,4079,16,0
2157026,37766,181595,1596,1,1
2157127,50779,31829,9339,23,3
2157666,48304,102757,2758,14,0
2157670,71578,120047,5072,19,3
2157702,35045,47403,7404,17,1
2157984,40216,38785,3792,12,2
2158050,32168,17801,2804,16,0
2158087,29830,14011,6513,22,3
2158243,67474,132594,7621,21,2
2158374,70489,47219,9724,0,0
2158433,69598,60075,7594,13,4
2159073,67034,107730,2751,13,4
2159265,54451,54147,9158,22,3
2159589,21095,94963,9982,15,0
2159811,44905,148329,3358,0,0
2160162,45601,137066,2093,19,3
2160224,35707,166289,6290,21,2
2160353,60136,145380,2923,15,0
2160358,26051,93039,8058,23,3
2160452,62071,119692,4715,0,0
2160705,23906,108169,5700,18,2
2160965,51076,64553,2072,0,0
2161156,39673,38931,1435,20,4
2161408,26143,86038,6039,1,1
2161633,50581,36610,4120,0,0
2161670,24265,16088,8590,24,1
2161957,57481,149982,5011,1,1
2161959,63556,193022,8061,17,1
2161984,19064,3609,3610,22,3
2161984,19064,194646,7166,22,3
2162017,23701,178824,1342,0,0
2162021,21343,3638,8639,17,1
2162117,34316,168464,6013,20,4
2162245,45707,9940,7441,20,4
2162245,45707,194932,2490,20,4
2162433,19690,34560,4561,15,0
2162599,69820,89532,7057,0,0
2162944,59767,121200,6225,18,2
2163106,66325,31214,3718,0,0
2163109,65450,192564,5084,18,2
2163143,61652,50381,7897,18,2
2163203,20128,44313,4314,19,3
2163396,68869,17387,2390,18,2
2163397,66653,95768,5769,12,2
2163397,66653,95966,3494,12,2
2163556,34730,6383,8884,13,4
2163590,49192,86406,3931,0,0
2163654,26533,132685,7712,21,2
2163782,71282,5309,7810,20,4
2163841,72841,47134,4647,19,3
2163841,72841,166559,9076,19,3
2163873,24350,104954,9975,17,1
2163904,49240,181700,1701,15,0
2163968,65311,11735,9239,24,1
2164003,31846,102442,2443,16,0
2164005,23428,61293,6306,22,3
2164039,67334,99956,9957,23,3
2164039,67334,108675,8676,23,3
2164133,64124,28628,3633,24,1
2164133,64124,69164,9165,24,1
2164354,25424,84056,6565,24,1
2164678,20860,183454,3455,19,3
2164833,39172,32061,4565,13,4
2165187,21883,159053,6599,19,3
2165507,50159,153957,6473,22,3
2165574,25298,130093,2607,13,4
2166050,22429,153367,5883,1,1
2166208,74551,50476,7992,16,0
2166340,21148,194273,9312,1,1
2166564,29672,9149,6650,22,3
2166727,74104,74646,2168,12,2
2166855,59323,75072,7580,17,1
2166946,52834,124102,4103,24,1
2167077,63589,89203,9204,16,0
2167141,36209,70556,3064,22,3
2167456,35509,182126,4645,18,2
2167461,35632,33330,5834,23,3
2167490,57871,3531,3532,23,3
2167494,39472,114634,2168,12,2
2167780,55336,86560,6561,20,4
2167847,34060,79014,6536,22,3
2167969,39473,175983,5984,13,4
2168097,37294,65554,3073,24,1
2168097,37294,95037,5038,24,1
2168326,45451,186907,4462,19,3
2168357,49093,110440,5463,16,0
2168385,21313,73981,6489,21,2
2168421,57262,61888,1889,19,3
2168545,34309,59096,4107,18,2
2168935,25420,28864,3869,18,2
2168963,31726,78054,5576,0,0
2168995,73444,83316,3317,19,3
2169089,73087,118863,1375,18,2
2169191,74116,141282,6311,22,3
2169539,35920,34990,9997,15,0
2169543,56764,88785,6310,12,2
2169600,30358,170275,5310,16,0
2169639,55033,22466,2467,16,0
2169958,66868,113111,8134,20,4
2169990,57664,93667,3668,17,1
2170145,35875,127483,2508,12,2
2170145,35875,132834,5348,12,2
2170372,74344,76489,8997,21,2
2171012,64928,42337,9850,20,4
2171043,30748,175132,2684,20,4
2171265,41918,182683,5202,1,1
2171424,36872,113970,1504,24,1
2171555,66991,4596,7097,14,0
2172068,55564,155667,8183,22,3
2172133,49268,187048,4603,23,3
2172352,53560,18004,3007,15,0
2172455,46918,107376,4907,22,3
2172773,31348,3936,8937,13,4
2172773,31348,135304,5305,13,4
2172773,31348,182302,7339,13,4
2172898,42766,184684,7203,22,3
2172929,40366,112181,7204,1,1
2173028,74014,120965,5990,23,3
2173317,43693,194903,9942,12,2
2173477,32326,79846,4861,22,3
2173508,58181,145096,7611,19,3
2173639,64643,11518,1519,16,0
2173924,26341,148085,3114,22,3
2174086,27940,50771,8287,17,1
2174086,27940,104480,4481,17,1
2174086,27940,126138,6139,17,1
2174182,51391,98839,1349,22,3
2174247,30190,94607,4608,19,3
2174691,73844,46416,3929,14,0
2174724,37852,101964,4475,19,3
2174817,28921,37315,9819,24,1
2174818,63884,44939,2452,20,4
2174913,25783,111535,4047,0,0
2175011,31124,64873,2392,22,3
2175012,48083,153038,3039,21,2
2175237,61078,83809,1334,15,0
2175392,38596,29482,6989,16,0
2175552,60466,80151,7676,0,0
2175557,55513,42378,2379,17,1
2175584,50984,16596,6597,0,0
2175719,20158,143441,5956,21,2
2175744,74540,9770,2271,24,1
2175781,71737,179797,7349,1,1
2175811,51926,81259,3768,19,3
2175811,51926,139070,9071,19,3
2176194,49189,46453,8958,21,2
2176451,30578,165519,5520,22,3
2176485,23500,43711,3712,22,3
2176519,36583,117301,7302,18,2
2176706,42538,37726,2733,1,1
2176770,74044,19382,4385,1,1
2176802,29218,151052,8598,14,0
2177092,21916,2020,4521,24,1
2177441,30947,40218,7731,22,3
2177606,61453,112064,7087,15,0
2177698,28439,74243,1765,19,3
2177701,29459,8370,3371,24,1
2177731,36172,154901,2447,0,0
2177893,28924,138496,6036,15,0
2177925,55543,9938,9939,18,2
2178084,38179,180474,2993,20,4
2178086,33143,175294,2846,20,4
2178146,65359,155091,5092,22,3
2178343,43033,86715,6716,13,4
2178407,43243,141188,3703,15,0
2178821,21301,193917,8956,22,3
2179109,30260,62450,9969,12,2
2179653,27446,133510,3511,17,1
2179744,50644,110357,2869,20,4
2179878,49873,43025,8034,22,3
2180035,40339,157259,9775,18,2
2180066,30218,7580,2581,14,0
2180098,41777,67560,2573,13,4
2180263,68476,149074,1589,17,1
2180325,27790,87182,2199,1,1
2180646,25108,49493,7006,22,3
2180801,29731,84822,4823,0,0
2180835,63898,148988,1503,24,1
2181254,64154,131953,1954,24,1
2181537,25753,53214,5720,20,4
2181701,54664,106868,6869,12,2
2181796,54175,85324,2849,17,1
2182018,61027,13215,5717,18,2
2182084,33025,23959,1466,18,2
2182757,57445,67081,4600,12,2
2182788,41908,109859,2370,20,4
2182884,68257,77676,5198,19,3
2183105,61048,116072,8584,23,3
2183365,39802,25337,5338,22,3
2183392,34642,192821,5341,1,1
2183393,68476,5983,3484,17,1
2183426,34726,183586,3587,23,3
2183559,56540,69512,4525,18,2
2183559,56540,72113,2114,18,2
2183623,20329,123324,8349,21,2
2183685,62575,42614,7623,0,0
2183844,44956,174765,9800,13,4
2183879,43564,4081,6582,12,2
2184097,32453,38296,8297,14,0
2184226,68725,89259,4276,16,0
2184678,24859,53888,8899,16,0
2184838,26758,165859,5860,1,1
2185059,44644,109178,9179,20,4
2185127,74474,191098,3618,20,4
2185250,35471,100690,5711,14,0
2185447,28108,36867,1874,16,0
2185511,20335,55716,5717,18,2
2185542,53623,37867,2874,23,3
2185542,53623,189852,2371,23,3
2185607,66925,184302,1857,12,2
2185635,33566,89928,9929,0,0
2185698,19337,80018,7543,23,3
2185956,25298,197454,7455,13,4
2185958,38170,145030,7545,17,1
2186048,1366,92683,5193,20,4
2186146,72728,100502,5523,23,3
2186595,20564,189463,9464,16,0
2186624,64564,94491,9510,15,0
2186689,62083,123343,5856,15,0
2186724,44917,103989,3990,22,3
2186950,60802,11888,4390,0,0
2187142,25255,73549,6057,23,3
2187329,25624,160324,5357,13,4
2187524,64709,52022,7033,15,0
2187585,49765,61379,1380,17,1
2187687,65116,199577,4616,16,0
2187780,29941,13100,3101,20,4
2187941,60448,158525,6071,18,2
2188071,68191,66886,4405,0,0
2188290,22015,66086,3605,22,3
2188325,27076,73037,3038,21,2
2188353,56992,149247,6790,13,4
2188359,72433,181599,4118,23,3
2188385,20270,33150,5654,15,0
2188388,21734,33645,6149,19,3
2188388,21734,151525,9071,19,3
2188519,39773,39391,9392,21,2
2188519,39773,65395,2914,21,2
2188580,18931,106797,4328,21,2
2188899,19763,38430,5940,21,2
2188899,19763,94401,4402,21,2
2188992,35324,165568,5569,18,2
2189253,74941,114425,1959,17,1
2190081,19087,30984,5991,13,4
2190119,47449,188740,8741,16,0
2190246,50866,35062,5063,24,1
2190309,34360,155131,5132,1,1
2190405,43321,96725,1744,19,3
2190502,25957,191494,6533,22,3
2190656,43357,63314,3315,13,4
2190656,43357,109550,7081,13,4
2190787,68021,109021,9022,13,4
2191012,67120,178154,5706,17,1
2191142,34204,215,7716,13,4
2191203,65474,106859,6860,0,0
2191236,30053,142246,9789,22,3
2191330,58081,130229,7769,19,3
2191392,51871,34069,6573,21,2
2191491,49381,71346,1347,20,4
2191523,40814,45083,2596,20,4
2191619,25645,53335,8346,17,1
2191713,69539,3884,6385,17,1
2191713,69539,195701,8221,17,1
2191745,26323,85120,2645,12,2
2191776,56386,105826,5827,22,3
2191815,28652,104787,9808,18,2
2191874,49915,80608,5625,14,0
2192096,38363,162824,5341,1,1
2192423,47596,166599,1632,14,0
2192576,27781,163609,3610,22,3
2192896,35665,193113,3114,22,3
2192965,24926,107904,5435,20,4
2193251,23239,88232,8233,12,2
2193440,73694,144190,6705,20,4
2193667,35125,61538,6551,0,0
2193792,38635,19956,9957,23,3
2194017,29584,128976,6513,22,3
2194048,71704,95985,5986,13,4
2194311,49721,29264,9265,0,0
2194371,64073,32301,4805,24,1
2194785,71029,36136,8640,23,3
2195079,71101,184075,6594,1,1
2195140,34327,46106,3619,23,3
2195265,28849,30098,5105,12,2
2195299,1462,43052,8061,17,1
2195299,1462,180485,5522,17,1
2195362,62461,49628,2133,23,3
2195425,71140,56867,4383,23,3
2195585,44770,188052,5607,19,3
2195842,37555,179398,4433,24,1
2196197,38897,153719,6235,19,3
2196386,28148,64992,2511,17,1
2196645,59639,90488,8016,1,1
2196710,40607,91854,9382,18,2
2196833,63208,13910,8913,20,4
2196864,69146,136608,4148,17,1
2196965,26941,160418,2935,16,0
2196999,59335,187021,2058,1,1
2197059,29383,83216,8233,12,2
2197185,74035,29267,6774,18,2
2197280,28592,112682,7705,17,1
2198019,24827,128911,8912,17,1
2198021,21862,59899,2405,21,2
2198116,70037,78809,3824,0,0
2198370,23878,174821,4822,17,1
2198688,73897,173929,6447,24,1
2198695,28837,39127,6637,23,3
2198722,72367,168386,8387,22,3
2198758,47824,69844,2351,12,2
2198816,36850,97386,2405,21,2
2198979,58441,37230,2237,14,0
2199136,57136,41949,4454,17,1
2199202,23977,20406,2909,17,1
2199204,44035,36557,6558,17,1
2199392,35681,132409,2410,20,4
2199559,59113,144749,7264,16,0
2200038,62155,4638,7139,0,0
2200130,28399,5732,8233,12,2
2200294,34690,120611,3124,15,0
2200391,44320,184321,1876,18,2
2200705,32515,54713,9724,0,0
2200837,67108,70348,5363,15,0
2201028,68341,141485,1486,19,3
2201056,69284,24335,1842,16,0
2201058,61693,191549,9107,19,3
2201253,1261,93204,3205,20,4
2201349,55828,12133,2134,14,0
2201665,55361,64091,6598,20,4
2201671,26807,58289,3300,13,4
2201767,55492,161546,6579,21,2
2201799,19895,4213,6714,1,1
2201824,24167,182521,2522,16,0
2201831,68296,51367,6378,20,4
2202048,65155,18775,3778,18,2
2202052,49970,56352,1363,0,0
2202054,42946,107204,2225,20,4
2202083,51694,184219,4220,21,2
2202145,30484,24301,6804,19,3
2202211,67081,134856,9883,23,3
2202436,61045,123095,8120,24,1
2202564,50198,52106,2107,1,1
2202564,50198,165877,3426,1,1
2202627,67267,111789,1790,15,0
2202658,39517,127813,2838,17,1
2202692,63400,65041,5042,20,4
2202855,62737,26611,1616,14,0
2202919,70786,128665,6202,13,4
2203108,21335,181440,8995,23,3
2203171,48475,147928,5471,19,3
2203201,74515,67477,7478,23,3
2203203,41242,142026,7055,15,0
2203265,51620,175793,5794,13,4
2203330,30683,161503,4020,19,3
2203366,34726,180383,2902,23,3
2203366,34726,194478,9517,23,3
2203431,71594,55296,2812,21,2
2203715,52948,146715,9230,18,2
2203777,52565,4420,9421,15,0
2203842,42515,142389,4904,16,0
2204098,29219,106463,6464,14,0
2204225,68345,80598,8123,13,4
2204326,67045,34427,9434,18,2
2204388,34907,115765,5766,13,4
2204518,44410,199298,6856,18,2
2204675,28768,85996,3521,20,4
2204676,21397,108159,3180,0,0
2204736,40297,172238,4756,1,1
2204832,47227,173854,8889,24,1
2204834,27967,185628,8147,20,4
2204867,43456,186333,1370,22,3
2205250,41146,17736,5240,21,2
2205409,59278,132197,9737,1,1
2205442,36838,47605,2614,18,2
2205444,21367,116226,8738,0,0
2206016,48397,6390,8891,22,3
2206054,19796,152284,4800,0,0
2206087,38389,48556,8557,17,1
2206114,38827,45348,7853,0,0
2206433,1492,10617,3119,1,1
2206694,20506,98231,3250,24,1
2206914,49262,107063,9574,0,0
2207175,71233,90968,3478,22,3
2207302,61093,8613,3614,23,3
2207366,54592,48276,3285,14,0
2207396,54254,117908,5442,0,0
2207591,60014,177833,2868,16,0
2207684,44923,154858,9889,15,0
2208102,72637,1525,1526,22,3
2208485,57830,46829,1838,24,1
2208485,57830,181875,6912,24,1
2208867,27689,62221,2222,14,0
2208867,27689,199506,2026,14,0
2209187,45442,20312,7819,22,3
2209541,62845,55542,5543,12,2
2209698,30683,144883,2426,19,3
2209856,28394,142364,4879,15,0
2209857,59368,70243,5258,14,0
2210018,51929,187725,2762,1,1
2210272,34741,57481,7482,14,0
2210370,50479,145762,8277,18,2
2210563,45439,124795,9820,21,2
2210563,45439,153673,8704,21,2
2210754,33302,188498,8499,12,2
2210855,63901,105339,2870,17,1
2211044,70045,159849,2365,15,0
2211488,42991,7784,2785,14,0
2211553,43700,166708,1741,12,2
2211554,61741,64475,4476,19,3
2211591,61226,83382,5891,15,0
2211809,41119,137499,2526,22,3
2211875,29375,125089,5090,24,1
2211875,29375,155056,2602,24,1
2211941,21404,147962,7963,16,0
2211974,1660,13093,3094,21,2
2212228,52921,159380,4411,23,3
2212544,36776,135348,7862,17,1
2212675,40121,65770,8277,18,2
2212708,34388,55009,7515,15,0
2212871,37216,92636,2637,17,1
2213155,74944,178608,3643,18,2
2213376,19792,106252,6253,20,4
2213479,73417,142711,5226,23,3
2213824,63821,122707,5220,16,0
2213824,63821,133392,3393,16,0
2213925,61288,41873,1874,16,0
2214405,53353,29633,7140,1,1
2214501,72778,51063,3569,17,1
2214628,21664,36187,6188,23,3
2214690,21313,41502,4007,21,2
2214816,73607,85252,2777,13,4
2214918,56288,64191,6698,14,0
2215137,66973,119602,2114,18,2
2215237,63523,58042,3053,23,3
2215299,42868,187317,2354,14,0
2215334,30433,86190,3715,13,4
2215363,55580,38952,8953,22,3
2215363,55580,106506,6507,22,3
2215363,55580,167865,5414,22,3
2215363,55580,183126,8163,22,3
2215460,25543,144138,6653,12,2
2215463,71065,165946,8463,23,3
2215587,33817,1531,1532,12,2
2215655,43946,77171,9679,12,2
2215655,43946,129385,4410,12,2
2215681,34849,159776,4807,15,0
2216806,74354,69323,1830,12,2
2216902,49987,42620,7629,24,1
2216931,61951,66400,1413,24,1
2217089,70423,109710,4731,12,2
2217281,50734,58843,6359,21,2
2217281,50734,171894,1895,21,2
2217377,38203,53168,5674,17,1
2217538,30191,146206,6207,24,1
2217538,30191,148022,3051,24,1
2217573,22027,28552,3557,16,0
2217861,26590,148347,3376,23,3
2218471,62242,175486,3038,21,2
2218791,55096,19678,9679,12,2
2219008,31148,54212,4213,1,1
2219366,68494,199034,1554,12,2
2219617,41593,78155,5677,21,2
2220034,45344,162168,9717,13,4
2220260,56735,81491,1492,24,1
2220321,40630,95112,5113,0,0
2220358,58897,163110,3111,24,1
2220388,40649,58868,6384,20,4
2220423,27389,177657,5209,19,3
2220480,26734,157826,7827,12,2
2220512,46528,186630,6631,14,0
2220514,39535,134127,1667,22,3
2220582,39235,119914,2426,19,3
2220994,22801,16378,3882,24,1
2221093,30208,30637,5644,1,1
2221191,36823,47071,9576,12,2
2221250,55672,37207,7208,15,0
2221349,31352,110499,5522,17,1
2221378,49589,167304,2337,17,1
2221412,58330,141360,1361,15,0
2221412,58330,147852,2881,15,0
2221443,46699,105192,2723,23,3
2221831,56287,109512,7043,23,3
2221959,21455,64932,4933,16,0
2221987,72031,68732,3745,22,3
2221989,35485,67060,7061,20,4
2222087,69649,171649,1650,18,2
2222151,31474,123401,3402,0,0
2222277,26353,106866,9377,13,4
2222368,60494,197963,5521,1,1
2222374,69421,71203,6218,16,0
2222624,68671,69944,2451,16,0
2222626,47443,82900,2901,19,3
2222722,35410,15201,7703,24,1
2222850,23998,11430,3932,23,3
2222886,59858,179624,7176,0,0
2223041,25142,93551,3552,17,1
2223300,1531,27317,9820,21,2
2223557,40757,118526,8527,20,4
2223619,29402,46503,9008,15,0
2223622,56179,190342,5381,14,0
2223654,61645,98328,8329,0,0
2223682,58900,38081,3088,24,1
2224263,61459,12233,9737,1,1
2224417,22279,193999,6519,19,3
2224550,45905,49543,2048,0,0
2224550,45905,72391,9913,0,0
2224678,74120,119910,7444,22,3
2224770,37504,147113,7114,21,2
2225059,52159,88163,3180,0,0
2225412,59344,173795,6313,12,2
2225637,55957,30833,3337,15,0
2225703,48862,34753,2263,18,2
2225824,38783,159004,6550,16,0
2226023,62776,104910,2441,15,0
2226113,74245,47183,9688,17,1
2226145,31841,164806,9839,18,2
2226306,69982,161928,1929,22,3
2226561,32840,83633,3634,22,3
2226689,73469,107151,2172,13,4
2227046,41708,78978,1486,19,3
2227201,60154,72180,7195,23,3
2227234,44597,130871,5898,15,0
2227234,44597,136277,8791,15,0
2227239,53530,31761,6768,0,0
2227587,31528,4837,9838,18,2
2227587,31528,147081,7082,18,2
2227812,41684,96717,4245,0,0
2227845,63449,88993,8994,14,0
2227845,63449,93903,8922,14,0
2228070,72097,157054,2085,12,2
2228263,60187,124841,7354,14,0
2228387,42146,155339,5340,17,1
2228480,72389,63677,8690,19,3
2228902,48068,150052,5083,18,2
2228932,64387,160021,5054,1,1
2228962,40975,87241,2258,0,0
2229155,38866,119409,1921,22,3
2229378,22306,125205,2742,18,2
2229540,49282,105656,3187,15,0
2229703,26720,191498,6537,20,4
2229827,56387,50450,7966,21,2
2229957,69325,117366,9878,16,0
2230051,53627,118448,5982,23,3
2230503,73234,157259,4805,24,1
2230788,32717,38349,5859,22,3
2230788,32717,131198,3712,22,3
2230818,33016,174983,7501,13,4
2230851,68501,69795,4808,14,0
2230854,49334,109460,6991,13,4
2230915,22192,193285,5805,14,0
2231008,65095,45822,8327,15,0
2231139,50293,32041,2042,19,3
2231426,50452,166523,6524,19,3
2231843,61408,24755,4756,1,1
2232132,70684,102516,5027,0,0
2232452,31432,190933,3453,1,1
2232646,73736,86613,6614,15,0
2232929,39550,125731,8244,12,2
2232930,39859,113976,8999,18,2
2233313,73529,169909,2426,19,3
2233479,62743,107378,7379,12,2
2233729,54448,39435,9436,20,4
2233862,22555,89085,6610,24,1
2234018,37301,78031,3046,17,1
2234466,62521,105127,5128,16,0
2234501,67097,92889,7908,21,2
2234852,56887,160860,5893,24,1
2234885,52984,38333,8334,22,3
2234945,35417,93060,5570,16,0
2234946,43282,15127,5128,16,0
2235077,39127,15660,5661,21,2
2235169,65617,16807,4311,22,3
2235169,65617,104213,9234,22,3
2235175,26761,19840,9841,1,1
2235234,35653,103465,5976,22,3
2235367,51113,122896,5409,22,3
2235426,40714,50671,8187,18,2
2235491,47930,106418,6419,14,0
2235492,50557,54778,2294,22,3
2235781,22525,60716,5729,18,2
2235905,21826,178285,5837,23,3
2235905,21826,178782,1300,23,3
2236065,70373,88414,3431,22,3
2236160,40438,39249,1753,23,3
2236197,28636,120918,8455,18,2
2236320,54202,73277,3278,0,0
2236544,35204,16015,3519,20,4
2236551,61402,187468,9987,12,2
2236581,54382,58643,3654,14,0
2236583,21121,133484,8511,22,3
2236612,71960,141879,4394,16,0
2236645,26428,118971,6505,20,4
2236647,56843,26906,6907,0,0
2236736,55817,78219,8220,13,4
2236866,46789,120843,5868,16,0
2236931,51994,129754,4779,15,0
2237089,29296,151802,6833,18,2
2237091,73681,115324,7836,16,0
2237156,63431,165719,3268,18,2
2237281,19027,123502,6015,18,2
2237669,74108,139871,4898,12,2
2237669,74108,179113,1631,12,2
2237731,66467,76709,1724,20,4
2237827,53186,184081,9118,0,0
2237890,67921,195206,7726,13,4
2237891,47084,56944,4460,22,3
2237955,23941,79219,6741,16,0
2238210,28573,138742,8743,18,2
2238211,69901,61767,9286,18,2
2238246,64255,42308,2309,16,0
2238402,22295,23662,8667,18,2
2238498,57109,153087,5603,0,0
2238596,62068,67268,4787,24,1
2238626,32305,99159,1669,16,0
2238628,37522,81410,8935,22,3
2238628,37522,174948,7466,22,3
2239105,38098,175668,3220,20,4
2239297,38686,195634,5635,16,0
2239750,31801,66201,6202,13,4
2240099,1306,183556,8593,12,2
2240231,19792,93289,5799,20,4
2240420,55625,156218,6219,12,2
2240422,45901,140002,7545,17,1
2240644,59431,76831,6832,24,1
2240775,41165,123870,3871,0,0
2240800,57316,149967,7510,1,1
2241187,26419,32125,4629,18,2
2241252,55168,104337,9358,0,0
2241314,51062,61940,4447,0,0
2241472,68317,69713,9714,0,0
2241664,21997,189041,4078,0,0
2241670,30532,185959,8478,21,2
2241701,45362,116130,3664,18,2
2241733,29653,70812,3320,14,0
2241921,19694,82425,2426,19,3
2241921,19694,188267,8268,19,3
2241953,60896,34791,2301,20,4
2241953,60896,149895,9896,20,4
2241957,62371,177133,4685,17,1
2241958,55931,9950,9951,17,1
2242306,64954,148296,8297,14,0
2242464,48121,42360,9873,19,3
2242499,42749,183991,9028,14,0
2242821,22420,187375,4930,0,0
2243013,65206,148129,8130,15,0
2243041,25793,162142,7175,17,1
2243237,21001,101051,3562,16,0
2243648,27979,43430,3431,22,3
2243719,20350,139636,7176,0,0
2243877,72643,19469,1971,14,0
2243878,59389,96859,6860,0,0
2244163,47134,124267,4268,15,0
2244228,54502,33425,3426,1,1
2244580,70201,101408,6429,18,2
2244934,41477,56872,6873,17,1
2245221,57058,24739,9744,24,1
2245763,62018,22380,4883,17,1
2245765,55444,143304,5819,17,1
2245955,32108,35482,2992,23,3
2246304,58207,133695,3696,16,0
2246498,61826,63568,6075,24,1
2246533,58073,197501,5059,1,1
2246725,72637,17357,4861,22,3
2246917,58483,113150,3151,17,1
2247015,39089,5950,8451,17,1
2247041,42619,147165,4708,24,1
2247107,59503,162639,7672,15,0
2247141,18818,192237,9795,13,4
2247330,19111,58456,5972,1,1
2247456,42859,69728,4741,24,1
2247651,41740,10259,7763,15,0
2247681,54547,125044,2581,14,0
2247749,29491,108175,5706,17,1
2247936,49912,110152,5175,12,2
2248006,67966,165352,2901,19,3
2248037,69605,40978,3483,1,1
2248103,25144,189913,9914,1,1
2248128,31525,103553,8574,13,4
2248128,31525,178439,5991,13,4
2248230,26153,67979,5498,13,4
2248323,71293,153292,5808,20,4
2248517,50609,67167,2180,15,0
2248711,51931,63681,6188,23,3
2248802,53311,188421,5976,22,3
2248805,48943,63576,8589,0,0
2248805,48943,91742,9270,0,0
2248932,58028,149609,2124,22,3
2249092,25699,185887,3442,0,0
2249191,74327,178038,3073,24,1
2249254,66325,111364,8898,0,0
2249317,26407,144332,9361,17,1
2249542,37907,140098,7641,17,1
2249697,51088,147490,2519,1,1
2249767,54740,183066,8103,16,0
2249825,19408,174179,9214,24,1
2249862,62461,10883,5886,23,3
2249921,24434,43073,8082,0,0
2249921,24434,134728,9755,0,0
2250023,39962,24263,9268,20,4
2250080,38794,5305,2806,23,3
2250082,52331,61803,9322,22,3
2250369,21460,124710,9735,15,0
2250496,68710,46364,8869,22,3
2250818,26854,154748,2294,22,3
2250853,40144,141391,8934,17,1
2251041,28565,86808,6809,22,3
2251041,28565,113923,8946,22,3
2251172,53893,73263,3264,14,0
2251173,65575,117597,5131,15,0
2251232,36382,83782,3783,15,0
2251297,29132,113377,3378,24,1
2251297,29132,134064,6578,24,1
2251301,20594,1286,6287,23,3
2251719,73883,23545,8550,1,1
2251873,48406,88912,6437,23,3
2251907,26503,156407,8923,19,3
2252131,34681,169767,4800,0,0
2252134,37282,174155,6673,13,4
2252385,47335,18939,6443,19,3
2252449,58498,116876,4410,12,2
2252484,30467,81621,4130,14,0
2252897,46282,26668,9171,12,2
2253219,27949,26420,8923,19,3
2253508,40762,49115,1620,24,1
2253698,49808,127577,7578,19,3
2253827,40684,163276,3277,21,2
2253828,67625,83261,8278,13,4
2253830,46424,10289,7793,17,1
2253988,68671,118059,8060,16,0
2253989,32642,177496,7497,20,4
2254052,22669,159048,4079,16,0
2254080,39254,113632,8655,14,0
2254085,71962,171442,1443,15,0
2254116,34385,25572,3079,19,3
2254242,29830,81813,6830,22,3
2254340,44678,53590,8601,18,2
2254402,28255,185517,8036,1,1
2254405,60062,71276,1277,0,0
2254432,53632,156737,1768,22,3
2254465,65080,13994,8997,21,2
2254469,35857,91733,4243,15,0
2254848,74257,178746,6298,23,3
2254883,44671,34943,7447,13,4
2254886,60973,166949,1982,14,0
2255140,48004,19396,6900,15,0
2255463,49762,151446,3962,18,2
2255555,57574,173621,8656,18,2
2255780,27560,56696,9202,12,2
2255841,40501,163821,8854,22,3
2255968,22654,29364,1867,22,3
2256132,33227,68837,1344,21,2
2256451,60560,139890,4917,17,1
2256838,67816,143484,3485,14,0
2256864,71345,22795,2796,20,4
2256931,39073,63973,8986,23,3
2257063,34094,175818,5819,17,1
2257190,63922,25433,5434,19,3
2257347,47335,149129,4158,19,3
2257411,45661,156420,1451,16,0
2257415,66950,133018,5532,1,1
2257539,51815,42215,2216,12,2
2257600,31102,160570,5603,0,0
2257637,29959,181809,1810,1,1
2257667,30695,138381,8382,16,0
2257858,47503,44892,4893,0,0
2257860,55724,125988,3525,18,2
2258019,60692,66445,3964,16,0
2258055,49103,102203,4714,21,2
2258150,35809,193982,6502,17,1
2258278,61289,145815,5816,15,0
2258307,25808,82698,7715,21,2
2258340,40984,15735,3239,23,3
2258343,40840,159181,9182,21,2
2258823,55516,47379,7380,1,1
2259297,49334,196663,6664,13,4
2259776,63532,35160,2670,18,2
2259842,1561,181670,6707,13,4
2260037,40429,187154,2191,14,0
2260064,62662,138492,8493,15,0
2260099,67052,99295,6823,13,4
2260162,74656,7009,9510,15,0
2260390,60466,28746,8747,0,0
2260770,43645,180906,8461,16,0
2260832,37459,189860,2379,17,1
2260864,40340,47904,2913,14,0
2260929,45832,49491,9492,17,1
2261127,46091,104623,4624,17,1
2261188,67990,25944,3451,16,0
2261314,42979,22831,5334,16,0
2261472,60149,8398,3399,16,0
2261795,59944,186498,4053,1,1
2261923,36760,171194,3712,22,3
2262338,23677,169281,9282,14,0
2262407,51814,132419,9959,23,3
2262435,62716,70885,3393,16,0
2262592,49549,86556,6557,12,2
2262791,56941,128281,8282,1,1
2262915,22487,35017,2527,13,4
2262915,22487,126889,1914,13,4
2262977,49864,36456,3966,19,3
2263012,55519,26386,3893,18,2
2263616,35842,91533,1534,20,4
2263750,55721,23609,3610,22,3
2263841,28232,33651,8658,12,2
2263842,31396,54458,4459,13,4
2263942,68455,43332,3333,24,1
2264131,41707,141386,3901,12,2
2264163,64150,9928,2429,1,1
2264231,38377,16815,6816,0,0
2264261,23737,139789,4816,13,4
2264326,71297,187324,4879,15,0
2264391,52507,56410,8916,18,2
2265379,24604,149763,9764,17,1
2265766,50804,73620,6128,20,4
2265830,21067,52684,7695,24,1
2265891,18781,169754,9755,0,0
2265894,59834,129134,1647,1,1
2265894,59834,152368,9914,1,1
2266084,23527,189558,9559,15,0
2266215,33163,89640,7165,0,0
2266215,33163,104769,4770,0,0
2266272,70456,24530,9535,21,2
2266592,26702,139190,9191,13,4
2266629,47356,168894,3927,23,3
2266688,25526,1438,1439,20,4
2266722,57310,94192,1720,0,0
2267171,37969,77631,5153,23,3
2267456,24142,80166,2675,19,3
2267586,25436,122048,9585,19,3
2268002,40577,114987,4988,14,0
2268193,30223,175070,5071,12,2
2268613,34762,177042,7043,23,3
2268896,65023,29175,1678,16,0
2269186,69770,89581,2090,13,4
2269248,54980,114341,1875,12,2
2269411,47536,148798,8799,24,1
2269412,35369,100889,5910,17,1
2269412,35369,166748,6749,17,1
2269415,43216,78795,1303,12,2
2269506,64750,76490,1505,18,2
2269542,33080,166869,9386,13,4
2269634,43387,127371,2396,22,3
2269730,60973,136785,9299,14,0
2269733,55955,192891,7930,18,2
2269765,49169,170080,7632,21,2
2269792,71056,103237,5748,23,3
2269891,29915,160430,5463,16,0
2269959,51298,116482,1505,18,2
2270018,62155,149417,9418,0,0
2270080,55651,33136,5640,15,0
2270085,28919,123851,8876,20,4
2270244,30989,8773,1274,20,4
2270564,34469,185089,2644,18,2
2270592,67723,192111,2112,19,3
2270592,67723,192199,2200,19,3
2270688,36461,72121,4629,18,2
2270789,62158,59439,6955,12,2
2271204,69439,58192,8193,17,1
2271234,29710,131737,1738,15,0
2271299,30181,9678,9679,12,2
2271302,30346,90869,8397,1,1
2271392,71428,85965,8474,19,3
2271392,71428,93500,6010,19,3
2271456,19064,125345,5346,22,3
2271492,34285,83927,3928,14,0
2271552,64561,54412,1928,18,2
2271623,69788,43614,6119,14,0
2271749,21850,118930,3953,18,2
2271778,24028,49677,9678,24,1
2271875,44575,3974,8975,24,1
2271876,56846,6414,1415,16,0
2271879,46528,14187,6689,14,0
2271904,44689,45785,8290,21,2
2271939,59743,50830,3336,21,2
2271971,27715,103961,3962,18,2
2272128,19886,141157,3672,18,2
2272161,51037,176717,9235,16,0
2272162,54418,162838,7871,19,3
2272512,72040,104703,4704,12,2
2272548,49606,76440,6441,14,0
2272615,31222,8489,5990,23,3
2272839,70316,50569,5580,23,3
2272868,32704,124257,1794,16,0
2273189,24334,172505,5023,13,4
2273378,30422,171856,4374,22,3
2273380,32705,28888,3893,18,2
2273415,48727,11388,1389,24,1
2273830,32474,79508,4523,17,1
2274213,36446,8072,8073,21,2
2274437,34330,164874,4875,14,0
2274471,72322,102288,2289,22,3
2274533,69397,54060,9071,19,3
2274790,64475,111089,6112,19,3
2274791,20032,77516,7517,20,4
2274821,55066,187239,9758,20,4
2275424,54868,173424,3425,14,0
2275527,51043,110342,2854,0,0
2275652,49960,146269,1298,16,0
2275937,30844,79857,2365,15,0
2275975,37855,92836,5346,22,3
2276005,73538,118822,6356,1,1
2276547,20371,183013,5532,1,1
2276839,36265,198728,3767,16,0
2276867,73801,146454,3997,0,0
2276931,46378,162860,7893,22,3
2276932,45991,152497,5013,17,1
2277125,52444,55364,2880,1,1
2277313,73426,14089,9092,1,1
2277413,45925,9727,9728,1,1
2277442,53428,131336,1337,20,4
2277479,70819,36035,8539,19,3
2277733,38753,87995,7996,17,1
2277826,29132,15089,5090,24,1
2277920,43297,23059,8064,21,2
2277957,21124,182203,9758,20,4
2278053,73333,91597,9125,21,2
2278180,62050,36325,6326,20,4
2278243,24844,3310,3311,1,1
2278275,28955,36795,9299,14,0
2278375,68138,16479,1482,23,3
2278694,32345,60474,2981,19,3
2278823,47876,92491,7510,1,1
2278854,69881,112751,7774,16,0
2278912,24386,75182,7690,18,2
2279047,18877,74651,2173,14,0
2279237,24158,22491,7496,15,0
2279392,53281,79843,9844,15,0
2279394,43585,145393,7908,21,2
2279526,23149,84546,4547,18,2
2279687,67207,73383,8398,20,4
2279841,38170,24480,4481,17,1
2279971,73561,153739,6255,18,2
2280000,51481,199173,9174,13,4
2280099,47510,161688,1689,0,0
2280195,52327,192104,4624,17,1
2280289,1481,42955,5460,12,2
2280449,54470,122170,7195,23,3
2280550,23552,88537,3554,1,1
2280641,73129,136468,6469,23,3
2280675,23474,46792,1801,13,4
2280675,23474,78340,8341,13,4
2280678,28715,165504,3053,23,3
2280707,45125,19153,9154,1,1
2280772,60973,9398,6899,14,0
2280896,35186,157541,2572,22,3
2280898,48653,116406,1429,21,2
2281505,33961,150557,8103,16,0
2281537,63071,23608,8613,23,3
2281537,63071,47633,5146,23,3
2281573,48952,145011,5012,0,0
2281926,21031,141896,1897,24,1
2281986,69025,122892,7917,12,2
2282439,42380,47273,4786,20,4
2282753,32318,186859,9378,0,0
2282883,74206,110851,5874,19,3
2283077,50185,110010,7544,16,0
2283106,47306,58865,6381,20,4
2283271,46930,115381,7893,22,3
2283397,43108,24867,4868,0,0
2283430,36551,141726,6755,15,0
2283552,24998,20658,5663,16,0
2283654,48473,157555,5101,16,0
2284129,27445,122057,2058,1,1
2284451,51397,154234,4235,14,0
2284517,22598,6681,6682,20,4
2284517,22598,78983,6505,20,4
2284580,55756,113731,3732,17,1
2284581,32576,7805,5306,23,3
2284834,74969,89100,6625,24,1
2285092,22424,2884,2885,12,2
2285860,73567,182930,5449,21,2
2286246,36878,37515,2522,16,0
2286343,63328,119992,2504,19,3
2286370,49339,57217,9723,13,4
2287013,52460,28273,5780,24,1
2287073,70507,78597,3612,0,0
2287141,51610,189828,4865,14,0
2287204,39508,64964,7471,22,3
2287332,63745,41355,6364,14,0
2287424,28849,182896,5415,12,2
2287431,52603,19002,1504,24,1
2287556,71368,139418,1932,15,0
2287687,68395,36520,9024,13,4
2287841,25357,84000,4001,13,4
2288000,1177,109471,1982,14,0
2288227,54232,184169,4170,18,2
2288454,66721,149272,1787,24,1
2288550,20249,90908,5927,22,3
2288614,53395,156548,6549,16,0
2288711,48247,84734,7243,1,1
2288738,73775,146533,1562,14,0
2288774,58313,179417,6969,18,2
2289127,68735,41647,6656,18,2
2289159,64043,77153,2168,12,2
2289216,25726,138326,3353,16,0
2289219,38593,93984,9003,18,2
2289346,55921,144119,9148,1,1
2289351,67783,149087,6630,12,2
2289606,25682,60666,5679,14,0
2289634,25558,16536,9038,19,3
2289735,51809,195884,3442,0,0
2289794,52369,68445,3458,15,0
2289892,21257,97096,9606,12,2
2289924,25069,85667,5668,21,2
2289987,42406,31234,8744,22,3
2290178,65746,15900,8402,19,3
2290183,62809,94066,4067,0,0
2290208,64888,164522,4523,17,1
2290277,44605,118476,6010,19,3
2290341,44959,32210,2211,16,0
2290341,44959,147440,9955,16,0
2290404,23747,114636,7148,19,3
2290499,65054,199936,7494,20,4
2290631,19918,108989,6520,21,2
2290788,37097,43708,8717,22,3
2290947,22987,115474,5475,13,4
2291045,33343,89807,2316,1,1
2291236,42479,101369,1370,22,3
2291459,57560,86345,8854,22,3
2291520,23315,170791,5826,12,2
2291525,1762,166462,4011,15,0
2291585,63847,1505,6506,24,1
2291719,73613,99494,7022,17,1
2291751,74543,145798,5799,20,4
2291779,56831,58523,6039,1,1
2291874,39779,193763,1321,22,3
2291939,57244,122445,4958,13,4
2291970,51325,169109,6658,23,3
2292003,45503,97806,2825,24,1
2292101,49528,112552,2553,16,0
2292165,37939,9831,7332,15,0
2292260,64687,190866,3386,24,1
2292324,47323,103940,8961,24,1
2292482,30664,164997,2546,20,4
2292578,45934,159077,9078,19,3
2292578,45934,171012,6047,19,3
2292705,43556,75036,7544,16,0
2293285,62941,122037,2038,14,0
2293701,60500,22825,5328,1,1
2293856,64075,115888,8400,18,2
2293858,21850,153639,6155,18,2
2293923,52486,151861,1862,12,2
2294119,38203,12734,7737,17,1
2294208,70252,155201,5202,1,1
2294214,38956,199214,4253,22,3
2294242,61808,76037,6038,15,0
2294341,58010,50882,8398,20,4
2294375,50533,90947,3457,13,4
2294466,23399,61112,3619,23,3
2294532,30955,111263,3775,14,0
2294694,36619,7226,7227,16,0
2295008,27499,153654,3655,24,1
2295072,36958,58625,3636,1,1
2295264,31585,159516,9517,23,3
2295266,43178,169136,6685,0,0
2295616,63328,104810,9831,19,3
2295623,68131,69707,4720,17,1
2295683,71419,60630,3137,0,0
2295683,71419,167412,2445,0,0
2295684,22588,8997,1498,20,4
2295874,60572,80690,3199,18,2
2296133,34031,179324,1842,16,0
2296230,26023,16748,9250,0,0
2296326,44831,186718,9237,12,2
2296390,32756,59293,6809,22,3
2296450,1237,122322,2323,20,4
2296515,33890,115627,5628,1,1
2296583,54916,70682,8204,21,2
2296646,38653,126578,6579,21,2
2296678,32696,190228,7786,14,0
2296869,36977,116771,4305,19,3
2296967,38027,80160,5177,19,3
2297253,64690,45223,5224,17,1
2297351,40793,150449,7995,17,1
2297443,55592,127266,4803,1,1
2297505,41749,153346,5862,14,0
2297733,49379,81738,4247,0,0
2297825,71704,146871,4414,13,4
2297856,50017,76996,4518,17,1
2298052,40042,101695,4206,13,4
2298368,33116,74022,9037,19,3
2298502,50969,156736,4282,1,1
2298560,27158,121450,1451,16,0
2298791,26692,68141,5660,1,1
2299170,61729,175282,2834,12,2
2299269,70358,9300,6801,15,0
2299457,26837,36430,6431,24,1
2299462,23795,128739,1252,18,2
2299649,70582,56577,9083,12,2
2299751,51943,161744,6777,17,1
2299874,42062,194118,1676,18,2
2299905,40618,167617,7618,22,3
2300129,56437,84626,9643,20,4
2300327,44725,25758,8261,13,4
2300352,20897,121607,6632,19,3
2300641,40216,131305,3819,12,2
2300645,46507,102220,4731,12,2
2300832,33535,87523,5048,12,2
2300934,45587,108753,8754,20,4
2301124,29450,165419,2968,19,3
2301189,35950,103135,8156,14,0
2301313,47254,113286,8309,21,2
2301318,25219,30370,2874,23,3
2301508,54521,114547,7059,22,3
2301603,42116,147018,2047,0,0
2301890,47428,119245,4268,15,0
2302017,71071,176315,1350,13,4
2302404,24475,35159,7663,23,3
2302627,46807,179704,9705,22,3
2302817,69928,72007,4515,14,0
2302854,60100,121716,6741,16,0
2303201,31973,191843,6882,22,3
2303264,24641,36433,8937,13,4
2303367,57694,196446,4004,1,1
2303397,63538,65822,3341,17,1
2303488,70693,98941,3960,23,3
2303527,27770,9636,2137,23,3
2303652,33706,34853,4854,18,2
2303879,62708,31679,1680,24,1
2304038,53860,176286,1321,22,3
2304103,72481,23529,3530,18,2
2304679,46457,62448,4955,16,0
2304711,21907,187569,7570,19,3
2304839,19211,105512,8023,1,1
2304897,36434,118421,8422,21,2
2304900,45232,74016,4017,24,1
2304966,40463,107209,2230,19,3
2305316,62879,13238,3239,23,3
2305537,72538,3176,8177,23,3
2305731,23080,115482,3016,17,1
2306087,23449,32433,2434,15,0
2306183,23441,17390,4894,17,1
2306243,19694,61960,6973,19,3
2306563,52960,65335,2854,0,0
2306855,24040,160605,5638,1,1
2306855,24040,187920,2957,1,1
2307009,19939,113652,6164,23,3
2307584,56800,104872,4873,20,4
2307587,61474,124426,1963,16,0
2307873,60814,28068,5575,21,2
2308199,73093,29405,6912,24,1
2308199,73093,58360,3371,24,1
2308225,68776,134375,1915,13,4
2308325,70363,182227,7264,16,0
2308547,70358,155718,5719,15,0
2308578,35104,64464,1983,19,3
2308704,45691,24333,4334,13,4
2308768,63718,78164,3179,22,3
2308897,64819,138873,3900,24,1
2308966,29239,116010,8522,22,3
2308999,55960,194833,7353,12,2
2309030,25265,47633,5146,23,3
2309124,60652,13727,3728,18,2
2309156,43624,79134,9135,17,1
2309351,1192,118841,1353,20,4
2309382,20351,126538,6539,18,2
2309441,54449,134524,4525,18,2
2309479,23884,112907,2908,17,1
2309729,36745,107955,2976,21,2
2310083,64787,38046,5556,13,4
2310279,40942,20310,5315,24,1
2310627,38780,29911,4916,15,0
2310627,38780,43641,6146,15,0
2310631,62488,52220,9736,1,1
2310790,52309,86461,6462,23,3
2310853,19024,82116,9641,24,1
2310978,22721,158948,3979,19,3
2311426,20389,90329,7857,14,0
2311461,63809,121484,9021,12,2
2311523,55957,98328,5856,15,0
2311653,72079,145423,5424,18,2
2311745,57223,19759,2261,21,2
2311905,46102,180524,3043,16,0
2312164,41630,50695,5706,17,1
2312289,58397,107714,7715,21,2
2312418,47218,10512,8016,1,1
2312582,55153,185725,8244,12,2
2312640,41308,10488,5491,15,0
2312672,41032,79181,9182,21,2
2312705,74513,33378,5882,17,1
2312774,63352,117481,2504,19,3
2312835,26077,14282,6784,13,4
2312835,26077,147401,2430,13,4
2312900,70618,167168,2201,22,3
2313154,47353,10468,5471,19,3
2313254,32197,102196,4707,13,4
2313379,28517,117799,7800,12,2
2313380,34471,15161,2665,17,1
2313795,46897,180901,8456,19,3
2313824,58448,125083,5084,18,2
2314208,21595,95022,2550,21,2
2314433,28666,88037,8038,24,1
2315105,40022,172334,2335,24,1
2315204,56594,24059,6562,19,3
2315329,40652,86857,9366,19,3
2315331,52333,121042,3555,21,2
2315618,53137,136171,8685,15,0
2315777,22493,43436,8445,15,0
2316515,46457,66697,9204,16,0
2316613,59911,88899,8900,20,4
2316642,32404,32224,7231,23,3
2316642,32404,176716,1751,23,3
2316647,1445,11399,6402,21,2
2316647,1445,57212,7213,21,2
2316899,65297,106569,4100,20,4
2317184,63224,128232,3257,18,2
2317220,40649,37986,2993,20,4
2317314,69778,112031,7054,20,4
2317351,28783,2433,2434,15,0
2318176,45205,86862,1879,13,4
2318343,38869,44168,6673,13,4
2318371,36059,169504,4537,13,4
2318467,72151,93868,3869,18,2
2318529,55504,178628,8629,17,1
2318657,37961,66888,4407,1,1
2318788,73079,142401,9944,1,1
2318914,38635,146600,9115,23,3
2318919,36220,2861,5362,21,2
2318946,32438,164375,6892,20,4
2318949,23239,149024,1539,12,2
2319107,45088,182986,8023,1,1
2319171,34211,182055,2056,20,4
2319558,56164,71332,8854,22,3
2319687,42583,56784,6785,21,2
2319714,60334,46465,8970,17,1
2319751,27628,9082,9083,12,2
2319809,19723,189354,6909,20,4
2319875,23710,17335,4839,23,3
2319941,42403,37288,4798,1,1
2319941,42403,190274,7832,1,1
2320071,56662,72094,2095,20,4
2320099,42064,108229,5760,22,3
2320228,29191,112824,5336,17,1
2320355,26173,111792,6815,19,3
2320519,45038,98558,6086,24,1
2320519,45038,137160,2187,24,1
2320613,1663,41660,9173,16,0
2320802,69062,17413,4917,17,1
2320867,24031,91898,6917,13,4
2321223,36478,64772,4773,1,1
2321664,41836,142356,7385,19,3
2321794,37016,63983,3984,16,0
2322018,55778,19060,1562,14,0
2322150,20998,176370,8888,14,0
2322406,33139,186325,1362,0,0
2322503,36431,146325,6326,20,4
2322946,47998,147399,7400,21,2
2323105,1657,148939,6482,12,2
2323175,39544,140599,5628,1,1
2323552,36746,104441,4442,12,2
2323621,63367,105470,5471,19,3
2323939,67591,60306,2813,14,0
2323939,67591,194161,4162,14,0
2323942,54392,27495,2500,18,2
2324128,30952,28944,3949,20,4
2324327,29806,165016,2565,16,0
2324417,52207,67527,2540,20,4
2324578,56980,75351,7859,16,0
2324579,43330,114400,9423,17,1
2324673,64039,108528,8529,20,4
2325568,47122,137894,2921,0,0
2325763,54946,199217,4256,13,4
2325766,25597,185530,5531,23,3
2325796,45880,175218,5219,12,2
2326020,32725,196609,6610,24,1
2326023,57424,102815,7836,16,0
2326082,45934,171114,6149,19,3
2326279,63854,97078,7079,16,0
2326627,21181,32599,5103,21,2
2326662,34720,124296,4297,22,3
2326727,19885,109573,4594,24,1
2326983,59389,84979,7488,0,0
2327008,20398,198605,6163,12,2
2327010,39133,105954,8465,14,0
2327109,38449,46581,4094,17,1
2327143,35684,131988,4502,12,2
2327175,36850,105547,5548,21,2
2327494,60163,178818,1336,20,4
2327558,31801,181398,3917,13,4
2327749,19705,147144,2173,14,0
2327783,36277,9815,9816,19,3
2328227,22775,76765,4287,0,0
2328227,22775,94359,9378,0,0
2328295,65752,136981,2008,17,1
2328449,29800,19017,9018,18,2
2328673,27329,137275,7276,21,2
2328867,41242,145360,5361,15,0
2328896,50935,141442,1443,15,0
2328933,34922,122631,2632,23,3
2329412,52559,145030,2573,13,4
2329446,33886,9373,4374,22,3
2329895,48083,98736,8737,21,2
2329926,25375,49908,7421,19,3
2329989,47500,46410,8915,19,3
2329989,47500,74927,4928,19,3
2330019,71905,102105,4616,16,0
2330080,23665,32558,2559,12,2
2330208,33814,43778,3779,17,1
2330243,57742,140214,2729,19,3
2330432,36610,127002,4539,20,4
2330434,44668,33809,6313,12,2
2330819,40330,16335,6336,1,1
2331013,30866,58959,3970,13,4
2331013,30866,91187,6206,13,4
2331204,67921,179196,4231,13,4
2331265,23566,74975,7483,17,1
2331329,71752,25446,2953,16,0
2331495,20620,193641,8680,17,1
2331717,21140,31586,6593,1,1
2331749,33158,33570,6074,23,3
2332262,41548,7643,2644,18,2
2332358,66175,123478,5991,13,4
2332547,1645,71850,9372,16,0
2332934,36394,161042,3559,1,1
2333120,41759,137059,9573,14,0
2333312,56390,107434,2455,16,0
2333316,34247,115756,5757,23,3
2333349,27454,121862,1863,17,1
2333473,44914,24097,9102,16,0
2333542,22951,198707,6265,1,1
2333570,51542,151516,6547,20,4
2333638,28027,88256,5781,18,2
2333639,38195,40524,8037,1,1
2333986,38999,61266,6279,23,3
2333991,31820,146630,4173,18,2
2334340,35023,184989,7508,15,0
2334432,62120,135647,3187,15,0
2334502,53632,190993,3513,22,3
2334562,25684,61540,4047,0,0
2334656,54424,77661,7662,20,4
2334656,54424,102805,5316,20,4
2334663,40826,41117,6126,19,3
2334886,72697,136655,9169,19,3
2334950,19261,26138,8641,24,1
2335014,72484,15787,3291,22,3
2335014,72484,116274,8786,22,3
2335041,41692,42901,5406,22,3
2335137,71131,9462,1963,16,0
2335140,23062,144915,9944,1,1
2335236,40175,33498,3499,16,0
2335267,34357,187009,2046,21,2
2335367,29263,134606,7120,23,3
2335526,51053,134152,1692,0,0
2335527,32269,69325,1832,12,2
2335586,62062,140911,3426,1,1
2335588,41743,132319,2320,1,1
2335845,34009,163840,3841,1,1
2335908,58651,16447,6448,16,0
2335911,49876,9269,6770,17,1
2335972,28393,100826,8357,16,0
2336070,45421,83075,8092,1,1
2336291,69667,44062,9071,19,3
2336582,71207,84109,6618,1,1
2336775,27149,56192,3708,12,2
2336992,60868,116521,1544,1,1
2336996,53687,90429,2939,12,2
2337186,73658,112640,7663,23,3
2337220,37510,148139,3168,20,4
2337251,57188,58827,3838,16,0
2337383,24703,37219,2226,13,4
2337383,24703,188893,8894,13,4
2337445,72122,34752,4753,22,3
2337541,63206,7405,4906,17,1
2338085,61391,26496,4003,21,2
2338692,55483,17340,4844,15,0
2338817,21175,44369,9378,0,0
2338950,31748,86066,8575,17,1
2338950,31748,105335,5336,17,1
2338950,31748,161944,9493,17,1
2338951,29417,28889,8890,19,3
2338983,55252,93089,5599,13,4
2339076,60622,164126,9159,16,0
2339168,30331,155351,7867,1,1
2339266,59323,28211,3216,17,1
2339488,67955,172344,2345,22,3
2339558,43298,22415,7420,24,1
2339651,64297,146751,4294,24,1
2339713,28219,181164,6201,14,0
2339904,35810,7353,4854,18,2
2340192,41897,175923,3475,21,2
2340193,47350,173355,8390,20,4
2340644,21065,154167,1713,12,2
2340675,61685,72771,2772,15,0
2340743,62555,143863,6378,20,4
2340770,22463,97726,7727,0,0
2340868,62953,188383,3420,12,2
2340899,60452,80871,8396,20,4
2340961,72982,107239,9750,21,2
2341602,53995,74982,4983,12,2
2341606,43690,24622,4623,19,3
2341667,48320,88085,5610,22,3
2341890,24889,133500,6014,16,0
2342341,29801,69476,1983,19,3
2342499,26090,146927,6928,13,4
2342563,62953,77890,2905,12,2
2342563,62953,81186,3695,12,2
2342663,69773,141435,3950,17,1
2342816,38701,12967,2968,19,3
2342816,38701,124833,7346,19,3
2343298,32833,96804,6805,12,2
2343461,34126,44237,4238,0,0
2343718,73246,113939,6451,12,2
2344039,56456,81387,8912,17,1
2344352,72892,33787,1297,14,0
2344352,72892,159079,9080,14,0
2344388,64891,62150,7163,22,3
2344416,38893,2677,5178,20,4
2344423,69934,22025,9532,17,1
2344770,49897,162168,4685,17,1
2344804,49127,49278,1783,18,2
2344962,51077,161070,6103,21,2
2345095,53257,103612,3613,23,3
2345379,38443,37471,9975,17,1
2345379,38443,45805,3318,17,1
2345573,35665,159853,2369,22,3
2345601,73601,41652,1653,17,1
2345671,1658,21075,8582,21,2
2345921,41638,101507,6528,19,3
2345924,25888,39865,9866,21,2
2346144,35053,159260,4291,19,3
2346401,49063,50413,5424,18,2
2346534,24920,7409,7410,15,0
2346693,50641,95864,3392,18,2
2346817,62809,62257,2258,0,0
2347233,36112,193092,5612,13,4
2347298,39004,103912,3913,23,3
2347747,54817,104768,9789,22,3
2348032,60542,104680,9701,15,0
2348102,34849,26761,4268,15,0
2348102,34849,94822,7332,15,0
2348353,67375,87942,5467,0,0
2348576,39806,194874,4875,14,0
2349411,37448,13365,8368,1,1
2349602,28666,10932,5935,24,1
2349953,44059,172036,9588,19,3
2349986,36733,51141,3647,0,0
2350119,53422,197046,2085,12,2
2350276,48190,188222,8223,1,1
2350340,57736,104882,2413,14,0
2350370,30829,13968,3969,16,0
2350371,22966,181811,4330,18,2
2350496,72079,159977,5008,18,2
2350656,39452,89335,6860,0,0
2350727,34126,45548,5549,0,0
2350948,39170,173622,8657,12,2
2351014,59815,2970,5471,19,3
2351014,59815,104243,4244,19,3
2351429,64318,55653,5654,15,0
2351527,42013,185673,5674,17,1
2351554,46684,81283,1284,16,0
2351558,69080,150123,7669,23,3
2351845,36992,94019,4020,19,3
2352131,30379,196552,6553,12,2
2352193,22217,3074,3075,20,4
2352293,66508,52344,9860,22,3
2352326,34337,44920,2433,22,3
2352452,26048,57489,5005,21,2
2352514,36947,156263,8779,21,2
2352704,35234,109554,9555,16,0
2352704,35234,194103,9142,16,0
2352902,68908,14883,7385,19,3
2352902,68908,180433,5470,19,3
2353024,31789,122547,5060,23,3
2353189,36259,62691,7704,24,1
2353735,34328,111060,6083,23,3
2353828,57589,187781,7782,0,0
2353861,60586,77796,5318,17,1
2353895,56383,147003,9518,0,0
2354112,69964,181498,4017,24,1
2354116,57097,42064,4569,18,2
2354180,46337,175445,7963,16,0
2354308,67996,4676,4677,23,3
2354375,73015,190449,2969,23,3
2354407,35575,146457,6458,0,0
2354436,46003,1046,8547,19,3
2354436,46003,164990,2539,19,3
2354471,58762,98980,3999,22,3
2354789,19391,192184,2185,19,3
2354791,31123,78551,3566,24,1
2354819,55789,150093,7639,15,0
2355394,19157,10207,5210,0,0
2355426,62359,8847,6348,21,2
2355713,47888,191710,1711,13,4
2356003,25075,57248,2259,14,0
2356003,25075,192355,4875,14,0
2356323,42451,121178,6203,15,0
2356325,50096,106677,1698,0,0
2356423,33086,188689,3726,13,4
2356641,65200,126660,6661,12,2
2356738,46411,19559,4562,15,0
2356807,42352,114979,2513,19,3
2356832,51029,155214,7730,19,3
2357061,59024,172672,2673,16,0
2357216,62075,196159,6160,16,0
2357380,72325,113836,1370,22,3
2357636,68212,21798,6803,17,1
2358272,66838,155401,7917,12,2
2358306,62561,157966,2997,15,0
2358435,20509,16065,8567,19,3
2358656,45025,74312,6820,12,2
2358851,74731,81047,6064,1,1
2358950,65267,68274,5793,24,1
2358950,65267,76489,1504,24,1
2359074,44861,29321,1824,13,4
2359107,60727,175483,8001,0,0
2359365,23290,137475,7476,24,1
2359494,54514,4902,7403,19,3
2359525,18782,68335,8336,23,3
2359746,44560,133652,8679,21,2
2359905,48953,115059,7571,17,1
2360321,46324,6757,6758,24,1
2360453,44756,178048,3083,18,2
2360486,72461,6118,6119,14,0
2360544,39884,176605,1640,13,4
2360643,62005,36927,1934,23,3
2360705,56296,4664,4665,17,1
2360773,63265,142980,2981,19,3
2360805,44788,39159,1663,13,4
2360806,40127,115541,8053,14,0
2360961,64318,147852,2881,15,0
2360961,64318,172687,2688,15,0
2361057,37534,34223,9230,18,2
2361414,60043,96474,4002,0,0
2361569,30517,112507,2508,12,2
2361573,44747,39391,6901,0,0
2361632,33178,55565,8071,14,0
2361668,65089,13958,3959,14,0
2361894,21748,87787,2804,16,0
2361926,22312,89567,2076,19,3
2361926,22312,100790,5811,19,3
2361926,22312,104303,1834,19,3
2362118,68819,188912,6467,22,3
2362213,68857,110290,5313,15,0
2362274,20611,36638,1645,13,4
2362307,37792,158880,3911,14,0
2362310,51856,114221,1755,21,2
2362756,1570,17935,7936,13,4
2362787,20375,59583,9584,21,2
2363074,43327,82131,2132,12,2
2363074,43327,103056,8077,12,2
2363075,66800,167564,2597,24,1
2363104,55348,22737,7742,23,3
2363107,46885,49764,4773,1,1
2363203,38338,58285,8286,1,1
2363301,47953,199121,4160,13,4
2363333,71728,58232,8233,12,2
2363495,46960,104043,6554,22,3
2363524,25375,14625,9628,19,3
2363559,65602,75002,7510,1,1
2363655,19814,19122,4125,13,4
2363713,27028,199917,4956,24,1
2363810,54313,193504,3505,24,1
2364064,69811,135945,3485,14,0
2364070,62159,106433,6434,16,0
2364098,31294,7343,2344,20,4
2364160,71791,191113,6152,13,4
2364289,25694,25659,5660,1,1
2364358,1198,139861,7401,18,2
2364386,61376,4827,9828,17,1
2364386,61376,117885,5419,17,1
2364484,37759,24704,4705,23,3
2364484,37759,194838,4839,23,3
2364513,37615,75825,5826,12,2
2364513,37615,154212,1758,12,2
2364546,53368,199472,1992,14,0
2364704,20020,107154,4685,17,1
2365025,55012,167720,7721,22,3
2365223,32137,117914,7915,20,4
2365344,69676,19592,9593,17,1
2365376,54472,158362,8363,12,2
2365603,28192,823,5824,19,3
2365702,67189,7940,7941,24,1
2365988,38782,28844,1347,20,4
2366021,36431,47292,2301,20,4
2366086,41428,23379,5882,17,1
2366274,25124,25499,8002,0,0
2366436,23431,194780,7300,19,3
2366882,60610,69002,4015,13,4
2367104,36379,129255,1768,22,3
2367233,46333,186972,6973,19,3
2367424,31226,155249,5250,23,3
2367491,29099,179332,6884,24,1
2367524,31412,84122,1647,1,1
2367813,52951,140475,5504,16,0
2367878,51370,146354,8869,22,3
2368005,24208,110521,8055,20,4
2368037,60398,61874,6887,18,2
2368230,64643,182507,7544,16,0
2368322,51298,125993,3530,18,2
2368514,62134,88104,5629,15,0
2368807,54610,13263,3264,14,0
2368933,28414,187919,2956,13,4
2368963,22648,144859,4860,17,1
2369094,24604,90068,2578,17,1
2369379,68213,95034,7544,16,0
2369568,42430,192567,7606,18,2
2369568,42430,197247,7248,18,2
2369571,41507,140329,5358,23,3
2369986,42065,153724,3725,12,2
2370337,46730,153993,9024,13,4
2370375,56833,49580,4589,16,0
2370534,72010,173474,3475,21,2
2370566,21619,80986,8511,22,3
2370727,63580,45624,5625,14,0
2370818,21256,108973,1484,16,0
2370919,74216,15685,8187,18,2
2370980,30409,144348,1891,24,1
2371201,71632,98320,3339,0,0
2371398,48775,49331,9332,21,2
2371494,41767,94620,2148,24,1
2371526,23972,59493,1999,21,2
2371584,54619,54836,7342,22,3
2371968,62308,51331,3837,21,2
2371969,44701,144179,4180,14,0
2372384,60982,91142,6161,14,0
2372610,67486,20306,5311,0,0
2372708,30388,71449,3957,15,0
2373222,59533,99541,9542,22,3
2373254,38771,13887,3888,12,2
2373284,43885,120796,3309,12,2
2373284,43885,162984,5501,12,2
2373444,72919,92845,2846,20,4
2373607,36742,6162,6163,12,2
2373696,24892,166742,1775,12,2
2373921,41012,48925,1430,12,2
2373921,41012,71861,1862,12,2
2373925,25783,136980,6981,0,0
2374016,41629,187478,5033,22,3
2374241,32285,83876,8893,19,3
2374242,59986,51602,9118,0,0
2374276,53119,177429,7430,24,1
2374338,39658,39220,9221,24,1
2374407,36292,112651,5163,19,3
2374533,69574,109719,7250,21,2
2374629,67045,118276,8277,18,2
2374695,47969,39412,6922,0,0
2374726,38654,104962,2493,1,1
2374918,66079,125604,3141,15,0
2374982,25841,119805,9806,13,4
2375047,24632,16486,6487,12,2
2375047,24632,117599,2622,12,2
2375269,22327,19269,1771,1,1
2375269,22327,147464,2493,1,1
2375682,57095,139233,6773,24,1
2375712,24329,42741,2742,18,2
2375904,29930,96415,8925,1,1
2376067,42409,30996,6003,23,3
2376196,43126,81086,8611,15,0
2376198,34109,112571,7594,13,4
2376229,64363,36866,6867,18,2
2376230,74365,127650,5187,12,2
2376292,27868,91960,4470,23,3
2376353,34207,138014,5554,17,1
2376421,69662,181796,9351,19,3
2376517,34912,190857,5896,20,4
2376519,64139,174155,4156,21,2
2376642,74578,159853,2369,22,3
2376931,70126,121477,3990,22,3
2376932,47353,59054,1560,19,3
2377025,67717,150686,5717,18,2
2377026,53677,117045,9557,23,3
2377063,45713,45237,7742,23,3
2377379,51545,8102,5603,0,0
2377379,51545,120974,5999,0,0
2377600,46750,106238,8749,12,2
2377600,46750,111515,4027,12,2
2377762,42766,151911,9457,22,3
2378272,42965,56823,1834,19,3
2378306,54541,185839,8358,19,3
2378341,19636,15386,2890,15,0
2378593,32717,184017,6536,22,3
2379171,46384,132414,9954,21,2
2379394,72493,90686,5705,0,0
2379394,72493,185607,3162,0,0
2379395,60631,11340,1341,22,3
2379429,66313,126814,4351,0,0
2379491,68095,176272,1307,17,1
2379494,39547,14940,7442,21,2
2379843,65575,164163,6680,15,0
2379910,56912,169777,2294,22,3
2380064,48440,104063,1594,23,3
2380230,62473,32199,2200,19,3
2380390,59725,166436,6437,23,3
2380480,72143,184838,7357,23,3
2380487,49007,136837,1864,18,2
2380583,29482,33197,8204,21,2
2380869,23884,60542,8061,17,1
2380869,23884,159491,9492,17,1
2380933,32332,121358,1359,13,4
2380996,41164,191455,9013,19,3
2381125,28216,85659,5660,1,1
2381541,28957,89265,6790,13,4
2381730,72292,198817,1337,20,4
2381733,54046,2726,7727,0,0
2381767,74378,126355,8868,24,1
2381893,50503,15825,5826,12,2
2381893,50503,64356,1875,12,2
2382020,62998,73387,5895,18,2
2382115,30577,24210,1717,0,0
2382210,72577,151267,6298,23,3
2382407,60803,93120,5630,18,2
2382624,25666,163448,3449,17,1
2382624,25666,195397,5398,17,1
2382626,20785,11851,1852,24,1
2382660,43195,160772,5805,14,0
2382693,48370,95735,8245,14,0
2382693,48370,145093,2636,14,0
2382759,45763,19427,1929,22,3
2382786,62203,166302,3851,16,0
2382978,25975,84065,4066,21,2
2383078,53255,168407,3440,23,3
2383106,48962,162727,5244,20,4
2383109,24580,29894,4899,16,0
2383109,24580,195237,7757,16,0
2383300,20341,106041,6042,21,2
2383463,20938,181683,1684,12,2
2383526,34454,196101,8621,1,1
2383557,20018,171341,8893,19,3
2383617,39266,142503,2504,19,3
2383685,62269,182843,7880,20,4
2383970,46666,118906,8907,1,1
2383972,56068,107753,5284,15,0
2384068,27092,41010,8523,21,2
2384133,67789,112639,7662,20,4
2384353,42256,11255,3757,23,3
2384358,47882,188979,4016,22,3
2384423,31918,75311,7819,22,3
2384578,61334,139050,4077,18,2
2384740,30850,119310,1822,0,0
2384768,53896,116922,4456,16,0
2384866,45784,194382,6902,17,1
2385090,43462,174180,4181,19,3
2385093,1484,199900,4939,18,2
2385218,42725,52675,7686,20,4
2385504,27889,98075,3094,21,2
2385670,50455,194796,9835,20,4
2385826,68236,48636,3645,20,4
2385958,71216,193049,3050,15,0
2386048,58300,106274,3805,21,2
2386338,22258,160892,8441,18,2
2386436,72985,192495,7534,14,0
2386466,40466,36343,8847,0,0
2386532,53360,170000,2517,16,0
2386727,29491,85940,5941,17,1
2386883,56560,154851,9882,15,0
2386981,23182,9911,7412,23,3
2387074,60796,35596,3106,15,0
2387074,60796,90826,5845,15,0
2387074,60796,101911,1912,15,0
2387782,30928,44053,9062,14,0
2387783,34991,100486,5507,22,3
2387814,73021,178374,5926,21,2
2387847,22790,61883,1884,1,1
2387874,63556,97415,7416,17,1
2388224,51319,79478,9479,19,3
2388551,19363,64370,9383,24,1
2388613,39374,70921,8443,13,4
2388743,34750,48147,8148,0,0
2388774,67681,163261,3262,20,4
2388838,74746,35367,5368,23,3
2388898,34375,171495,9047,14,0
2388964,47164,5324,2825,24,1
2389158,45233,14090,1594,23,3
2389159,27400,65339,5340,17,1
2389159,27400,140867,3382,17,1
2389191,28265,150711,3227,15,0
2389639,45182,66325,3844,13,4
2389857,32116,127725,7726,13,4
2389863,58984,146438,8953,22,3
2389894,40823,136180,8694,17,1
2390208,50359,135211,5212,0,0
2390247,54178,109818,4839,23,3
2390307,33305,95091,5092,22,3
2390471,42883,181331,6368,14,0
2390625,37753,112811,7834,14,0
2390789,58435,177169,9687,24,1
2390947,42781,43513,8522,22,3
2391041,36977,75498,3020,19,3
2391045,31987,64138,1657,16,0
2391075,22384,61104,8623,19,3
2391142,28082,77489,5011,1,1
2391430,37354,160023,7572,22,3
2391527,50168,135325,2865,22,3
2391555,70696,46866,1875,12,2
2391846,45359,70549,8071,14,0
2391873,47657,77569,2584,19,3
2392036,38993,185171,5172,15,0
2392294,40003,64286,1805,19,3
2392513,61522,29081,1584,21,2
2392807,73972,170564,5599,13,4
2392867,61027,191902,6941,18,2
2392903,52201,90579,8107,16,0
2392930,59000,13945,6447,24,1
2393028,53185,197757,2796,20,4
2393221,62044,36852,1859,0,0
2393346,40454,64628,9641,24,1
2393380,46259,46828,1837,24,1
2393474,71563,90244,2754,15,0
2393697,27286,154152,9183,12,2
2393728,21548,6962,4463,14,0
2393728,21548,64601,7108,14,0
2393859,37963,31995,7002,20,4
2393990,19153,131870,6897,17,1
2394150,21865,185211,7730,19,3
2394150,21865,198986,1506,19,3
2394305,45010,76423,8931,23,3
2394305,45010,183925,1480,23,3
2394465,66835,107251,4782,16,0
2394534,50011,69733,9734,23,3
2394661,21787,64340,6847,13,4
2394787,32941,117573,7574,0,0
2394918,71728,162569,5086,12,2
2394951,36052,99099,4118,23,3
2394976,50944,37420,9924,23,3
2394976,50944,117713,5247,23,3
2395008,25063,43015,3016,17,1
2395010,37943,71674,4182,18,2
2395011,54779,159107,6653,12,2
2395235,30910,30927,5934,19,3
2395524,44386,164593,2142,21,2
2395622,64775,43656,3657,17,1
2396035,42187,63104,5611,24,1
2396224,61021,81590,1591,22,3
2396261,53230,188899,6454,15,0
2396324,56641,175841,5842,20,4
2396418,33460,156885,4431,18,2
2396581,38363,111765,6788,1,1
2396672,41884,152257,4773,1,1
2396770,67096,9291,6792,22,3
2397154,29533,54818,2334,21,2
2397189,54406,52834,5340,17,1
2397344,54992,23925,1432,21,2
2397376,47353,156524,4070,19,3
2397379,41662,36217,6218,16,0
2397379,41662,166652,1685,16,0
2397669,30475,193373,8412,14,0
2397859,30856,122483,2484,18,2
2397953,48679,181552,4071,17,1
2398082,50078,87235,9744,24,1
2398534,23888,189277,6832,24,1
2398723,74362,145849,3392,18,2
2398948,49528,191599,4119,16,0
2398951,50473,193078,3079,19,3
2399076,52067,124408,1945,16,0
2399143,42608,154775,2321,19,3
2399174,56551,79085,9086,24,1
2399236,26438,147964,2993,20,4
2399264,27770,40994,6003,23,3
2399264,27770,140040,7583,23,3
2399399,43429,150055,7601,20,4
2399399,43429,168694,3727,20,4
2399494,34918,56067,3583,20,4
2399681,51688,190847,8405,14,0
2399815,51380,42840,5345,16,0
2400385,33901,177710,5262,18,2
2400738,24091,13740,8743,18,2
2400839,29584,71710,9232,22,3
2400865,29090,84197,9214,24,1
2400933,31183,55474,7980,22,3
2401222,47449,93800,3801,16,0
2401509,60442,399,2900,14,0
2401509,60442,33860,6364,14,0
2401509,60442,94874,4875,14,0
2401539,55366,135959,3499,16,0
2401728,43291,58286,3297,17,1
2402082,59104,6529,9030,22,3
2402178,60961,111895,4407,1,1
2402179,50347,116879,1902,1,1
2402468,57685,42447,2448,0,0
2402593,40183,11629,6632,19,3
2402690,43571,41114,6123,14,0
2402886,56560,58647,3658,15,0
2402978,38839,197485,2524,24,1
2403040,49672,153541,6057,23,3
2403078,58411,14651,7153,1,1
2403235,47993,79066,6588,1,1
2403328,66493,165131,5132,1,1
2403521,46615,154195,6711,12,2
2403719,69016,104765,7276,21,2
2403941,35267,42286,2287,14,0
2404164,40145,145302,2845,23,3
2404320,57145,56296,8802,15,0
2404518,39535,81715,6732,22,3
2404646,62281,23552,8557,17,1
2404742,48727,14211,9214,24,1
2404802,47602,18776,8777,12,2
2404833,48679,164965,2514,17,1
2404833,48679,193517,3518,17,1
2404836,42943,100103,2614,18,2
2404992,31964,153571,3572,13,4
2405250,62788,114811,4812,16,0
2405702,74686,94622,4623,19,3
2405921,23626,47124,4637,0,0
2406081,24407,113264,8287,17,1
2406531,74038,56918,4434,1,1
2406560,53927,188516,8517,14,0
2406560,53927,189755,2274,14,0
2406662,57722,122428,4941,22,3
2407138,31537,133332,3333,24,1
2407491,45361,156979,2010,0,0
2407812,63127,15494,2998,17,1
2407877,35135,2927,7928,0,0
2407969,51062,71446,6461,0,0
2408036,22310,128622,3647,0,0
2408258,63611,133450,5964,24,1
2408517,24863,190607,5646,0,0
2408647,51391,81322,6339,22,3
2408739,65512,129471,9472,15,0
2408832,67055,28440,5947,13,4
2409031,37804,100045,7576,12,2
2409219,45166,91148,8676,23,3
2409281,71348,9540,4541,24,1
2409281,71348,58638,3649,24,1
2409312,65246,59725,4736,12,2
2409312,65246,192999,5519,12,2
2409637,31546,143478,3479,15,0
2409829,40849,114644,2178,16,0
2409856,28523,55152,2668,21,2
2409924,55018,9388,4389,16,0
2410435,21202,137209,7210,13,4
2410497,66739,127516,5053,15,0
2410595,57460,15344,5345,16,0
2410726,22207,82199,9724,0,0
2410727,22330,92423,4933,16,0
2410820,27796,105693,5694,22,3
2410854,72034,37240,9744,24,1
2410982,63940,30811,3315,13,4
2411076,51943,142510,2511,17,1
2411171,70762,73656,6164,23,3
2411204,54434,166600,9117,24,1
2411334,19247,102590,2591,18,2
2411463,36643,59424,1930,21,2
2411719,59911,106904,1925,20,4
2411781,35741,20811,5816,15,0
2412004,64612,24573,9578,14,0
2412132,20185,849,8350,1,1
2412162,56659,73211,5719,15,0
2412480,49645,139506,9507,1,1
2412674,58756,116261,1284,16,0
2412807,64780,41952,4457,1,1
2412834,44135,11857,6860,0,0
2412992,53501,3167,5668,21,2
2413026,57259,18860,1362,0,0
2413026,57259,163698,3699,0,0
2413029,70573,46245,1254,16,0
2413159,23836,84092,9109,21,2
2413187,72436,159261,9262,16,0
2413670,48857,138645,3672,18,2
2413731,63814,4572,9573,14,0
2413797,36296,175860,8378,17,1
2413985,63325,18423,5927,22,3
2414085,46319,46095,6096,18,2
2414215,64880,106202,8713,20,4
2414338,66467,70010,7532,20,4
2414342,44272,97381,7382,20,4
2414407,47167,37101,9605,22,3
2414464,36832,2988,5489,0,0
2414534,24754,103275,5786,14,0
2414630,20953,101675,1676,18,2
2414657,46618,174155,1707,14,0
2414660,21829,133395,8422,21,2
2414692,71104,31707,6714,1,1
2414695,19760,28462,8463,23,3
2414786,45290,142535,5050,14,0
2415271,48232,82921,2922,23,3
2415365,57844,98121,3140,21,2
2415493,37180,197,7698,1,1
2415620,64222,36940,4450,12,2
2415779,29011,157820,7821,24,1
2415814,60575,165414,2963,13,4
2415904,37247,114690,9713,12,2
2415907,57947,141770,6799,18,2
2415909,71185,14272,4273,15,0
2416033,24265,121983,1984,24,1
2416033,24265,154970,4971,24,1
2416065,48314,6637,4138,17,1
2416065,48314,50575,5586,17,1
2416128,49556,34888,9895,18,2
2416583,48520,172348,4866,23,3
2416612,57919,131673,9213,22,3
2416736,68497,127962,2987,22,3
2416740,52370,176714,9232,22,3
2416865,1265,182157,2158,24,1
2416868,49061,183418,5937,16,0
2417158,32326,168497,8498,22,3
2417189,52207,120294,5319,20,4
2417220,51979,14807,9810,1,1
2417506,42226,118707,6241,20,4
2417537,43363,147370,2399,15,0
2417538,74944,164257,6774,18,2
2417601,72367,100730,5751,22,3
2417697,33475,63398,3399,16,0
2417697,33475,88750,3767,16,0
2418151,31145,60564,8083,16,0
2418177,42829,36514,9018,18,2
2418598,58273,118680,8681,17,1
2418625,67343,78023,8024,13,4
2418630,46117,120902,3415,17,1
2418721,31336,39797,2301,20,4
2418818,25217,56829,6830,22,3
2419076,55456,106546,1567,16,0
2419078,59299,125411,5412,14,0
2419108,44059,37178,2185,19,3
2419170,61795,64711,2230,19,3
2419332,27010,3076,5577,24,1
2419525,19475,3516,8517,14,0
2419586,41378,157323,2354,14,0
2419652,64318,183043,3044,15,0
2419716,73178,44772,4773,1,1
2419749,71251,176850,4402,21,2
2419910,63592,69112,1619,23,3
2419911,33214,72755,7770,18,2
2419970,62740,150647,5678,23,3
2420032,65608,123822,8847,0,0
2420358,29854,6230,3731,23,3
2420640,24571,8522,6023,13,4
2420801,54949,45455,2968,19,3
2421061,23311,124138,1675,23,3
2421216,19672,146864,6865,15,0
2421410,41743,179015,4050,1,1
2421412,38009,186841,9360,21,2
2421414,30218,58900,3911,14,0
2421541,24119,88498,8499,12,2
2421572,60527,59285,9286,18,2
2421639,57308,4929,7430,24,1
2421700,29414,38290,3297,17,1
2422051,22354,11708,4210,1,1
2422242,27055,22943,2944,24,1
2422279,54682,8694,6195,0,0
2422308,30247,137929,2956,13,4
2422759,47173,66519,1532,12,2
2422784,70079,80337,2846,20,4
2422881,22288,39440,6950,13,4
2423012,63637,76239,6240,1,1
2423078,50005,75762,5763,19,3
2423429,29176,168219,3252,17,1
2423588,47191,56045,8551,20,4
2423840,67999,150490,3006,1,1
2423941,28795,129725,7262,14,0
2423971,71908,142167,2168,12,2
2424135,74344,128348,8349,21,2
2424135,74344,173665,3666,21,2
2424357,72206,172030,7065,15,0
2424422,50147,29185,4190,12,2
2424422,50147,164810,7327,12,2
2424452,29777,97866,5394,0,0
2424452,29777,124714,4715,0,0
2424645,60439,194741,4742,24,1
2424677,33589,164134,6651,0,0
2424933,54961,168969,1486,19,3
2424935,23542,9098,4099,21,2
2425030,34382,150675,8221,17,1
2425092,43346,84278,4279,22,3
2425188,23104,64005,1524,12,2
2425223,69466,9068,1569,21,2
2425252,60812,13496,8499,12,2
2425252,60812,24032,1539,12,2
2425543,52946,111,2612,1,1
2425571,69302,112959,5471,19,3
2425700,74780,193251,5771,22,3
2425766,73657,56916,6917,13,4
2425895,43712,28618,8619,21,2
2426050,44035,119820,4843,17,1
2426144,60094,7461,4962,12,2
2426246,54767,34097,4098,15,0
2426247,53194,136471,8985,19,3
2426470,23383,54892,2408,15,0
2426470,23383,83648,8665,15,0
2426470,23383,163519,6036,15,0
2426723,58267,172653,2654,17,1
2426752,23924,192072,7111,12,2
2426755,31898,162730,7763,15,0
2426919,51496,156569,6570,15,0
2426979,67615,10182,2684,20,4
2426979,67615,124192,6705,20,4
2426983,23174,158288,3319,17,1
2427013,64775,126168,8681,17,1
2427109,71431,34332,1842,16,0
2427109,71431,92245,7264,16,0
2427141,57898,26440,6441,14,0
2427300,25180,87697,2714,12,2
2427301,30058,43179,3180,0,0
2427747,66299,120708,8245,14,0
2428581,52724,156265,3811,13,4
2428674,32137,135582,5583,20,4
2428772,61162,85277,7786,14,0
2428834,55492,9019,6520,21,2
2428839,33862,28937,3942,16,0
2428899,64835,198707,6265,1,1
2428998,61879,6111,8612,24,1
2429027,64799,86969,4494,0,0
2429155,1235,74408,6916,24,1
2429220,49063,58983,6499,18,2
2429504,53689,152273,2274,14,0
2429509,53371,167177,4726,14,0
2429735,38108,114257,4258,23,3
2430050,46445,88978,8979,1,1
2430050,46445,117293,2316,1,1
2430279,24734,149044,9045,18,2
2430343,35989,83198,3199,18,2
2430370,52270,128982,8983,19,3
2430373,23104,80199,2708,12,2
2430595,42269,46473,1482,23,3
2430916,66853,44954,9963,14,0
2431077,46595,176912,6913,0,0
2431266,67069,11065,6068,22,3
2431269,66967,27001,7002,20,4
2431271,38147,79714,9715,21,2
2431364,58459,6676,6677,13,4
2431557,41743,184573,2128,1,1
2431650,21562,68099,3112,23,3
2431715,41755,62118,7131,20,4
2431745,35378,78326,3341,17,1
2431877,36484,149754,4783,22,3
2432295,70723,73753,3754,22,3
2432418,30598,176421,8939,21,2
2432448,37913,81666,9191,13,4
2432486,43498,35880,5881,14,0
2432928,64889,14986,7488,0,0
2433255,74114,127898,2923,15,0
2433605,42920,149871,4900,17,1
2433638,60020,13608,8611,15,0
2433926,47875,84048,9065,21,2
2434054,27371,46777,1786,18,2
2434054,27371,172127,4645,18,2
2434119,23428,77334,2349,22,3
2434209,59378,174536,4537,13,4
2434243,19462,40077,2582,24,1
2434436,27137,100893,3404,1,1
2434630,37570,58419,5935,24,1
2435072,37859,52937,7948,17,1
2435301,55108,90309,5328,1,1
2435494,52684,166053,3602,19,3
2435587,33904,31092,8602,15,0
2435623,61978,45784,3297,17,1
2435748,51995,99523,7051,12,2
2435782,58679,45368,5369,0,0
2435911,42238,49915,9916,13,4
2436132,44681,75782,8290,21,2
2436132,44681,176253,3805,21,2
2436134,74870,42800,5305,13,4
2436354,72728,39606,4613,23,3
2436454,48776,21945,4448,18,2
2436928,62006,11553,9057,12,2
2437024,72613,190362,7920,22,3
2437248,40756,98224,8225,0,0
2437317,38167,34619,4620,0,0
2437317,38167,60629,8148,0,0
2437345,39394,92522,7541,22,3
2437668,24031,49070,1575,13,4
2438052,66128,3717,3718,0,0
2438116,67342,75206,2728,24,1
2438304,73762,82415,4924,15,0
2438593,65602,166400,6401,1,1
2438725,74974,4870,2371,23,3
2438727,52132,30387,7897,18,2
2438883,72508,149670,2185,19,3
2438980,59089,59966,7482,14,0
2439009,30211,166762,4311,22,3
2439041,68230,98413,5941,17,1
2439072,28801,32118,7125,19,3
2439169,66538,163111,3112,23,3
2439558,66956,118385,8386,21,2
2439584,68812,40257,7770,18,2
2439717,64616,41826,4331,16,0
2439717,64616,77761,7762,16,0
2439778,63935,141048,6077,24,1
2439810,27908,123275,3276,19,3
2440035,68395,94390,9409,13,4
2440162,24391,109858,9859,24,1
2440196,42466,124255,6768,0,0
2440224,35935,4074,9075,0,0
2440421,31582,68945,1452,20,4
2440483,43792,162349,2350,21,2
2440614,44767,163978,3979,19,3
2440614,44767,176967,9485,19,3
2440835,43603,164899,4900,17,1
2441024,71527,81056,6073,15,0
2441058,54773,22513,7518,0,0
2441058,54773,96417,8927,0,0
2441159,42826,140695,5724,14,0
2441216,49484,71852,6867,18,2
2441413,30815,124333,1870,12,2
2441602,56269,135153,5154,17,1
2441602,56269,142653,2654,17,1
2441730,44389,15008,7510,1,1
2441794,31147,121300,1301,21,2
2441863,45287,165829,8346,17,1
2441922,49543,117651,5185,19,3
2441986,61768,45163,7668,20,4
2442148,18931,45939,5940,21,2
2442240,59081,187839,5394,0,0
2442307,29935,11779,6782,24,1
2442402,42781,49279,6792,22,3
2442438,61552,67035,9542,22,3
2442500,39176,135016,2556,21,2
2442565,55997,126329,6330,22,3
2442660,26860,105443,5444,13,4
2442789,38522,113273,8296,0,0
2442851,19457,41073,8586,12,2
2443009,63892,114614,2148,24,1
2443015,62303,18901,8902,23,3
2443138,72247,92463,4973,13,4
2443200,18919,134780,2320,1,1
2443393,35548,129022,6559,0,0
2443429,19858,98019,3038,21,2
2443462,69286,54938,9949,23,3
2443495,26293,1262,3763,18,2
2443523,34019,122490,7515,15,0
2443617,73910,55010,2526,22,3
2443680,34768,161596,6629,20,4
2443843,37070,15482,7984,14,0
2444098,20707,143844,3845,23,3
2444167,51124,163853,1402,1,1
2444545,68110,65959,3478,22,3
2444580,44797,87344,2361,17,1
2444613,71254,174865,9900,13,4
2444674,73796,121038,3551,18,2
2444736,40447,9524,2025,20,4
2444902,36931,18410,3413,17,1
2444994,52279,36428,6429,18,2
2445061,52111,32674,5178,20,4
2445124,28372,8857,6358,15,0
2445221,74227,2629,5130,0,0
2445447,31699,75311,7819,22,3
2445475,51562,193321,3322,19,3
2445542,20888,59095,6611,20,4
2445607,22847,52015,4521,24,1
2445728,19951,150049,7595,13,4
2445862,36283,41174,6183,22,3
2445926,39155,194162,6682,20,4
2446119,26930,157867,5413,20,4
2446119,26930,170975,8527,20,4
2446176,66832,196587,6588,1,1
2446435,47473,49596,2101,18,2
2446883,34966,92410,2411,16,0
2446947,66424,110458,7992,16,0
2446978,60833,30022,7532,20,4
2447139,69595,108230,5761,15,0
2447142,33886,13425,5927,22,3
2447233,34988,14666,9669,24,1
2447239,62203,147302,4845,16,0
2447297,25033,79997,2505,15,0
2447297,25033,146883,1912,15,0
2447395,54091,94162,4163,20,4
2447397,71260,12597,2598,13,4
2447520,21832,44296,4297,22,3
2447525,55811,29557,2060,16,0
2447776,25681,147239,7240,23,3
2448032,38258,42200,9713,12,2
2448036,31481,15421,7923,16,0
2448037,36031,161611,6644,13,4
2448359,38555,68570,6089,17,1
2448359,38555,87403,7404,17,1
2448416,49436,3227,8228,12,2
2448421,45811,52176,7187,15,0
2448421,45811,135812,5813,15,0
2448421,45811,187400,2437,15,0
2448674,42551,137834,5374,22,3
2448674,42551,142348,2349,22,3
2448806,67396,79825,4840,20,4
2449024,52540,136750,6751,18,2
2449285,40246,61168,3675,20,4
2449314,31384,86023,3548,20,4
2449344,19858,78026,5548,21,2
2449378,32422,182680,5199,21,2
2449505,56156,15767,5768,16,0
2449508,24292,113021,5533,16,0
2449508,24292,142515,7544,16,0
2449606,24383,145179,2722,19,3
2449670,38764,199028,6586,22,3
2449698,55225,52894,5400,23,3
2449888,43462,61887,1888,19,3
2449952,70675,149476,7019,21,2
2449991,55724,64826,9839,18,2
2450049,21946,196690,1729,18,2
2450277,48973,73001,8016,1,1
2450465,50104,113394,8417,13,4
2450690,47291,182571,2572,22,3
2450784,69928,49127,1632,14,0
2451138,73970,100787,3298,23,3
2451207,58021,121799,6824,20,4
2451270,37097,54946,4947,22,3
2451716,49651,21722,9229,1,1
2451718,19330,31057,8567,19,3
2451874,66472,112100,9634,14,0
2451878,56584,120194,2707,20,4
2452482,43255,189893,4930,0,0
2452612,69122,50598,8114,13,4
2452615,66268,29278,6785,21,2
2452802,21727,69282,4295,21,2
2452803,53347,158634,6180,14,0
2452871,54832,189975,9976,0,0
2453031,38978,91328,8856,16,0
2453125,66358,29250,6757,20,4
2453286,68587,4102,1603,0,0
2453315,56720,181212,3731,23,3
2453444,47044,167348,7349,1,1
2453473,43567,23872,8877,17,1
2453506,36344,192084,2085,12,2
2453633,32197,133382,3383,13,4
2453797,28148,129469,9470,17,1
2453893,52460,36830,1837,24,1
2453954,39490,119064,6598,20,4
2454083,42385,69732,4745,1,1
2454311,45244,120215,2728,24,1
2454337,63607,12162,7165,0,0
2454374,22544,181037,6074,23,3
2454688,66005,32560,5064,21,2
2454720,30904,128305,5842,20,4
2455042,40174,3264,3265,15,0
2455042,40174,34272,4273,15,0
2455360,50834,9794,2295,15,0
2455424,70694,102831,5342,1,1
2455431,36152,155164,7680,18,2
2455489,55178,162823,7856,12,2
2455745,23245,42814,5319,20,4
2455778,59327,157771,5317,21,2
2455782,65743,81887,1888,19,3
2455810,35284,35809,3319,17,1
2455872,54059,179605,7157,16,0
2455975,43762,59097,6613,14,0
2456005,39427,138334,5874,19,3
2456326,42085,97018,7019,21,2
2456453,19663,102112,2113,17,1
2456487,43195,132992,8019,14,0
2456768,39349,153309,3310,23,3
2456838,71089,126200,8713,20,4
2457056,23161,69110,6629,20,4
2457506,38264,120950,8487,13,4
2457573,31240,175902,5903,12,2
2457989,19792,76682,9190,20,4
2458051,58945,159838,9839,18,2
2458148,31922,139792,7332,15,0
2458375,67379,81757,9282,14,0
2458439,53564,198896,1416,13,4
2458496,1789,167336,4885,0,0
2458497,41146,86847,4372,21,2
2458535,35999,9364,6865,15,0
2458820,34309,133027,5541,18,2
2458912,35311,61950,9469,1,1
2459169,60271,171617,9169,19,3
2459367,64772,54794,4795,19,3
2459493,25000,189565,7120,23,3
2459748,74860,36373,3883,16,0
2460003,25358,177298,9816,19,3
2460486,48973,133193,3194,1,1
2460613,56765,20565,3068,18,2
2460644,32167,84945,2470,22,3
2460644,32167,103254,3255,22,3
2460804,71146,131895,9435,20,4
2460932,51772,49695,9696,15,0
2461056,55475,724,3225,23,3
2461059,57409,132033,9573,14,0
2461319,33442,21313,3816,1,1
2461351,32246,104454,9475,16,0
2461381,34786,63305,5812,13,4
2461987,59875,111988,9522,18,2
2462145,34801,32007,7014,19,3
2462276,70168,126269,1294,15,0
2462402,24334,191851,9409,13,4
2462464,49030,84666,2191,14,0
2462597,35440,70264,7786,14,0
2462721,46709,97996,3015,21,2
2462721,46709,187435,9954,21,2
2462882,63253,85137,5138,17,1
2462949,41939,163787,8820,21,2
2463010,60694,130158,5185,19,3
2463076,22226,73503,3504,0,0
2463078,73540,128384,5921,17,1
2463078,73540,136166,8680,17,1
2463591,71594,71265,3773,21,2
2463591,71594,72344,7359,21,2
2463904,29807,84492,7001,17,1
2464165,54283,191909,1910,21,2
2464356,52549,45571,8076,13,4
2464417,55753,52254,9770,21,2
2464612,39646,78897,8898,0,0
2464612,39646,124439,4440,0,0
2464640,31981,56731,9237,12,2
2464704,53383,138120,3147,23,3
2464704,53383,184827,9864,23,3
2465025,49624,8714,8715,19,3
2465312,44081,90169,5188,18,2
2465314,36796,99507,7035,1,1
2465732,32702,167845,5394,0,0
2465859,33113,16495,1498,20,4
2465957,64678,106381,8892,12,2
2466117,37843,186721,1758,12,2
2466277,42313,191349,3869,18,2
2466631,56995,120208,5233,12,2
2466723,67700,50955,3461,22,3
2466723,67700,184814,2369,22,3
2466979,71023,156740,6741,16,0
2467046,36656,112415,2416,13,4
2467110,65383,14085,9088,18,2
2467110,65383,180162,2681,18,2
2467174,48074,85403,2928,1,1
2467205,39979,15063,5064,21,2
2467267,55753,27032,9535,21,2
2467366,27559,38576,3583,20,4
2467366,27559,95982,8492,20,4
2467366,27559,118145,3168,20,4
2467713,27286,101595,4106,12,2
2467717,69310,181695,6732,22,3
2467906,44372,126487,1512,23,3
2467908,40114,166027,3576,16,0
2468160,40060,158800,8801,1,1
2468197,45943,199316,9317,18,2
2468199,48253,159366,6912,24,1
2468258,51208,143912,6427,19,3
2468327,20239,72808,5316,20,4
2468385,74698,34682,7186,17,1
2468420,73981,21420,8927,0,0
2468516,36850,94488,6998,21,2
2468736,71983,175512,3064,22,3
2468997,26318,54121,1637,21,2
2469120,19120,34370,9377,13,4
2469313,67711,160655,8204,21,2
2469317,27887,162526,2527,13,4
2469475,55798,95975,5976,22,3
2469506,68179,32799,5303,16,0
2469762,44479,182865,7902,12,2
2469766,42893,167207,4756,1,1
2469827,31967,81885,1886,12,2
2469988,37834,107560,2581,14,0
2470085,58276,170869,5904,22,3
2470530,60890,4010,4011,15,0
2470694,59486,126804,4341,21,2
2470722,45574,32213,9723,13,4
2470823,59294,143861,8890,19,3
2470850,57101,199337,1857,12,2
2470918,19939,15968,8470,23,3
2470981,27697,52910,5416,13,4
2471138,68717,86809,6810,14,0
2471203,55361,155138,2684,20,4
2471268,46669,11619,1620,24,1
2471298,35254,46920,1929,22,3
2471392,69032,123391,3392,18,2
2471488,47125,26265,1270,1,1
2471623,31852,64753,7260,1,1
2471938,39722,4683,9684,15,0
2472068,56182,141668,9211,21,2
2472353,23008,105121,7632,21,2
2472384,31487,77279,2294,22,3
2472711,42934,144857,7372,23,3
2472742,36808,193497,6017,15,0
2473511,23545,85859,8368,1,1
2473537,67762,162994,2995,21,2
2473670,54503,60878,3385,15,0
2473730,21370,18570,8571,19,3
2473733,20065,70828,8350,1,1
2474022,67999,94465,4466,1,1
2474148,49486,94911,7421,19,3
2474242,39082,25367,2874,23,3
2474338,63796,174336,1888,19,3
2474340,49960,199835,4874,16,0
2474567,24148,191663,9221,24,1
2474628,49690,57400,9906,24,1
2474788,28861,58199,3210,1,1
2474788,28861,112885,2886,1,1
2474816,65971,173799,1351,21,2
2474918,64528,116208,3742,14,0
2474945,27814,192013,9571,17,1
2475011,1699,43627,6132,1,1
2475077,27836,12437,9941,18,2
2475106,54544,54410,4411,23,3
2475494,59123,195517,3075,20,4
2475589,51169,164723,7240,23,3
2475619,64642,89835,7360,22,3
2475653,57988,144357,9386,13,4
2475778,54163,76505,4027,12,2
2476067,19477,11696,6699,23,3
2476386,19172,157421,9937,21,2
2476423,36526,129877,9878,16,0
2476706,46286,156630,1661,12,2
2476868,1672,155423,2969,23,3
2476935,66608,60630,5643,20,4
2476997,30851,133484,5998,20,4
2477249,40897,113742,3743,1,1
2477280,34051,4037,4038,14,0
2477316,37888,116801,9313,24,1
2477318,48509,37297,4807,15,0
2477345,57029,195490,8010,13,4
2477572,42235,145844,8359,0,0
2477665,72754,27985,2990,20,4
2477831,62428,103617,3618,20,4
2477895,71086,128220,3245,22,3
2478053,67399,50405,7921,16,0
2478278,36832,18587,8588,0,0
2478497,38485,114872,7384,24,1
2478531,54931,77168,4690,15,0
2478596,65500,57601,2612,1,1
2478724,48244,57291,4807,15,0
2478884,69017,79865,9866,21,2
2478887,49903,149191,4220,21,2
2479105,34832,92389,4899,16,0
2479425,39031,17916,7917,12,2
2479553,25678,192127,7166,22,3
2479680,37751,126641,1666,22,3
2479745,39394,53353,5859,22,3
2479777,63442,7183,4684,24,1
2479847,44795,36577,4087,12,2
2480130,58982,27127,4634,24,1
2480134,22277,45893,5894,0,0
2480134,22277,116799,1822,0,0
2480839,69049,67096,7097,14,0
2480999,35015,91360,6379,20,4
2481155,37475,13867,1371,17,1
2481248,42335,43233,5738,1,1
2481600,28351,168217,5766,13,4
2481927,55213,183687,8724,16,0
2481953,30931,23866,8871,0,0
2481953,30931,27443,2448,0,0
2482050,59296,160169,5202,1,1
2482182,73561,44766,9775,18,2
2482436,38206,99564,7092,22,3
2482567,72407,49806,4815,17,1
2482630,72478,32479,9989,0,0
2482726,27992,41350,3855,12,2
2482758,33175,173677,3678,14,0
2483074,54821,114779,7291,17,1
2483202,46729,77826,5348,12,2
2483299,31460,166692,9209,23,3
2483299,31460,195950,8470,23,3
2483335,37987,157180,9696,15,0
2483493,55588,2337,4838,23,3
2483586,58207,178667,8668,16,0
2483843,52207,83013,8030,20,4
2483843,52207,188472,6027,20,4
2483875,70231,139627,4654,0,0
2483876,20035,174642,9677,17,1
2484038,22690,69859,2366,14,0
2484162,67291,107114,7115,22,3
2484385,59701,17773,7774,16,0
2484611,53050,3869,3870,23,3
2484611,53050,127177,9690,23,3
2484645,22711,139172,1686,18,2
2484676,58094,154543,9574,0,0
2484678,18857,11349,1350,13,4
2484708,69620,10579,5582,22,3
2484743,30502,3466,5967,21,2
2484773,49127,108261,8262,18,2
2485413,62989,62436,9955,16,0
2485569,39932,143323,5838,0,0
2485638,50911,19400,6904,17,1
2485670,69130,175133,7651,23,3
2486242,42749,21240,6245,14,0
2486275,50284,199008,4047,0,0
2486305,28586,69221,6740,15,0
2486496,19543,177590,7591,22,3
2486560,27544,142075,2076,19,3
2486785,66415,104367,9388,24,1
2486982,57788,76765,6766,12,2
2486982,57788,182763,7800,12,2
2487168,21563,16165,3669,23,3
2487554,60791,165370,7887,19,3
2487649,26093,14707,9710,12,2
2487649,26093,187095,2132,12,2
2487718,58768,274,7775,16,0
2487779,53209,137471,5011,1,1
2487936,33997,26584,6585,15,0
2488003,47323,14145,6647,24,1
2488099,65752,163254,8287,17,1
2488165,21460,26241,6242,15,0
2488225,72592,129911,9912,14,0
2488230,46214,31590,4094,17,1
2488230,46214,67996,7997,17,1
2488646,43339,42505,7514,17,1
2488967,51712,159770,9771,24,1
2489095,44263,64183,6690,23,3
2489221,55958,153844,3845,23,3
2489252,31609,172434,2435,21,2
2489255,30382,141597,4112,20,4
2489347,19324,123303,5816,15,0
2489378,41452,138502,6042,21,2
2489441,24868,29888,9889,15,0
2489667,41662,8818,1319,16,0
2489700,54986,59778,4789,15,0
2489829,45985,124332,4333,17,1
2490023,52559,29524,2027,13,4
2490530,19777,112127,9661,22,3
2490663,20300,24305,9310,22,3
2490663,20300,129254,4279,22,3
2490853,53851,6546,1547,0,0
2490853,53851,24286,4287,0,0
2490853,53851,169737,4770,0,0
2490916,62275,98680,3699,0,0
2491107,67102,99701,4720,17,1
2491108,65851,54883,9894,15,0
2491398,44477,100868,8399,12,2
2491746,39878,148470,6013,20,4
2491809,72400,142611,7640,17,1
2491905,67376,62151,9670,19,3
2491906,34966,198523,3562,16,0
2491909,23410,31630,9140,22,3
2492038,18784,136061,8575,17,1
2492098,73084,88190,8191,0,0
2492417,58738,121012,3525,18,2
2492481,72436,139023,6563,16,0
2492544,27076,65170,7677,21,2
2492674,46732,77106,4628,15,0
2492871,56645,137890,2917,20,4
2492903,55541,114758,4759,18,2
2492963,31397,91815,4325,12,2
2493056,68029,29507,7014,19,3
2493184,60412,120032,7569,16,0
2493313,34064,26197,8700,24,1
2493413,20686,192281,9839,18,2
2493670,44089,134735,7249,15,0
2493732,26582,133850,8877,17,1
2493732,26582,148328,3357,17,1
2494116,61921,97883,2902,23,3
2494183,24856,187799,5354,17,1
2494214,1570,63144,5651,13,4
2494242,65758,177460,5012,0,0
2494433,59363,32772,7779,19,3
2494533,39160,61220,8739,20,4
2494597,26926,108879,3900,24,1
2494597,26926,112743,7766,24,1
2494695,42190,119454,9455,21,2
2494725,27949,80517,3026,19,3
2494726,57455,131229,6256,13,4
2494753,62290,113957,8980,23,3
2495045,26014,136863,1890,12,2
2495110,63742,134873,7387,20,4
2495203,49789,10074,2576,13,4
2495938,25063,97174,7175,17,1
2495972,69827,74866,7374,24,1
2496033,53029,44182,9191,13,4
2496100,53383,22865,5368,23,3
2496258,52417,5235,7736,1,1
2496321,45880,44693,7198,12,2
2496481,51712,149034,6577,24,1
2496613,56003,181320,8875,19,3
2496708,69107,22067,4570,18,2
2496771,63482,163496,8529,20,4
2496903,53623,112193,4705,23,3
2497029,29969,136471,4011,15,0
2497094,40726,66120,3639,19,3
2497349,56156,1600,6601,16,0
2497408,62845,49724,9725,12,2
2497732,70789,1002,6003,23,3
2497735,67450,169487,4520,0,0
2497792,62482,176390,6391,12,2
2497953,54778,169452,7001,17,1
2498080,37247,77029,2044,12,2
2498118,29245,6231,8732,24,1
2498530,74407,161877,9426,23,3
2498721,50116,132629,7656,20,4
2498817,22657,20413,2916,22,3
2498918,74380,71563,6578,24,1
2499265,34108,28870,6377,15,0
2499297,28441,123956,8981,24,1
2499648,61157,194623,7143,24,1
2499649,61316,23332,3333,24,1
2499653,29305,98069,5597,1,1
2499687,67120,165095,7612,17,1
2499745,63202,87353,7354,14,0
2499745,63202,190159,7717,14,0
2499812,27466,168803,8804,13,4
2500038,35509,99714,4733,18,2
2500133,65617,145850,8365,22,3
2500358,36935,112440,4952,14,0
2500609,61675,91854,9382,18,2
2500837,66016,52563,2564,0,0
2500928,28349,99883,2393,18,2
2500999,32390,92864,5374,22,3
2501383,35419,61380,1381,24,1
2501446,35143,19542,2044,12,2
2501829,1636,86240,6241,20,4
2501890,33482,48806,1311,0,0
2502050,20686,172285,7320,18,2
2502147,49051,94269,1797,15,0
2502176,67132,163035,8068,23,3
2502208,30827,141616,9159,16,0
2502340,30689,34912,4913,21,2
2502626,49966,70800,5815,21,2
2502626,49966,108847,3868,21,2
2502720,71290,66013,6014,16,0
2502720,71290,75977,3499,16,0
2502720,71290,151015,6046,16,0
2503300,64609,87329,7330,17,1
2503329,68125,9257,1758,12,2
2503367,31262,192382,7421,19,3
2503877,44470,24696,4697,21,2
2503908,71119,10911,8415,17,1
2503941,31357,162552,7585,24,1
2504291,63404,171650,1651,21,2
2504386,58468,164735,9768,14,0
2504388,37985,73138,8153,14,0
2504388,37985,170243,7795,14,0
2504548,19288,139626,7166,22,3
2505188,73859,134557,9584,21,2
2505446,30844,91368,6387,15,0
2505472,50834,181504,6541,15,0
2505538,61141,73770,3771,0,0
2505571,48931,64256,6763,13,4
2505955,65696,54419,6925,20,4
2505984,51790,13294,8297,14,0
2505984,51790,198883,6441,14,0
2506017,55465,168555,6104,15,0
2506119,23195,172332,2333,22,3
2506214,39949,77037,2052,1,1
2506438,46316,89400,4417,0,0
2506531,66727,149727,7270,21,2
2506752,20057,87341,9850,20,4
2506757,33583,33793,1303,12,2
2506757,33583,81595,9120,12,2
2506978,73240,52107,4613,23,3
2507171,50917,24541,9546,13,4
2507174,20306,117403,2426,19,3
2507494,63055,57317,9823,13,4
2507559,28135,161296,1297,14,0
2507559,28135,168404,8405,14,0
2507684,65341,150064,5095,17,1
2507782,47864,141120,6149,19,3
2507873,54164,155842,8358,19,3
2507877,73690,59077,1583,14,0
2507877,73690,106521,4052,14,0
2508198,58394,64790,2309,16,0
2508225,68125,84332,1857,12,2
2508324,34645,52504,5010,22,3
2508390,69421,34554,7058,16,0
2508612,50516,131415,3929,14,0
2508644,63581,159874,2390,18,2
2508672,24703,158208,5754,13,4
2508773,20792,22478,7483,17,1
2508997,20986,51977,9493,17,1
2509127,61733,91605,1606,24,1
2509159,63130,34644,7148,19,3
2509187,70165,199528,2048,0,0
2509346,43348,113776,8799,24,1
2509571,55933,106148,8659,15,0
2509664,62930,97310,9820,21,2
2509730,53047,161128,3645,20,4
2509922,27854,142858,5373,19,3
2510053,30572,106434,3965,23,3
2510080,39550,152167,9713,12,2
2510082,44884,136611,9125,21,2
2510117,19690,19288,1790,15,0
2510214,43585,37543,2550,21,2
2510214,43585,82028,7045,21,2
2510343,62473,89606,4623,19,3
2510594,49495,157188,9704,19,3
2510720,22390,23514,6017,15,0
2511137,59011,177429,7430,24,1
2511142,39634,34846,2356,19,3
2511169,65474,192313,2314,0,0
2511300,47957,84135,4136,22,3
2511301,57640,111511,4023,21,2
2511589,32887,115562,8074,15,0
2511745,30883,103949,6460,15,0
2511745,30883,147898,7899,15,0
2511943,59530,11278,6281,20,4
2512102,73801,115893,5894,0,0
2512130,26890,90820,8348,23,3
2512192,63415,157317,4863,1,1
2512647,40868,91680,4190,12,2
2512902,46111,160511,8060,16,0
2513446,18758,16556,6557,12,2
2513571,31388,46510,4023,21,2
2513602,40219,40067,2572,22,3
2513633,62351,115786,5787,23,3
2513635,25171,86696,1713,12,2
2513697,24497,61860,6873,17,1
2513986,33820,171418,8970,17,1
2513990,44773,115081,5082,24,1
2514023,56347,21156,6161,14,0
2514050,32218,124284,6797,13,4
2514054,71056,114037,1571,23,3
2514082,25522,135136,7650,18,2
2514083,70366,158858,8859,19,3
2514211,28733,7492,9993,0,0
2514627,36277,148368,3397,19,3
2514723,25109,155946,5947,13,4
2514820,43255,106530,9041,0,0
2514949,35827,171299,1300,23,3
2515041,45278,179487,2005,20,4
2515042,25774,152199,9745,16,0
2515238,53284,69634,7153,1,1
2515264,63802,26256,3763,18,2
2515426,25439,112812,2813,14,0
2515649,55729,92781,7800,12,2
2515875,25637,28405,8406,22,3
2515907,46471,62047,4554,13,4
2515907,46471,178433,8434,13,4
2515968,39379,153053,5569,18,2
2515974,44938,129503,7040,16,0
2516034,73324,69811,2318,24,1
2516290,60689,31844,4348,15,0
2516515,60934,64376,1895,21,2
2516998,21820,21236,8743,18,2
2517189,37502,861,3362,18,2
2517221,21038,90748,8276,19,3
2517250,41630,119418,9419,17,1
2517414,64241,48662,8663,12,2
2517543,55837,90163,5182,0,0
2517606,43531,99609,7137,19,3
2517831,56873,19679,4682,19,3
2517889,29963,40675,8188,15,0
2517895,72400,29513,4518,17,1
2518112,64034,19004,9005,15,0
2518149,51149,104496,7007,12,2
2518311,44066,27601,7602,20,4
2518592,65429,175146,5147,15,0
2518660,53089,27046,7047,17,1
2518661,40370,24725,7228,20,4
2518981,47914,10630,8134,20,4
2519234,39359,174609,7127,20,4
2519616,28300,77448,4970,0,0
2519654,33475,188015,5570,16,0
2519908,68135,30087,5094,0,0
2520547,70558,155370,5371,22,3
2520741,71758,85305,5306,23,3
2520771,22405,190845,5884,1,1
2520965,36701,91992,4502,12,2
2521287,67409,23653,8658,12,2
2521602,74179,104655,9676,15,0
2521669,60046,59308,6824,20,4
2521856,42853,161273,1274,20,4
2521985,41110,15091,5092,22,3
2521990,66064,53950,6456,22,3
2522054,53104,147196,7197,12,2
2522501,40162,129309,9310,22,3
2522626,67576,38485,8486,23,3
2522852,50108,18318,3321,1,1
2523079,51601,35604,3114,22,3
2523270,47428,183833,1388,15,0
2523430,28634,135667,3207,24,1
2523461,22975,137164,7165,0,0
2523489,71356,142136,7165,0,0
2523527,31691,164820,2369,22,3
2523712,19679,20424,2927,21,2
2523780,35833,119821,4844,15,0
2523941,30208,81350,3859,1,1
2524032,41338,146167,6168,17,1
2524132,21320,134049,9076,19,3
2524352,24280,182211,4730,22,3
2524547,20011,7075,9576,12,2
2524548,19225,54730,4731,12,2
2524580,38452,85667,3192,15,0
2524647,43472,97870,7871,19,3
2524647,43472,174218,4219,19,3
2524678,19322,165148,2697,18,2
2524834,32515,109956,4977,0,0
2524896,1414,75093,2615,20,4
2524898,35552,86937,1954,24,1
2524899,58291,53323,5829,18,2
2525057,71266,111244,8778,18,2
2525062,29383,91495,6514,12,2
2525122,39943,108103,5634,1,1
2525124,65722,64474,6981,0,0
2525186,56491,167698,5247,23,3
2525313,41896,66587,6588,1,1
2525446,20656,2840,5341,1,1
2525543,39152,75853,5854,18,2
2525798,40075,112918,5430,17,1
2526375,56995,46045,3558,12,2
2526432,63938,80848,5865,23,3
2526663,27104,46352,3865,16,0
2526758,54767,142436,2437,15,0
2526789,36394,27315,2320,1,1
2526887,67508,179116,6668,14,0
2527041,36265,194423,6943,16,0
2527168,34636,44568,4569,18,2
2527233,28544,131140,8680,17,1
2527399,40297,160149,7698,1,1
2527490,52804,64058,6565,24,1
2527683,25774,72897,7912,16,0
2527683,25774,138031,8032,16,0
2527939,29093,131845,4359,1,1
2528132,60646,326,2827,0,0
2528132,60646,108001,8002,0,0
2528192,40880,184509,4510,12,2
2528385,48446,26443,6444,17,1
2528422,38323,188502,6057,23,3
2528517,48379,55492,5493,19,3
2528866,53984,166623,4172,13,4
2528870,67538,33932,8939,21,2
2528871,45892,103039,8060,16,0
2529025,57556,23220,8225,0,0
2529061,41755,72534,5042,20,4
2529350,71065,173935,3936,23,3
2529383,71353,98887,8888,14,0
2529383,71353,191834,4354,14,0
2529826,31213,44283,6788,1,1
2529957,71665,167826,7827,12,2
2530054,46540,56752,4268,15,0
2530054,46540,58492,8493,15,0
2530144,33089,4698,4699,19,3
2530375,58894,141372,8915,19,3
2530470,72811,124232,1769,13,4
2530624,74407,104729,7240,23,3
2530662,55592,65226,7733,1,1
2530977,37766,17183,7184,1,1
2531107,33461,54840,7346,19,3
2531107,33461,97124,7125,19,3
2531237,67336,47952,2961,17,1
2532066,24862,177943,2978,20,4
2532227,36152,192966,2967,18,2
2532295,34636,108241,5772,18,2
2532740,49480,39554,4561,15,0
2532770,50818,194889,7409,13,4
2532864,74227,132190,7217,0,0
2532965,72097,33679,3680,12,2
2533063,54602,103530,8551,20,4
2533063,54602,137949,7950,20,4
2533063,54602,169208,6757,20,4
2533152,27635,14778,7280,12,2
2533156,74944,154552,2098,18,2
2533473,59080,30062,5069,15,0
2533700,46876,92123,7142,20,4
2533798,33955,63804,6311,22,3
2533798,33955,178132,3167,22,3
2533831,71419,144071,9100,0,0
2534054,65878,26327,1332,16,0
2534082,66118,141809,6838,1,1
2534209,73196,101313,3824,0,0
2534273,66103,64093,4094,17,1
2534306,61693,8827,6328,19,3
2534532,27022,185361,2916,22,3
2534563,68726,108153,5684,0,0
2534727,45404,129645,2158,24,1
2534918,29093,189761,4798,1,1
2535297,23195,38434,8435,22,3
2535297,23195,178713,8714,22,3
2535399,52415,71207,3715,13,4
2535719,54283,29608,9609,21,2
2535876,46862,93845,8864,16,0
2535943,22606,187118,9637,12,2
2535971,56461,54141,1657,16,0
2536160,53162,161070,6103,21,2
2536195,23134,106864,6865,15,0
2536225,58903,59139,9140,22,3
2536355,68773,2408,4909,1,1
2536355,68773,159420,1936,1,1
2536515,39349,106311,3842,23,3
2536804,39343,99678,9679,12,2
2536868,29236,117394,7395,12,2
2537154,51886,33497,6001,22,3
2537376,24077,174646,9681,0,0
2537380,32138,130949,3463,24,1
2537508,39487,88514,8515,19,3
2537509,29447,160045,7594,13,4
2537639,27386,144693,4694,16,0
2537856,38647,107990,5521,1,1
2537922,47867,78498,3513,22,3
2538020,29044,851,8352,0,0
2538146,51722,190838,3358,0,0
2538274,37180,176637,4189,1,1
2538439,64637,101395,8926,24,1
2538692,64141,192237,4757,18,2
2538979,38716,94752,9771,24,1
2539044,38251,131154,3668,17,1
2539525,47896,43530,3531,15,0
2539619,70349,43421,8430,13,4
2539745,33796,139911,9912,14,0
2539750,70393,192107,2108,15,0
2539975,54695,66485,8992,17,1
2540003,71063,199453,4492,22,3
2540325,55090,155568,5569,18,2
2540480,56326,67839,2852,19,3
2540551,29650,24287,1794,16,0
2540608,43930,49683,7196,0,0
2540608,43930,132389,9929,0,0
2540935,56560,190999,6038,15,0
2540994,37510,171533,1534,20,4
2540996,67399,122033,7058,16,0
2541126,55061,124411,1948,24,1
2541157,47188,139461,7001,17,1
2541218,50740,155052,5053,15,0
2541317,53170,34369,6873,17,1
2541697,61291,95574,3102,19,3
2541701,36838,4854,7355,18,2
2541794,29677,103736,6247,24,1
2541925,41617,50116,7632,21,2
2542272,64687,13728,3729,24,1
2542337,66037,179649,7201,16,0
2542852,56162,140212,7755,22,3
2542884,26269,861,3362,18,2
2542884,26269,63718,8731,18,2
2542983,52114,57295,9801,12,2
2543015,55111,82234,7251,22,3
2543109,67325,35643,5644,1,1
2543460,20423,110232,5255,0,0
2543717,72580,32245,4749,22,3
2543811,71488,157278,4824,12,2
2543968,71920,191921,9479,19,3
2544288,53062,88823,6348,21,2
2544423,38056,84720,9737,1,1
2544965,22112,133133,3134,17,1
2544999,33566,7155,7156,0,0
2545159,54877,132275,7302,18,2
2545159,54877,177631,2666,18,2
2545249,58762,99231,9232,22,3
2545286,62840,44748,4749,22,3
2545313,70481,115063,2597,24,1
2545413,56257,57207,9713,12,2
2545413,56257,165983,8500,12,2
2545572,59710,63259,8272,24,1
2545697,65302,192184,4704,12,2
2545825,45325,45831,5832,18,2
2545895,34354,137761,7762,16,0
2545923,45137,61994,4501,20,4
2545952,66782,24780,2287,14,0
2546018,39610,199706,7264,16,0
2546278,44432,112993,8016,1,1
2546279,52118,188429,8430,13,4
2546405,62567,119842,4865,14,0
2546631,36691,131782,9322,22,3
2546752,20594,159989,7535,23,3
2546914,36017,2203,7204,1,1
2547332,47392,96574,9084,0,0
2547942,19241,39247,9248,0,0
2548037,50237,29139,4144,12,2
2548039,57583,52580,5086,12,2
2548260,46510,194845,2403,22,3
2548420,65198,93025,5535,14,0
2548707,30946,150501,5532,1,1
2548803,23906,91938,4448,18,2
2549185,32923,27318,4825,24,1
2549185,32923,182912,5431,24,1
2549379,26929,90914,5933,23,3
2549538,36950,116435,8947,21,2
2549540,26524,46724,4237,16,0
2549570,23020,29523,2026,14,0
2549602,32600,101660,4171,22,3
2550087,71959,110825,8359,0,0
2550117,54331,42725,5230,13,4
2550117,54331,74780,9795,13,4
2550241,72554,106632,4163,20,4
2550272,24325,112065,9599,22,3
2550630,57524,75497,5498,13,4
2550661,22927,111412,8946,22,3
2550691,43393,84675,4676,14,0
2550854,46009,111264,8798,15,0
2550886,39377,175647,8165,17,1
2551008,67879,162282,9831,19,3
2551044,65693,72576,7591,22,3
2551142,65101,192139,9697,23,3
2551814,22528,11914,6917,13,4
2551873,69466,199060,4099,21,2
2551942,28787,143189,5704,18,2
2552100,64979,26096,6097,12,2
2552326,69316,26235,8738,0,0
2552419,45910,153531,3532,23,3
2552455,23026,92622,2623,23,3
2552483,25748,197770,2809,17,1
2552487,42736,3665,8666,12,2
2552551,33979,35894,3404,1,1
2552677,34861,163985,1534,20,4
2552800,32045,4743,2244,15,0
2552833,40330,90943,3453,1,1
2552864,42112,18099,3102,19,3
2553025,70921,56566,9072,14,0
2553031,36667,122426,7451,21,2
2553089,57605,190468,5507,22,3
2553090,57119,123394,3395,23,3
2553124,57001,106582,1603,0,0
2553285,59444,183434,3435,13,4
2553314,67738,36396,8900,20,4
2553379,1750,24527,7030,16,0
2553505,68149,74557,4558,18,2
2553636,29080,17579,2582,24,1
2554498,51406,76850,4372,21,2
2554503,45358,15204,7706,23,3
2554656,29401,81841,4350,1,1
2554689,1867,172128,4646,1,1
2554755,29972,42878,5383,20,4
2555362,25591,1515,4016,22,3
2555810,63359,48099,5612,13,4
2556129,69937,195772,5773,14,0
2556388,33163,150653,5684,0,0
2556450,74212,51374,6385,17,1
2556450,74212,129866,2379,17,1
2556610,23194,196184,8704,21,2
2556708,49780,59569,2075,24,1
2556708,49780,145243,2786,24,1
2556708,49780,160140,2657,24,1
2556928,61750,7778,5279,17,1
2557219,38192,118631,8632,19,3
2557248,19537,52681,7692,14,0
2557248,19537,192861,5381,14,0
2557443,21959,190968,3488,22,3
2557479,58238,178949,1467,17,1
2557703,54464,73432,5940,21,2
2557826,31180,179728,9729,16,0
2557957,49565,17991,5495,15,0
2557986,41822,72214,7229,21,2
2558023,32887,83795,8812,15,0
2558053,65770,66966,6967,20,4
2558082,60769,135785,5786,14,0
2558311,53902,111667,6690,23,3
2558660,24037,53351,3352,19,3
2558885,55951,26265,3772,16,0
2558919,56959,21313,3816,1,1
2558983,74324,104420,9441,23,3
2559076,66793,35577,5578,20,4
2559136,40984,199017,1537,23,3
2559303,27967,155170,7686,20,4
2559360,65749,172253,7288,12,2
2559591,49328,174553,9588,19,3
2559687,21737,58650,8651,21,2
2559778,74587,135892,3432,18,2
2559812,69202,96513,1532,12,2
2559845,62989,37568,7569,16,0
2560096,58012,750,5751,22,3
2560193,37580,121997,7022,17,1
2560352,49549,66478,6479,12,2
2560358,24614,168070,8071,14,0
2560480,58745,64433,6940,24,1
2560805,46577,135847,5848,20,4
2561031,38080,29381,6888,21,2
2561348,43366,118243,8244,12,2
2561475,23717,83549,6058,22,3
2561824,35704,41904,4409,24,1
2562018,25660,194910,2468,22,3
2562272,73744,73463,5971,23,3
2562305,59599,164555,9588,19,3
2562404,36544,99060,6588,1,1
2563206,41819,150867,3383,13,4
2563298,32116,80777,5794,13,4
2563300,20719,63906,3907,19,3
2563392,46807,28726,8727,22,3
2563456,49945,168031,8032,16,0
2563524,67528,184288,6807,16,0
2563779,74671,29296,9297,14,0
2563809,29840,106103,3634,22,3
2564069,28978,191003,6042,21,2
2564224,32645,174491,4492,22,3
2564484,56119,164266,9299,14,0
2564519,57644,1719,4220,21,2
2564738,36124,48301,3310,23,3
2564929,55090,121695,6720,18,2
2565025,47977,155782,5783,1,1
2565094,52000,14323,6825,20,4
2565095,36866,196810,1849,17,1
2565191,72160,173070,8105,20,4
2565348,28925,113592,6104,15,0
2565569,40015,12011,7014,19,3
2565700,60563,170996,8548,0,0
2565830,21862,199459,1979,21,2
2565890,44318,67423,9930,12,2
2565893,30449,121383,3896,19,3
2566148,33068,114267,6779,0,0
2566183,60466,177807,2842,0,0
2566402,20656,187784,2821,1,1
2566757,66883,111645,4157,17,1
2566790,69040,32389,7396,22,3
2566849,35087,113954,3955,21,2
2567109,36365,130060,5087,13,4
2567232,58499,190729,5768,16,0
2567330,72137,117349,4883,17,1
2567334,64291,22906,5409,22,3
2567424,31501,194529,4530,16,0
2567682,72647,163763,6280,18,2
2567776,37870,54218,9229,1,1
2567813,64907,182949,2950,23,3
2567972,71099,104446,4447,0,0
2568167,60341,48842,6355,19,3
2568257,47080,181108,6145,24,1
2568321,19390,85236,2761,18,2
2568321,19390,87977,2994,18,2
2568487,64336,27817,5324,1,1
2568548,64661,124358,4359,1,1
2568576,41965,154114,1660,1,1
2568582,44147,131299,1300,23,3
2568646,25093,103744,3745,22,3
2568736,63757,121267,6292,23,3
2568835,46792,54008,9019,14,0
2568838,66649,137725,7726,13,4
2569031,31033,199281,9282,14,0
2569189,42466,9244,4245,0,0
2569219,43489,15225,7727,0,0
2569223,62341,15426,7928,0,0
2569223,62341,188862,6417,0,0
2569606,53815,2282,4783,22,3
2570212,73301,143277,8306,21,2
2570339,71284,29288,4293,17,1
2570342,73588,36857,1864,18,2
2570370,74650,80640,8165,17,1
2570370,74650,82554,7571,17,1
2570370,74650,187170,2207,17,1
2570400,24904,5359,2860,15,0
2570598,35296,79418,9419,17,1
2570694,43343,37388,7389,19,3
2570752,24610,65079,7586,18,2
2570788,35717,136849,4389,16,0
2570818,45533,143720,8749,12,2
2570979,73741,189422,6977,19,3
2571297,46925,10157,5160,15,0
2571395,64187,53491,5997,20,4
2571585,44725,49949,4958,13,4
2571588,74537,8912,1413,24,1
2571682,67691,127611,2636,14,0
2572098,50167,171863,9415,12,2
2572480,26962,97392,2411,16,0
2572902,60388,164577,2126,14,0
2573122,60521,96557,6558,17,1
2573317,59113,27206,2211,16,0
2573349,42106,48085,3094,21,2
2573472,58864,58617,6133,18,2
2573473,61970,102856,2857,21,2
2573505,23026,146919,6920,23,3
2573667,38377,52704,5210,0,0
2573793,34295,101209,8740,13,4
2573796,68908,144888,7403,19,3
2573923,22966,173762,6280,18,2
2574118,39994,121921,4434,1,1
2574465,33347,112136,4648,14,0
2574497,50320,194555,2113,17,1
2574530,39896,172197,9749,23,3
2574656,65345,110968,8502,17,1
2574726,58127,84053,1578,24,1
2574881,25450,57231,4747,24,1
2574885,33862,178907,3942,16,0
2574982,53017,133742,6256,13,4
2575653,59810,101082,6103,21,2
2575653,59810,137844,7845,21,2
2575653,59810,146817,9332,21,2
2575847,73394,116900,4434,1,1
2575872,69553,36389,8893,19,3
2576006,44059,160199,7748,19,3
2576225,43946,144491,2034,12,2
2576289,73268,51892,1893,14,0
2576289,73268,145383,5384,14,0
2576290,61423,107923,7924,13,4
2576583,32375,149791,7334,21,2
2576614,34061,49886,2391,17,1
2576869,73768,160522,5555,15,0
2576967,29479,30377,2881,15,0
2577056,55778,121582,1583,14,0
2577186,74551,86452,1469,16,0
2577248,64591,25999,3506,0,0
2577350,52310,82264,4773,1,1
2577473,29596,67495,7496,15,0
2577508,40922,114605,7117,23,3
2577600,29326,129149,4174,21,2
2577600,29326,196217,8737,21,2
2577921,34228,16584,9086,24,1
2578151,62357,2805,7806,22,3
2578181,62087,179094,6646,19,3
2578337,58948,74139,1661,12,2
2578407,1567,84193,9210,24,1
2578532,64420,157374,9890,21,2
2578692,20611,69623,2130,13,4
2578818,36239,79556,7078,12,2
2578981,49246,106563,4094,17,1
2579010,29834,1293,1294,15,0
2579170,36008,182199,4718,18,2
2579302,62017,98582,6110,12,2
2579367,19163,96954,9464,16,0
2579425,20881,168153,5702,12,2
2579461,72469,131231,8771,19,3
2579684,37207,151623,4139,14,0
2579908,49502,39288,9289,24,1
2579908,49502,99414,4433,24,1
2580037,51379,18590,3593,15,0
2580064,29387,10263,5266,15,0
2580096,32281,50756,3262,20,4
2580166,72719,123874,1411,14,0
2580384,70082,11344,1345,12,2
2580391,55558,190746,3266,20,4
2580614,20741,71573,6588,1,1
2580768,54899,137467,7468,18,2
2580866,38753,166870,1903,17,1
2580963,60805,90102,5121,14,0
2581154,47333,71256,8778,18,2
2581158,42526,53944,6450,20,4
2581218,32974,105627,5628,1,1
2581382,33946,62229,7242,0,0
2581440,59179,104657,2188,17,1
2581573,63118,190648,3168,20,4
2581760,42776,106574,4105,13,4
2581988,62507,19508,4511,15,0
2582018,68554,198001,5559,22,3
2582272,29284,74194,6702,14,0
2582503,57305,8373,5874,19,3
2582535,33475,23353,3354,16,0
2582694,34801,53389,3390,19,3
2582694,34801,179995,2513,19,3
2582724,52708,69058,6577,24,1
2582754,40747,104063,9084,0,0
2582946,48493,120922,5947,13,4
2583236,35435,179846,4881,1,1
2583335,51577,48963,1468,23,3
2583623,35819,124784,2321,19,3
2583623,35819,144650,2193,19,3
2583685,27811,112056,9590,15,0
2583747,63412,61368,6381,20,4
2583751,63985,18807,6311,22,3
2584039,63976,166876,9393,16,0
2584064,30265,85325,7834,14,0
2584391,58345,23950,6453,20,4
2584512,63101,17305,9807,15,0
2585028,53291,63021,8034,22,3
2585284,40229,121790,1791,23,3
2585633,73382,181032,3551,18,2
2585729,50146,138713,6253,20,4
2585799,66091,139333,4360,21,2
2585955,33601,109666,2177,0,0
2586049,1415,179847,4882,21,2
2586244,29926,184824,7343,23,3
2586369,68086,73995,3996,21,2
2586401,59419,132177,4691,23,3
2586403,65575,26630,4137,15,0
2586725,23431,47865,7866,19,3
2586854,38233,126347,8860,19,3
2586882,65225,157636,5182,0,0
2587042,38650,21172,8679,21,2
2587108,74707,16592,1595,20,4
2587334,39049,174093,6611,20,4
2587335,39707,29383,6890,14,0
2587363,68498,48819,6332,19,3
2587395,53536,79230,6752,18,2
2587686,45418,156759,9275,24,1
2587815,69797,19438,1940,21,2
2587874,23951,132715,7742,23,3
2587908,45820,145500,8015,17,1
2587969,20536,93680,6190,14,0
2588001,73568,8022,8023,1,1
2588387,51904,54231,6737,20,4
2588420,41281,69965,2472,14,0
2588576,66559,179678,9679,12,2
2589093,60433,56692,6693,20,4
2589093,60433,118233,8234,20,4
2589445,28369,23623,8628,21,2
2589540,23101,122629,5142,24,1
2589575,47287,56481,8987,17,1
2589696,43946,108138,5669,12,2
2589731,29699,123702,8727,22,3
2590177,72404,31273,3777,20,4
2590339,20128,60051,7570,19,3
2590561,36139,85931,3456,16,0
2590660,55375,12795,2796,20,4
2590758,26026,174706,4707,13,4
2590823,31169,152328,7359,21,2
2590848,48916,83811,8828,24,1
2591233,65044,191388,1389,24,1
2591269,37606,84482,2007,19,3
2591424,59536,125216,5217,23,3
2591553,23434,5414,5415,12,2
2591750,42085,14735,9738,21,2
2591814,66676,23374,3375,17,1
2592068,59500,60490,8009,24,1
2592131,33043,50460,7976,16,0
2592132,50125,78454,5976,22,3
2592228,20039,19412,1914,13,4
2592641,53635,133668,8695,20,4
2592708,70871,9572,4573,1,1
2592736,63974,60949,5962,14,0
2592898,49210,27099,9602,16,0
2592998,55003,4938,7439,19,3
2592998,55003,186275,1312,19,3
2593600,24167,163787,3788,16,0
2593701,62296,76891,6892,20,4
2593764,62158,143595,6110,12,2
2593921,59017,115994,5995,18,2
2594119,51686,91951,1952,13,4
2594144,26590,34610,4611,23,3
2594340,39886,16290,3794,23,3
2594407,47044,43123,5628,1,1
2594592,62687,133042,5556,13,4
2594628,59701,134657,2197,16,0
2594628,59701,170960,8512,16,0
2595009,57739,8063,5564,1,1
2595360,51055,43119,5624,1,1
2595395,66997,14214,6716,13,4
2595618,41687,56666,9172,16,0
2595653,23038,41691,1692,0,0
2595780,40901,35736,8240,24,1
2595846,33698,105182,5183,0,0
2595941,41329,42940,7949,22,3
2595943,60896,126704,9217,20,4
2596195,53174,146394,6395,12,2
2596389,52325,1346,1347,20,4
2596579,48679,65881,5882,17,1
2596870,63772,168562,6111,14,0
2597122,25612,57262,9768,14,0
2597127,43076,23738,8743,18,2
2597152,74459,155704,5705,0,0
2597248,27037,100936,5957,12,2
2597477,36526,75832,3354,16,0
2597543,46441,63338,5845,15,0
2597574,42098,23737,6240,1,1
2597955,28994,4593,9594,21,2
2597991,63266,60474,2981,19,3
2598051,40936,79592,7114,21,2
2598055,71743,148825,8826,15,0
2598118,64354,178649,3684,23,3
2598183,33523,2060,9561,20,4
2598241,32957,58919,3930,24,1
2598247,28612,147517,7518,0,0
2598404,50156,47909,2918,16,0
2598468,29819,82639,7656,20,4
2598598,58660,136517,4057,17,1
2599073,58315,60041,5054,1,1
2599075,58618,110409,2921,0,0
2599267,28732,172707,5225,24,1
2599270,72535,26184,6185,16,0
2599270,72535,28166,5673,16,0
2599461,26104,68833,6352,23,3
2599555,71272,16068,6069,12,2
2599652,46852,152364,9910,17,1
2599905,68317,140065,5094,0,0
2599968,34528,63826,8839,12,2
2600037,34816,172022,4540,16,0
2600037,34816,184630,7149,16,0
2600132,29867,174658,7176,0,0
2600262,63527,115468,3002,23,3
2600387,27703,34105,6609,24,1
2600452,42700,139167,4194,13,4
2600452,42700,164609,4610,13,4
2600518,74317,80848,8373,13,4
2600580,44770,123250,5763,19,3
2600610,63361,117477,7478,23,3
2600771,27124,74378,1900,23,3
2600806,74515,190178,5217,23,3
2601025,65663,141223,8766,0,0
2601316,27418,190081,2601,0,0
2601507,19919,44975,2488,23,3
2601507,19919,177102,2137,23,3
2601536,73003,146948,1977,23,3
2601573,70129,199269,6827,14,0
2601638,67628,114011,1545,13,4
2601735,46150,54364,4365,18,2
2601798,37684,32999,5503,16,0
2601863,38951,67258,9765,23,3
2601952,30242,90418,2928,1,1
2602016,20350,69641,9642,0,0
2602050,55501,51384,8900,20,4
2602055,41687,8427,5928,16,0
2602215,51376,145958,3501,15,0
2602308,34807,17128,2131,0,0
2602308,34807,193775,8814,0,0
2602501,32239,94349,4350,1,1
2602625,23744,36044,8548,0,0
2602626,62942,114253,9276,22,3
2602626,62942,198075,3114,22,3
2602822,38612,129366,1879,13,4
2603072,36194,40234,2739,22,3
2603138,63565,199141,6699,23,3
2603265,65905,127997,3022,18,2
2603489,70802,21497,4000,24,1
2603489,70802,191401,8959,24,1
2603523,68602,133830,3831,17,1
2603618,58345,63617,3618,20,4
2603717,61648,41308,3813,1,1
2603717,61648,68174,5693,1,1
2604068,55822,48627,6140,0,0
2604130,23827,80383,2892,12,2
2604262,57374,111113,6136,19,3
2604288,19964,7598,7599,13,4
2604323,35317,101933,9464,16,0
2604353,58958,90493,8021,1,1
2604355,28511,144292,1835,0,0
2604421,52264,192339,7378,16,0
2604516,28631,114723,9746,15,0
2604739,70483,53277,3278,0,0
2604740,37636,144414,1957,1,1
2604833,34825,116361,8873,16,0
2604839,37031,10580,5583,20,4
2604898,26746,158359,8360,23,3
2604994,36412,45241,2754,15,0
2605350,60410,33690,6194,14,0
2605670,58157,98781,8782,14,0
2605732,44771,101779,6800,20,4
2605792,40858,196406,3964,16,0
2605827,56885,85846,8355,24,1
2605952,52895,56468,3984,16,0
2606021,34717,64946,4947,22,3
2606115,71122,121553,6578,24,1
2606245,60869,191456,6495,24,1
2606535,33085,115783,3317,19,3
2606561,19777,13192,5694,22,3
2606658,49822,113091,8114,13,4
2606791,46093,184288,1843,18,2
2606854,53431,191129,3649,24,1
2606981,41593,18463,5967,21,2
2607044,49505,81815,9340,14,0
2607078,41029,149913,2428,13,4
2607204,41240,167115,9632,14,0
2607330,73703,51749,6760,18,2
2607619,27961,8597,3598,0,0
2607687,41137,7913,5414,22,3
2607687,41137,159417,1933,22,3
2607968,29602,132386,9926,15,0
2607968,29602,182111,9666,15,0
2607970,72502,199397,1917,16,0
2608039,30989,97345,9855,20,4
2608386,26917,170155,2673,16,0
2608417,35956,86853,1870,12,2
2608674,19222,176743,9261,23,3
2609095,1847,153693,8724,16,0
2609153,47515,142526,5041,15,0
2609414,24983,70130,7652,23,3
2609664,30136,12380,9884,21,2
2609761,53047,194247,6767,20,4
2609863,59185,116349,6350,22,3
2609986,74113,27658,2663,17,1
2610147,53642,14396,4397,13,4
2610177,40531,170696,5731,24,1
2610246,68311,182826,2827,0,0
2610439,31769,179300,9301,17,1
2610533,54373,109873,7404,17,1
2610594,73942,32979,5483,1,1
2610727,69805,49640,9641,24,1
2610854,71455,81465,6482,12,2
2611619,35641,170068,5103,21,2
2611783,50611,16604,6605,0,0
2611875,19444,156698,6699,23,3
2612357,24448,141270,1271,12,2
2612898,34426,166238,1271,12,2
2613089,66124,20010,11,18,2
2613127,31064,70104,2612,1,1
2613222,54340,37448,9952,22,3
2613408,61564,128107,5644,1,1
2613415,26206,17979,2982,1,1
2613478,69220,122373,9910,17,1
2613731,43814,142066,4581,1,1
2613831,56059,2431,2432,15,0
2614179,49187,39458,1962,22,3
2614247,59300,97865,5393,15,0
2614279,30316,178860,1378,18,2
2614401,31876,110069,2581,14,0
2614404,31987,179,5180,16,0
2614404,31987,174108,6626,16,0
2614406,24401,90838,5857,24,1
2614468,67450,149405,1920,0,0
2614628,54823,147288,4831,20,4
2614755,54145,19479,6983,14,0
2614917,22493,37464,4974,15,0
2614949,45083,121511,9048,18,2
2615046,51928,185260,7779,19,3
2615106,24802,161894,4411,23,3
2615108,44107,26630,6631,14,0
2615110,34642,69214,4227,1,1
2615265,61994,30050,7560,19,3
2615270,35539,129550,7087,15,0
2615426,38294,108795,8796,13,4
2615622,44519,61336,3843,0,0
2615779,74237,146798,6799,18,2
2615906,30845,183368,5887,1,1
2615969,31672,90679,5698,16,0
2616513,61639,89836,9837,16,0
2616611,60832,141155,6184,15,0
2616868,37396,62779,7792,15,0
2616929,33788,114607,4608,19,3
2617025,49817,172216,4734,0,0
2617095,66997,121358,1359,13,4
2617408,58010,89856,4873,20,4
2617602,38638,29852,7359,21,2
2617702,47554,5427,7928,0,0
2617764,72107,68691,3704,24,1
2617827,24158,183242,5761,15,0
2617925,45001,13610,3611,12,2
2618118,53419,71217,3725,12,2
2618279,67661,172899,2900,14,0
2618311,65758,186352,8871,0,0
2618437,21619,101949,4460,22,3
2618497,40210,73868,1390,20,4
2618596,21913,19349,1851,15,0
2618725,70511,176436,6437,23,3
2618752,70657,84273,1798,15,0
2618758,41576,71964,9486,17,1
2618784,54169,85764,5765,18,2
2618790,68158,69988,9989,0,0
2618915,49594,131825,4339,21,2
2618918,39379,177017,4569,18,2
2619105,49604,169661,2178,16,0
2619207,55840,89159,4176,17,1
2620263,43357,18473,3476,13,4
2620263,43357,54526,7032,13,4
2620292,43124,149509,2024,0,0
2620416,25745,82994,8011,23,3
2620418,51874,16026,6027,20,4
2620480,38209,28265,5772,18,2
2620707,41368,63439,3440,23,3
2620772,29659,156755,6756,20,4
2621252,44510,37592,7593,13,4
2621605,27926,126291,6292,23,3
2621891,62947,164803,7320,18,2
2621894,46954,9665,9666,15,0
2622112,40360,105224,5225,24,1
2622150,61376,18830,3833,17,1
2622469,49066,54929,4930,0,0
2622725,61516,83351,8368,1,1
2622884,57077,6396,3897,0,0
2622919,19615,82309,9834,15,0
2622947,36280,57079,2090,13,4
2623015,41513,166853,4402,21,2
2623265,63718,170664,3182,22,3
2623398,40888,86866,9375,16,0
2623718,70465,99064,9065,21,2
2623842,48731,19683,9684,15,0
2624033,22882,137799,2826,15,0
2624035,64723,62557,2558,24,1
2624100,54211,20344,5349,0,0
2624130,59575,65212,2731,19,3
2624161,66649,4902,9903,13,4
2624195,21163,72639,7654,18,2
2624356,69475,185317,5318,17,1
2624385,32332,27415,2420,13,4
2624389,66352,155358,5359,23,3
2624517,38584,145980,8495,21,2
2624545,21931,154843,4844,15,0
2624546,30194,129246,6783,1,1
2624550,55490,37607,2614,18,2
2624641,22972,114246,6758,24,1
2624677,33784,160371,7920,22,3
2624704,25738,79545,9546,13,4
2624897,32668,159934,4965,24,1
2625030,57460,17010,7011,16,0
2625095,26087,159504,9505,19,3
2625316,43297,56416,1427,21,2
2625316,43297,66286,3805,21,2
2625344,44224,54017,1533,1,1
2625443,31843,56773,9279,18,2
2625510,70807,79139,4154,18,2
2626050,46897,154639,2185,19,3
2626055,22199,93379,5889,1,1
2626210,72571,96623,4151,14,0
2626531,25630,179863,4898,12,2
2626594,31691,179415,1933,22,3
2626944,63109,140678,8221,17,1
2626950,54889,69721,4734,0,0
2627015,46495,26180,6181,15,0
2627015,46495,83226,3227,15,0
2627142,67990,141975,7004,16,0
2627365,43966,162353,9902,18,2
2627591,22996,103331,5842,20,4
2627846,71644,7470,9971,17,1
2627877,45587,86373,1390,20,4
2627877,45587,169067,4100,20,4
2627909,73831,109520,4541,24,1
2628578,51850,129571,7108,14,0
2628610,42983,76497,4019,14,0
2628807,29972,167879,7880,20,4
2629349,26966,69972,7491,20,4
2629572,31192,195546,5547,24,1
2629603,41107,87189,9698,18,2
2630115,42293,164596,7113,15,0
2630374,53530,21082,8589,0,0
2630471,39157,162083,7116,20,4
2630597,67238,9422,9423,17,1
2630724,25082,57747,2758,14,0
2630884,58336,179309,9310,22,3
2631267,73168,161652,6685,0,0
2631521,26638,108221,8222,15,0
2631557,46813,10207,5210,0,0
2631586,50254,172858,5376,20,4
2631681,34549,49430,6943,16,0
2631686,68434,17878,2881,15,0
2631686,68434,47784,7785,15,0
2632101,48997,34531,4532,19,3
2632229,26197,41180,3685,21,2
2632390,26086,159087,9088,18,2
2632801,29318,30879,8389,17,1
2632871,64246,12349,2350,21,2
2633217,29492,102513,2514,17,1
2633316,74116,177334,2369,22,3
2633537,58805,11652,1653,17,1
2633700,40198,186959,6960,14,0
2634080,26645,101166,6187,23,3
2634113,68663,132506,7533,18,2
2634214,36139,47859,2868,16,0
2634244,38698,154218,1764,17,1
2634277,60221,193227,8266,12,2
2634342,43741,58139,8140,15,0
2634375,70181,194042,6562,19,3
2634404,21004,87542,7543,23,3
2634404,21004,104501,7012,23,3
2634404,21004,120599,3112,23,3
2634404,21004,167982,5531,23,3
2634407,27166,4332,1833,16,0
2634534,73676,96892,9402,19,3
2634562,20131,163159,3160,15,0
2634595,74731,177930,5482,1,1
2634662,45688,115481,3015,21,2
2634756,43573,108419,3440,23,3
2634790,38602,46333,8838,13,4
2635204,1670,90152,7680,18,2
2635266,31097,180380,2899,1,1
2635329,32992,181492,1493,0,0
2635363,64127,24669,7172,16,0
2635494,38333,69466,1973,0,0
2635649,47672,118382,3405,16,0
2635650,69757,63795,1314,15,0
2635814,24661,65938,5939,18,2
2635843,26980,61830,4337,14,0
2635879,27343,26349,3856,13,4
2636066,38758,159007,6553,12,2
2636098,59810,15192,2696,21,2
2636163,33511,166855,6856,18,2
2636258,24583,150889,8435,22,3
2636482,37924,128732,3757,23,3
2636839,49744,157394,7395,12,2
2636839,49744,166857,1890,12,2
2636868,71549,99386,4405,0,0
2637189,39512,166944,4493,24,1
2637284,55384,32758,5262,18,2
2637315,18974,51568,1569,21,2
2637414,26767,108072,5603,0,0
2637635,49828,147644,5187,12,2
2637664,50923,189304,4341,21,2
2637701,74731,149716,4745,1,1
2637763,66404,133193,3194,1,1
2637799,45472,67782,5301,15,0
2637799,45472,156480,6481,15,0
2637799,45472,156552,4098,15,0
2637827,66019,161142,6175,21,2
2637891,65434,122426,4939,18,2
2637954,23639,163960,8993,12,2
2638115,27905,105441,5442,0,0
2638115,27905,117422,2445,0,0
2638371,65663,135829,5830,0,0
2638374,41119,23709,6212,22,3
2638535,19552,65275,7782,0,0
2638565,19234,119229,6763,13,4
2638629,39362,176076,6077,24,1
2638752,64334,191796,1797,15,0
2638855,47467,168954,3987,24,1
2638944,50441,96976,9486,17,1
2638983,53104,70431,2939,12,2
2639207,46675,115600,8112,22,3
2639365,54991,51544,9060,0,0
2639655,72098,18817,3820,24,1
2639746,48946,196766,6767,20,4
2640003,45574,26671,9174,13,4
2640100,53678,61611,6624,20,4
2640357,56764,37701,2708,12,2
2640579,68236,158139,5685,20,4
2640580,69074,150915,8461,16,0
2640613,59146,186139,8658,12,2
2640739,74941,154965,2511,17,1
2640896,20074,148392,5935,24,1
2641152,22654,78436,8437,22,3
2641249,41108,167518,7519,1,1
2641607,40970,94998,4999,18,2
2641668,25757,32367,7374,24,1
2642406,25216,47891,2900,14,0
2642464,54229,80619,5636,16,0
2642464,54229,120303,2816,16,0
2642594,41137,147532,2561,22,3
2642722,55504,124662,7175,17,1
2642881,53350,53815,6321,0,0
2642919,23711,24136,6639,17,1
2642945,57727,121765,6790,13,4
2643008,61288,79781,9782,16,0
2643011,23171,67657,2670,18,2
2643012,26269,195123,2681,18,2
2643458,52961,90879,8407,16,0
2643493,45305,88726,3743,1,1
2643591,20290,37512,2519,1,1
2643591,20290,172927,2928,1,1
2643618,33094,35834,5835,21,2
2643719,39718,170437,5472,21,2
2643874,21710,190593,8151,1,1
2643879,38411,13219,8222,15,0
2643942,1528,128819,8820,21,2
2643942,1528,139453,4480,21,2
2644006,59683,132822,5336,17,1
2644067,40081,95654,5655,15,0
2644295,25933,54715,4716,22,3
2644421,51904,12394,9898,20,4
2644451,59155,195389,7909,20,4
2644518,46582,82658,2659,17,1
2644583,73696,154276,6792,22,3
2644644,60229,117609,2632,23,3
2644647,27526,137287,7288,12,2
2644705,56005,153007,8038,24,1
2645027,73204,78644,3659,14,0
2645057,19849,108952,6483,12,2
2645093,25051,50853,8369,24,1
2645158,74248,110797,3309,12,2
2645159,32092,111490,1491,21,2
2645509,25490,67325,4844,15,0
2645735,29779,191677,1678,16,0
2646023,36175,75934,3456,16,0
2646113,54091,44538,4539,20,4
2646276,66647,105582,8093,19,3
2646436,42574,14850,2354,14,0
2646567,64888,199687,9688,17,1
2646658,39673,120169,5194,20,4
2646816,30541,179616,4651,18,2
2646981,30148,189721,9722,15,0
2647108,50828,120716,3229,17,1
2647169,31862,137637,2664,18,2
2647332,37933,45269,7774,16,0
2647332,37933,76888,9396,16,0
2647461,51523,29885,9886,16,0
2647493,64831,38012,5522,17,1
2647617,50554,102441,7462,13,4
2647815,54016,24488,1995,18,2
2647908,21815,177299,2334,21,2
2647911,46097,1134,8635,24,1
2648162,70984,169349,4382,14,0
2648229,57992,190330,2850,23,3
2648454,55274,110518,5541,18,2
2648546,43874,5954,3455,19,3
2648613,60013,15340,7842,0,0
2648614,19909,119907,4930,0,0
2648711,55843,12512,7515,15,0
2648803,49519,9781,9782,16,0
2648868,72044,88436,3453,1,1
2648961,22300,99367,9368,13,4
2649057,54778,189620,7175,17,1
2649157,42988,47628,7629,24,1
2649313,61502,185278,2833,15,0
2649411,65411,1995,6996,20,4
2649479,50182,93830,1358,16,0
2649536,69475,11915,9419,17,1
2649698,38117,99391,9392,21,2
2649698,38117,184200,1755,21,2
2649702,44372,122256,2257,23,3
2649857,23266,44373,9382,18,2
2650048,60700,3226,8227,15,0
2650244,55805,39260,9261,23,3
2650432,36038,192886,5406,22,3
2650660,70432,44618,9627,1,1
2650979,67817,10642,5645,22,3
2650979,67817,158662,6208,22,3
2650983,37991,117371,7372,23,3
2651015,43157,90903,8431,22,3
2651074,48629,114909,4910,22,3
2651558,26152,81371,3880,21,2
2651559,29857,58296,8297,14,0
2651876,63107,191193,3713,12,2
2651940,69608,114170,6682,20,4
2651970,67325,76822,4344,1,1
2652225,31429,173878,8913,20,4
2652291,51193,78917,3932,23,3
2652514,27937,182603,7640,17,1
2652577,58729,26898,6899,14,0
2652672,53606,18440,8441,18,2
2652673,52603,151484,4000,24,1
2652707,59557,43484,8493,15,0
2652739,23945,161959,6992,18,2
2652869,39794,44084,1597,0,0
2653031,34921,119386,9387,18,2
2653189,70762,19631,2133,23,3
2653255,31192,128538,6075,24,1
2653313,25382,65437,7944,17,1
2653346,70273,60919,3426,1,1
2653381,43585,64527,2046,21,2
2653411,64609,136061,8575,17,1
2653415,52823,197156,4714,21,2
2653573,34423,37723,5233,12,2
2653856,50056,115211,2745,1,1
2653856,50056,147062,4605,1,1
2653922,63653,151719,9265,0,0
2653989,57010,155120,2666,18,2
2654113,59992,75398,5399,17,1
2654240,27655,114395,1929,22,3
2654243,63550,83072,5581,24,1
2654247,47125,60174,7693,1,1
2654305,33247,152700,5216,17,1
2654369,58738,66104,6105,18,2
2654529,72200,44385,4386,14,0
2654820,47113,136437,3977,24,1
2654883,21913,104246,9267,15,0
2654883,21913,157366,9882,15,0
2655078,61480,11898,9402,19,3
2655397,57026,117659,2682,12,2
2655428,72481,52194,2195,18,2
2655554,54877,144153,4154,18,2
2655718,39385,188495,6050,18,2
2655808,43684,102389,2390,18,2
2655813,60199,28597,8598,14,0
2655938,47906,26955,9458,12,2
2656261,38509,136795,1822,0,0
2656324,39605,185980,8499,12,2
2656578,28339,39764,4771,18,2
2656615,36752,145094,2637,17,1
2656743,55748,157948,7949,22,3
2656768,45829,141961,4476,19,3
2657317,49486,161093,6126,19,3
2657377,48293,137554,5094,0,0
2657410,47503,21739,6744,0,0
2657506,57880,47594,7595,13,4
2657538,61726,141860,9403,21,2
2657604,63418,44670,4671,21,2
2657604,63418,56122,8628,21,2
2657635,28699,104633,9654,24,1
2657665,20767,69977,7496,15,0
2657700,19462,32188,2189,24,1
2657959,20210,57833,2844,15,0
2657985,32902,151514,1515,18,2
2657986,72478,114780,4781,0,0
2658019,37961,7199,9700,1,1
2658052,68671,31231,8741,16,0
2658182,42205,91418,1419,22,3
2658435,68894,174696,4697,21,2
2658466,30916,183899,3900,24,1
2658501,58324,193260,3261,24,1
2658599,72962,132741,2742,18,2
2658657,43243,199758,4797,15,0
2658659,66724,27634,7635,17,1
2659104,61805,83352,8369,24,1
2659111,31003,173084,5602,12,2
2659268,69667,51974,9490,19,3
2659268,69667,115934,8446,19,3
2659334,35188,139239,1753,23,3
2659524,64240,122571,5084,18,2
2659555,59984,185958,3513,22,3
2659620,21799,2359,9860,22,3
2659748,56260,59482,4493,24,1
2659809,52883,184627,4628,15,0
2659810,40055,145651,8166,19,3
2659847,20644,41743,6752,18,2
2659877,34232,105419,2950,23,3
2660134,1276,26759,9262,16,0
2660193,24766,161622,4139,14,0
2660228,60571,52964,2965,19,3
2660448,25526,54828,4829,20,4
2660548,64652,99213,6741,16,0
2660806,37462,106635,4166,22,3
2661027,57581,61006,8525,12,2
2661126,30727,102548,5059,1,1
2661159,19333,58978,3989,12,2
2661191,48883,177309,4861,22,3
2661221,52351,123664,3665,19,3
2661601,29669,170125,7677,21,2
2661602,39700,86376,6377,15,0
2661602,39700,107094,2115,15,0
2661733,32608,51277,3783,15,0
2661734,65824,61237,3744,13,4
2661957,49114,177785,5337,22,3
2662179,24103,144312,6827,14,0
2662214,53029,22257,4760,13,4
2662214,53029,178280,3315,13,4
2662437,36904,162278,9827,23,3
2662466,30146,118180,5714,19,3
2662628,34198,98229,3248,20,4
2662631,20387,28056,3061,13,4
2662691,49825,179004,9005,15,0
2662948,55475,54614,7120,23,3
2663107,72427,75697,5698,16,0
2663461,68230,187166,4721,17,1
2663616,21407,194794,7314,16,0
2663618,39071,154139,1685,16,0
2663655,46300,197692,5250,23,3
2664097,20726,68661,3674,14,0
2664133,55457,4329,9330,0,0
2664512,31042,121429,3942,16,0
2664576,62281,15712,3216,17,1
2664646,47344,140962,5991,13,4
2664736,47015,36021,8525,12,2
2664740,47038,113113,5625,14,0
2664965,52498,106155,3686,14,0
2664997,26428,91962,4472,20,4
2665063,52051,17916,2919,17,1
2665155,23425,126797,6798,16,0
2665285,24475,191539,9097,23,3
2665287,56206,5152,5153,23,3
2665287,56206,74812,9827,23,3
2665541,36020,53032,5538,1,1
2665572,19838,11740,1741,12,2
2665632,34804,34210,6714,1,1
2665670,71723,97962,5490,13,4
2665702,58678,11052,3554,1,1
2665893,34096,106008,3539,0,0
2666274,70688,101632,6653,12,2
2666307,31174,143125,3126,24,1
2666338,70306,114368,1902,1,1
2666436,51739,19720,4723,23,3
2666950,57067,124473,6986,13,4
2667010,25375,48357,8358,19,3
2667270,39029,192249,7288,12,2
2667303,66928,96660,6661,12,2
2667393,48505,56152,3668,17,1
2667399,1336,183527,6046,16,0
2667648,57818,100255,7786,14,0
2667746,29111,97085,2104,16,0
2667879,27536,124525,2062,12,2
2667941,39472,90971,8499,12,2
2668064,19714,1486,1487,18,2
2668064,19714,156221,1252,18,2
2668066,37522,103672,6183,22,3
2668134,41927,19702,7206,22,3
2668259,53791,18718,3721,23,3
2668259,53791,127031,4568,23,3
2668774,56368,721,3222,12,2
2669281,20290,9673,2174,1,1
2669543,52604,188330,3367,17,1
2669863,65761,139854,4881,1,1
2669893,58219,16392,6393,1,1
2669927,49522,16755,4259,0,0
2670212,60296,117731,2754,15,0
2670336,25132,101521,1522,24,1
2670439,59095,151995,9541,19,3
2670498,43036,90035,7563,16,0
2670726,44941,169464,7013,14,0
2670914,67745,163569,3570,1,1
2671011,47834,137194,9708,12,2
2671043,31735,98967,3986,0,0
2671074,65521,44718,2231,18,2
2671106,22226,67139,4658,0,0
2671202,55052,46199,8704,21,2
2671458,58564,52632,5138,17,1
2671462,73960,61606,9125,21,2
2671620,53662,122643,5156,14,0
2671653,29656,26111,6112,19,3
2671751,59245,154415,1961,17,1
2671810,60398,106292,6293,18,2
2671938,58384,89054,4071,17,1
2671968,33572,133669,6183,22,3
2672004,28798,154183,9214,24,1
2672004,28798,167315,4864,24,1
2672225,30422,106067,6068,22,3
2672293,47317,121835,6860,0,0
2672386,48895,97276,7277,17,1
2672454,26770,177729,5281,14,0
2672483,21604,148237,5780,24,1
2672674,31106,167048,9565,23,3
2672741,60548,123496,8521,13,4
2672741,60548,161917,6950,13,4
2672801,37363,160861,3378,24,1
2673314,71674,181816,4335,23,3
2673441,56168,109020,6551,0,0
2673505,34918,50487,2993,20,4
2673603,66995,185838,8357,16,0
2673794,1457,53166,8177,23,3
2673794,1457,188632,6187,23,3
2673798,55595,13537,3538,23,3
2673991,29516,83345,5854,18,2
2674016,18920,177766,5318,17,1
2674051,33382,137123,4663,15,0
2674117,67777,111788,1789,20,4
2674182,41371,31151,3655,24,1
2674244,65098,24194,6697,15,0
2674275,24802,70298,2806,23,3
2674310,35219,140074,5103,21,2
2674599,68209,142698,7727,0,0
2674656,53179,76304,8812,15,0
2674725,50128,148515,6058,22,3
2674886,39532,135776,3316,0,0
2674976,37232,48033,3042,21,2
2674979,30611,70567,3075,20,4
2675010,49873,179540,7092,22,3
2675237,70640,79562,7084,21,2
2675237,70640,192974,8013,21,2
2675428,40432,15114,5115,24,1
2675430,36031,35523,3033,13,4
2675430,36031,141329,3844,13,4
2675493,27578,19556,7060,16,0
2675522,33274,9459,1960,20,4
2675587,69284,192924,7963,16,0
2675591,60452,57846,7847,20,4
2675623,57598,102793,2794,14,0
2675815,52498,174336,4337,14,0
2675872,19873,156854,6855,22,3
2676007,58646,8756,1257,13,4
2676228,56462,72018,4526,17,1
2676290,68956,54322,1838,24,1
2676518,20443,39128,1632,14,0
2676834,47555,96731,4259,0,0
2676932,20008,108200,5731,24,1
2676932,20008,185037,5038,24,1
2676964,20830,87947,5472,21,2
2677283,25142,120857,5882,17,1
2677285,34456,46106,8611,15,0
2677700,65654,119243,1755,21,2
2677796,62314,32096,7103,16,0
2677796,62314,56633,9139,16,0
2677827,23998,124070,9095,23,3
2678183,65752,167611,7612,17,1
2678208,36742,50404,5415,12,2
2678240,60313,80007,7532,20,4
2678501,69262,101167,3678,14,0
2678534,70477,175781,3333,24,1
2678759,20011,25073,7576,12,2
2678786,20038,68485,8486,23,3
2679172,26071,54197,4198,1,1
2679361,74491,131199,8739,20,4
2679427,57167,14435,6937,16,0
2679430,36194,40992,6001,22,3
2679719,59668,99117,9118,0,0
2679874,60721,54814,7320,18,2
2680165,70063,92300,2301,20,4
2680515,54472,195006,5007,12,2
2680551,41812,63488,8501,1,1
2680871,22529,168516,3549,16,0
2681029,58729,66010,8517,14,0
2681125,49588,105418,7929,17,1
2681412,40486,153148,3149,14,0
2681603,40160,77730,7731,22,3
2681603,40160,148085,3114,22,3
2681795,57541,117476,5010,22,3
2681827,46837,125305,2842,0,0
2681923,22381,198921,3960,23,3
2682340,45943,119672,2184,18,2
2682340,45943,127010,4547,18,2
2682432,51725,75628,8136,20,4
2682594,61729,143226,8255,12,2
2682624,36142,180271,5308,21,2
2682788,55369,114604,7116,20,4
2682979,20140,82578,5087,13,4
2683207,20389,79461,6983,14,0
2683235,73094,1906,9407,23,3
2683301,55970,53378,3379,24,1
2683331,35332,39098,6608,1,1
2683360,40576,167822,7823,22,3
2683362,56501,127117,9630,20,4
2683394,51206,3668,3669,23,3
2683394,51206,47353,4866,23,3
2683430,22819,118876,6410,22,3
2683488,50999,33047,3048,20,4
2683492,43534,97306,4834,1,1
2683557,63710,42673,5178,20,4
2683751,21643,99625,9626,21,2
2683841,35404,191227,6266,13,4
2683937,37490,31747,6754,14,0
2683968,67633,147295,7296,20,4
2684356,70288,28086,3091,14,0
2684484,42829,180072,2591,18,2
2684512,44275,58757,3768,19,3
2684675,62308,163298,5815,21,2
2684736,21802,145558,8073,21,2
2685088,39791,14752,7254,1,1
2685156,46256,104499,2030,14,0
2685156,46256,111162,3674,14,0
2685184,21209,115439,7951,18,2
2685250,36719,32006,4510,12,2
2685346,22450,84593,4594,24,1
2685477,47089,128557,6094,0,0
2686021,19868,72107,4615,14,0
2686211,24286,16087,8589,0,0
2686243,29857,171102,3620,14,0
2686245,49348,149334,1849,17,1
2686435,64063,115396,7908,21,2
2686500,22429,160382,7931,1,1
2686530,63925,146822,1851,15,0
2686690,72022,16252,8754,20,4
2686786,53965,78442,8443,13,4
2686848,66893,10403,5406,22,3
2686884,62336,88773,6298,23,3
2686945,73768,70656,3164,15,0
2687107,51586,40948,5957,12,2
2687235,26545,124234,4235,14,0
2687301,66877,118437,3460,18,2
2687559,73366,57578,7579,20,4
2688000,59557,67095,2108,15,0
2688033,65485,189593,9594,21,2
2688162,42184,67118,2131,0,0
2688229,28016,164801,4802,12,2
2688288,65620,159164,9165,24,1
2688289,46444,63922,8935,22,3
2688353,19153,96198,8708,17,1
2688390,35470,146670,6671,1,1
2688609,45904,178282,8283,20,4
2688740,32513,81819,6836,24,1
2688902,71626,98107,8108,19,3
2688963,53707,188647,3684,23,3
2689184,1252,144323,4324,12,2
2689216,55867,136886,6887,18,2
2689249,67865,26155,8658,12,2
2689379,42205,117114,7115,22,3
2689572,64027,149933,4962,12,2
2689601,27638,178298,8299,1,1
2689605,52801,189777,7332,15,0
2689703,35953,123169,3170,16,0
2689991,30187,26351,1356,20,4
2690080,20965,162423,7456,21,2
2690144,70552,159909,9910,17,1
2690183,50533,193734,1292,13,4
2690311,34336,7863,5364,1,1
2690311,34336,141078,8621,1,1
2690626,29818,125943,5944,1,1
2691072,45302,32681,2682,12,2
2691206,21232,26792,6793,18,2
2691458,32912,173755,6273,18,2
2691782,61018,159874,7420,24,1
2691847,55966,17263,7264,16,0
2692001,60007,38265,8266,12,2
2692032,53758,4324,4325,12,2
2692290,56204,169392,9393,16,0
2692518,29489,56854,4370,19,3
2692576,47168,9413,4414,13,4
2692641,64660,180474,5511,16,0
2692741,54268,22330,7335,16,0
2692805,47617,39318,4325,12,2
2692899,54451,182395,2396,22,3
2693058,33013,166885,4434,1,1
2693187,36134,152908,2909,17,1
2693314,73174,79977,4992,18,2
2693575,56212,104716,9737,1,1
2693575,56212,147976,3005,1,1
2693632,46633,18846,6350,22,3
2693636,59873,145427,5428,24,1
2693668,26734,63827,1346,12,2
2693828,28301,137874,5414,22,3
2693953,34454,30789,8299,1,1
2694278,49094,54901,4902,0,0
2694465,71243,78176,3191,15,0
2694564,27634,186704,9223,1,1
2694564,27634,189349,9350,1,1
2694598,29597,93826,6336,1,1
2694786,67198,127682,5219,12,2
2694883,71477,191920,1921,22,3
2694916,27937,174331,4332,17,1
2695108,1600,192090,9648,20,4
2695142,40376,126765,1790,15,0
2695142,40376,186368,3923,15,0
2695555,28135,67018,9525,14,0
2695559,47672,43168,5673,16,0
2695585,56155,151161,8707,16,0
2695686,26755,72358,4866,23,3
2695904,67271,100967,8498,22,3
2695970,52936,174226,1778,19,3
2696130,73273,148663,3692,15,0
2696161,70756,32774,7781,15,0
2696228,64559,34792,7296,20,4
2696642,1363,45319,2832,13,4
2696834,74276,44726,2239,0,0
2697633,19183,101826,4337,14,0
2697761,45202,36506,6507,22,3
2697793,34807,97175,7176,0,0
2697827,29965,49309,9310,22,3
2697922,52327,140463,5492,17,1
2697922,52327,153929,1475,17,1
2698048,36859,45110,2623,23,3
2698051,60442,135007,7521,14,0
2698211,50807,129256,6793,18,2
2698821,69700,141440,6469,23,3
2699200,53437,160962,5995,18,2
2699396,26026,99807,2317,13,4
2699559,65600,65153,7660,12,2
2699591,48154,91921,1922,16,0
2699649,40052,136506,1533,1,1
2699840,34850,48974,8975,24,1
2700036,37585,66623,9130,15,0
2700423,44510,52104,4610,13,4
2700806,20065,66560,1573,1,1
2700867,62393,196679,4237,16,0
2701216,40814,125788,8301,20,4
2701249,52606,117161,9673,14,0
2701541,67007,81528,1529,16,0
2701601,33796,146847,9362,14,0
2701671,1492,141733,1734,1,1
2701894,27119,43161,5666,12,2
2702083,54946,134685,9712,13,4
2702084,57553,149362,6905,12,2
2702502,51290,196744,6745,12,2
2703104,56302,179656,9657,18,2
2703106,24022,18580,8581,17,1
2703106,24022,124426,9451,17,1
2703234,29347,4136,6637,23,3
2703234,29347,147603,2632,23,3
2703525,23719,83399,5908,19,3
2703618,23101,52281,4787,24,1
2703653,71099,149914,4943,0,0
2703778,53537,199138,9139,16,0
2704066,62887,63159,8172,0,0
2704131,57229,120998,3511,17,1
2704514,67867,142934,7963,16,0
2704679,24127,9937,2438,16,0
2704679,24127,84218,9235,16,0
2705060,61693,114850,9873,19,3
2705216,61424,3874,3875,14,0
2705315,34426,109941,9942,12,2
2705348,1252,8978,1479,12,2
2705349,25390,14179,4180,14,0
2705349,25390,56597,9103,14,0
2705447,35705,132709,2710,0,0
2705447,35705,144903,7418,0,0
2705478,40519,35994,3504,0,0
2705509,48908,111771,1772,14,0
2705731,62749,54374,1890,12,2
2705831,69476,91559,6578,24,1
2705891,28144,6290,3791,1,1
2706083,58667,88102,8103,16,0
2706085,19979,103200,8221,17,1
2706337,58334,149434,9435,20,4
2706532,33845,76289,6290,21,2
2706594,36526,26599,9102,16,0
2706629,28877,88132,5657,23,3
2706722,52466,52077,9593,17,1
2706818,49078,32856,2857,21,2
2706917,19099,112867,2868,16,0
2706982,54691,40789,5798,13,4
2707269,44545,79063,4078,0,0
2707269,44545,95418,2946,0,0
2707300,60412,116081,3615,16,0
2707712,50185,183929,1484,16,0
2707744,44542,11878,9382,18,2
2708161,32399,50381,2887,14,0
2708290,55322,24178,1685,16,0
2708353,63649,91544,6563,16,0
2708549,28939,198298,5856,15,0
2708676,56875,48569,6082,23,3
2708677,69283,188942,3979,19,3
2708994,56833,66746,9253,16,0
2709092,63373,23,5024,19,3
2709153,73318,74216,4217,16,0
2709380,70612,89556,9557,23,3
2709410,21988,60437,2944,24,1
2709573,45679,129188,6725,15,0
2709602,31451,86799,6800,20,4
2709698,28550,192038,4558,18,2
2709730,30112,33934,1444,12,2
2709730,30112,90132,7660,12,2
2710023,53368,96785,4313,14,0
2710023,53368,159975,7521,14,0
2710279,54445,118093,5627,20,4
2710534,57746,26097,6098,17,1
2710564,23014,137188,2215,21,2
2710886,51986,199799,9800,13,4
2711394,52705,46767,4280,12,2
2711618,30121,156606,1637,21,2
2711872,59971,98375,3394,21,2
2712002,29663,147403,4946,13,4
2712033,57046,130362,7902,12,2
2712610,65410,189496,4533,19,3
2712644,35569,65240,2759,19,3
2712645,41554,131503,1504,24,1
2712708,33943,99995,7523,20,4
2712737,64198,196387,8907,1,1
2712832,26800,35580,3090,21,2
2712832,26800,190016,5055,21,2
2713056,73322,129951,4976,22,3
2713057,57745,35225,7729,24,1
2713057,57745,104218,9239,24,1
2713123,20834,174590,7108,14,0
2713152,41026,96525,4053,1,1
2713155,42256,111453,3965,23,3
2713381,38011,184178,1733,19,3
2713472,61669,69086,9087,23,3
2713763,70618,59449,4460,22,3
2713829,24232,36336,1343,24,1
2713860,64304,82330,4839,23,3
2713952,67804,54624,7130,24,1
2713985,45734,110569,8103,16,0
2714018,70639,46227,8732,24,1
2714018,70639,141418,6447,24,1
2714081,38162,1902,1903,17,1
2714084,52000,129278,4303,20,4
2714246,66881,39256,4263,24,1
2714400,45328,121882,6907,0,0
2714535,37451,367,2868,16,0
2714599,20801,49784,4793,20,4
2714630,57844,109864,9865,21,2
2715136,20026,41375,3880,21,2
2715200,60770,90530,5549,0,0
2715200,60770,136756,9270,0,0
2715232,66415,47229,4742,24,1
2715424,71485,112955,2956,13,4
2715648,21784,59365,9366,19,3
2715651,33013,33915,3916,1,1
2715809,36172,104286,4287,0,0
2715970,55550,70264,7786,14,0
2715970,55550,87463,4988,14,0
2716194,40210,9033,1534,20,4
2716579,37117,19485,6989,16,0
2716672,34648,110888,3400,19,3
2716675,56510,25623,5624,1,1
2716966,27020,162487,2488,23,3
2717152,19739,111357,3869,18,2
2717313,22096,24641,7144,21,2
2717346,74956,179314,1832,12,2
2717408,67579,67298,4817,24,1
2717507,19441,178497,6049,1,1
2717636,65689,17954,5458,24,1
2717671,32296,36363,6364,14,0
2717794,51413,26972,1977,23,3
2717860,44317,175980,8498,22,3
2717957,39937,39735,9736,1,1
2717957,39937,123558,3559,1,1
2717991,63746,36286,6287,23,3
2718050,41971,51650,6661,12,2
2718082,39475,26751,6752,18,2
2718115,29848,191713,6752,18,2
2718210,53291,29822,7329,22,3
2718277,23276,57732,7733,1,1
2718465,71114,188867,8868,24,1
2718531,65621,194185,9224,20,4
2718592,67903,133781,1321,22,3
2718593,40900,17177,9679,12,2
2718757,51508,72328,9850,20,4
2719042,42019,34199,6703,23,3
2719239,40504,87742,7743,15,0
2719269,39862,59410,9411,18,2
2719431,44299,116304,6305,13,4
2719527,43934,66224,8731,18,2
2719589,35849,119473,1985,24,1
2719619,46558,155756,8272,24,1
2719909,33416,174556,4557,17,1
2719910,19684,74154,9169,19,3
2719940,58829,4676,2177,0,0
2720482,71510,146249,3792,12,2
2720582,41372,63843,6350,22,3
2720736,57520,5534,8035,22,3
2720835,60256,78195,8196,15,0
2720835,60256,198790,8791,15,0
2720933,67651,140301,2816,16,0
2720964,41987,86218,8727,22,3
2720992,19453,71042,6057,23,3
2721058,49528,168569,8570,16,0
2721089,34763,76341,8849,23,3
2721157,44206,138661,3688,16,0
2721380,61552,196638,9158,22,3
2721478,19961,22572,2573,13,4
2721538,57904,171587,4105,13,4
2721570,41777,149134,6677,13,4
2721794,27103,137288,7289,14,0
2721959,24191,44041,9050,21,2
2721991,30101,20891,5896,20,4
2722051,53356,88185,8186,13,4
2722086,54400,69279,4292,21,2
2722151,41329,35763,8267,22,3
2722277,23917,69579,2086,23,3
2722470,34925,113758,1292,13,4
2722497,65413,123801,6314,0,0
2722533,20362,74663,2185,19,3
2722599,58448,1368,3869,18,2
2722661,55846,44022,4023,21,2
2722817,45418,86148,3673,24,1
2722981,25942,23776,3777,20,4
2722981,25942,85996,3521,20,4
2722983,60607,63668,6175,21,2
2723041,36124,29165,9166,23,3
2723109,31873,43317,3318,17,1
2723140,25109,85858,3383,13,4
2723265,66385,63610,3611,12,2
2723397,66208,39370,1874,16,0
2723425,68176,43058,3059,14,0
2723458,43309,61022,8541,16,0
2723489,45545,78816,3831,17,1
2723650,60797,24976,4977,0,0
2723685,44114,84871,2396,22,3
2723811,20012,66435,3954,23,3
2724067,27655,2344,2345,22,3
2724291,42839,74203,9218,16,0
2724385,73477,197802,2841,23,3
2724484,37060,17629,2632,23,3
2724485,47452,3873,6374,21,2
2724550,34373,93575,6085,19,3
2724583,45205,76590,1605,13,4
2724710,61843,59703,9704,19,3
2725060,25144,4583,4584,1,1
2725062,25547,85625,5626,13,4
2725095,21239,26264,6265,1,1
2725153,69365,31766,1767,16,0
2725153,69365,84932,4933,16,0
2725253,49762,168802,8803,18,2
2725281,47464,79181,6703,23,3
2725381,56719,152631,2632,23,3
2725382,22600,95819,8329,0,0
2725569,41909,123624,6137,24,1
2725666,69286,81590,9115,23,3
2725671,40420,24671,4672,0,0
2725955,24517,27737,5244,20,4
2726018,71599,54652,9663,0,0
2726054,1372,24597,4598,23,3
2726151,33554,2621,2622,12,2
2726179,38749,95850,3378,24,1
2726343,44956,75983,5984,13,4
2726438,22615,21990,1991,1,1
2726470,62365,181699,9254,19,3
2726530,29680,24414,6917,13,4
2726691,61276,103187,8208,18,2
2726886,1256,162440,2441,15,0
2726917,52384,7132,4633,24,1
2726977,68623,49633,2138,15,0
2727139,51553,80917,3426,1,1
2727362,58453,174839,7357,23,3
2727363,51325,198307,5865,23,3
2727525,65365,144189,1732,18,2
2727559,19220,146282,8797,22,3
2727584,64106,87874,5399,17,1
2728608,19327,122311,4824,12,2
2728738,60188,110333,2845,23,3
2728870,32701,127357,9870,22,3
2728931,63821,161117,6150,16,0
2729031,38198,153984,6500,23,3
2729120,19726,4409,4410,12,2
2729313,35956,34225,1735,12,2
2729376,44515,106942,1963,16,0
2729442,24872,152848,2849,17,1
2729732,45736,157219,9735,15,0
2729924,40562,57430,7431,13,4
2730081,18791,195200,2758,14,0
2730150,68557,12371,4873,20,4
2730242,33400,149053,6596,20,4
2730854,51208,45968,5969,19,3
2730916,21899,135181,7695,24,1
2731175,54055,126615,1640,13,4
2731622,29731,106991,9502,0,0
2731750,22975,93948,6458,0,0
2731843,63208,107972,2993,20,4
2731873,22772,182859,2860,15,0
2731876,73139,105017,7528,17,1
2731941,58489,146487,4030,14,0
2732067,26213,29359,9360,21,2
2732132,62180,69258,1765,19,3
2732518,35369,10544,3046,17,1
2732835,27292,198510,8511,22,3
2733063,32056,143114,5629,15,0
2733122,61261,43754,6259,20,4
2733280,74132,126367,6368,14,0
2733349,48254,53324,5830,0,0
2733635,51121,102012,9543,20,4
2733667,68878,45497,8002,0,0
2733699,55066,25486,2993,20,4
2733733,32320,114087,6599,19,3
2733892,56650,41619,1620,24,1
2733893,65080,134215,1755,21,2
2734116,21373,35347,7851,23,3
2734150,52972,102310,2311,12,2
2734176,64258,157264,7265,12,2
2734305,20863,27871,2876,24,1
2734529,62314,159662,2178,16,0
2734627,56050,68106,5625,14,0
2734628,20356,86351,1368,21,2
2734662,62863,153853,6369,17,1
2734880,43324,41055,6064,1,1
2734880,43324,162142,2143,1,1
2734881,39820,7204,4705,23,3
2734887,50791,152229,9775,18,2
2734977,69520,117807,2830,14,0
2734983,40285,42806,7815,12,2
2735011,26224,184550,2105,16,0
2735045,32369,132596,2597,24,1
2735136,46075,55033,5034,23,3
2735141,72697,144286,1829,19,3
2735329,60853,27042,9545,23,3
2735558,63772,193058,3059,14,0
2735589,29071,90921,3431,22,3
2735713,42295,49854,9855,20,4
2735780,60085,95361,7871,19,3
2735783,23608,143543,6058,22,3
2735846,50509,91089,3599,16,0
2736000,50791,58363,5879,18,2
2736039,68029,119581,2093,19,3
2736069,52150,183104,3105,19,3
2736193,43315,134095,4096,16,0
2736320,66878,54244,4245,0,0
2736327,46979,57420,7421,19,3
2736482,74690,95655,3183,22,3
2736482,74690,114133,1667,22,3
2736518,59137,85738,5739,1,1
2736550,72814,7475,9976,0,0
2736801,37690,150610,8156,14,0
2736835,61586,190661,3181,14,0
2736869,1253,124713,2250,1,1
2736871,71983,35192,2702,22,3
2737088,62101,124687,7200,14,0
2737153,71486,186478,8997,21,2
2737217,37247,142410,9953,12,2
2737223,73168,12538,5040,0,0
2737312,44389,128296,3321,1,1
2737440,33215,175526,5527,16,0
2737442,62788,33596,6100,16,0
2737444,58799,33674,3675,20,4
2737475,25438,118941,8942,18,2
2737569,1846,191835,9393,16,0
2737701,49429,83794,6303,21,2
2737888,21389,146899,4442,12,2
2737952,62938,70663,8185,16,0
2737959,23126,49127,1632,14,0
2738021,35884,21648,9155,17,1
2738213,62944,26376,3883,16,0
2738213,62944,47226,7227,16,0
2738407,54860,154892,2438,16,0
2738562,33676,57756,2767,0,0
2738563,23465,142120,9663,0,0
2738599,33187,52260,2261,21,2
2738624,52756,138616,8617,24,1
2738721,74066,165958,8475,15,0
2738791,67793,95548,8058,23,3
2738918,32068,138393,5933,23,3
2739041,69332,124799,9824,19,3
2739520,65584,9632,2133,23,3
2739521,45950,90983,8511,22,3
2739555,35516,22441,2442,19,3
2739585,73918,20635,5640,15,0
2739684,30265,183443,5962,14,0
2739876,45034,192810,2811,19,3
2739904,29287,137638,5178,20,4
2739938,68753,93918,8937,13,4
2740101,27325,42149,7158,13,4
2740164,74968,28620,6127,1,1
2740262,20233,135505,3045,19,3
2740289,66902,37914,5424,18,2
2740322,24751,52074,2075,24,1
2740514,27767,5687,5688,19,3
2740579,59692,2372,4873,20,4
2740707,67031,71306,3814,23,3
2740834,74383,164696,7213,21,2
2740899,54220,34938,7442,21,2
2740960,43939,52909,2910,21,2
2741125,70486,22679,5182,0,0
2741158,68099,31703,1704,18,2
2741219,62512,97472,9982,15,0
2741284,31144,58713,8714,22,3
2741446,69757,148472,3501,15,0
2741603,39061,164395,1944,20,4
2741732,49633,88099,5624,1,1
2741764,53830,141348,1349,22,3
2741793,55600,121184,8721,15,0
2741825,22633,7581,5082,24,1
2741856,66319,196329,6330,22,3
2741989,44821,45475,7980,22,3
2742082,56123,89754,4771,18,2
2742242,69104,23791,6294,13,4
2742309,40348,63011,5518,0,0
2742338,25864,33642,6146,15,0
2742341,44468,3371,3372,20,4
2742401,51725,185859,3414,20,4
2742434,45820,151146,3662,17,1
2742529,53044,191550,9108,16,0
2742599,59722,118589,3612,0,0
2743041,53528,198192,5750,19,3
2743266,52406,4008,1509,1,1
2743552,39452,40360,5369,0,0
2743655,70597,110057,7591,22,3
2744162,19369,131830,6857,17,1
2744420,32168,119092,6626,16,0
2744421,43882,83203,5712,24,1
2744608,36115,41605,9118,0,0
2744608,36115,128101,8102,0,0
2744708,34729,24179,4180,14,0
2744807,65098,15653,5654,15,0
2744995,31669,83519,6028,12,2
2745248,72862,89375,1884,1,1
2745248,72862,100485,8016,1,1
2745319,71075,165843,3392,18,2
2745601,31231,87007,4532,19,3
2745603,45353,57092,9598,21,2
2745635,42662,163544,8577,14,0
2745955,23332,151699,6730,21,2
2745958,52504,118127,5661,21,2
2746080,67735,83895,8912,17,1
2746081,71737,73521,8536,1,1
2746437,35158,43683,6188,23,3
2746560,25100,25417,7920,22,3
2746790,52219,142428,4943,0,0
2746849,61876,15996,8498,22,3
2746849,61876,90908,5927,22,3
2746854,62521,97209,2228,16,0
2747172,60170,140466,8009,24,1
2747205,74990,47431,9936,16,0
2747296,62240,174326,1878,0,0
2747365,35561,127285,4822,17,1
2747424,67579,91921,6940,24,1
2747492,65668,65727,5728,18,2
2747590,19849,96581,6582,12,2
2747687,45350,180607,3126,24,1
2747781,48730,156707,6708,16,0
2747872,61525,79042,6564,15,0
2748516,21136,197481,2520,21,2
2748545,44141,175256,7774,16,0
2748608,52634,19807,7311,13,4
2748615,21338,21248,6253,20,4
2748836,62851,71712,9234,22,3
2748838,63590,52569,2570,15,0
2748934,50141,140712,5741,13,4
2748963,59636,117465,4999,18,2
2749221,45925,187647,5202,1,1
2749284,47218,197476,2515,1,1
2749345,54203,1771,1772,14,0
2749379,20752,39006,1510,14,0
2749379,20752,169617,2134,14,0
2749728,65174,96621,1640,13,4
2749761,54080,157940,7941,24,1
2749892,72740,89806,2315,18,2
2750023,53137,147770,5313,15,0
2750117,50603,80999,3508,24,1
2750117,50603,93930,1458,24,1
2750149,35956,124595,2132,12,2
2750183,64414,105416,7927,17,1
2750306,29347,145884,3427,23,3
2750533,29914,15573,8075,14,0
2750533,29914,124689,7202,14,0
2750563,41131,174830,4831,20,4
2750787,68012,76870,9378,0,0
2750979,36028,103229,8250,19,3
2751074,64865,136715,1742,21,2
2751139,61822,79124,9125,21,2
2751175,48314,135025,5026,17,1
2751429,71039,160021,5054,1,1
2751495,53935,21420,1421,24,1
2751553,41072,59012,4023,21,2
2751680,69019,172875,2876,24,1
2752102,63448,173582,6100,16,0
2752225,24806,139401,1915,13,4
2752578,39670,85377,5378,16,0
2752707,43951,61479,1480,23,3
2752899,28171,11004,3506,0,0
2752962,46798,24735,4736,12,2
2753027,43084,3516,3517,20,4
2753093,52219,29437,9438,0,0
2753126,21101,192125,9683,16,0
2753378,48838,38977,1481,21,2
2753440,57790,23082,3083,18,2
2753472,24043,172397,2398,19,3
2753570,31556,102926,7947,14,0
2753664,25358,127303,9816,19,3
2753862,74903,6345,3846,21,2
2754116,65168,30933,5940,21,2
2754179,25147,122499,2500,18,2
2754181,33676,193675,6195,0,0
2754245,52861,43334,8343,21,2
2754276,41644,60141,5154,17,1
2754369,43621,15219,5220,16,0
2754628,30395,161040,6073,15,0
2754695,67564,15764,5765,18,2
2754887,20920,115964,8476,0,0
2754945,20803,133816,1356,20,4
2754979,43792,52218,7229,21,2
2755170,45598,1717,9218,16,0
2755654,56504,187700,7701,1,1
2755684,51850,181223,3742,14,0
2755810,28924,152248,7279,15,0
2756007,74209,116137,8649,14,0
2756034,60679,180672,5709,23,3
2756097,67102,45910,8415,17,1
2756355,74851,12076,2077,21,2
2756643,1687,184997,2552,23,3
2757028,28388,124330,4331,16,0
2757090,34703,92403,4913,21,2
2757251,23875,166804,1837,24,1
2757317,33664,117054,2077,21,2
2757348,66322,29056,6563,16,0
2757731,20053,22206,9713,12,2
2757829,55117,151254,8800,14,0
2757989,59818,98504,6032,21,2
2758146,32384,10102,2604,15,0
2758181,21626,180482,3001,24,1
2758242,54514,54684,2200,19,3
2758309,63043,29680,7187,15,0
2758470,45322,143517,6032,21,2
2758471,26402,90847,8375,23,3
2758498,35272,64778,9791,19,3
2758592,42949,45669,8174,13,4
2758627,32519,43838,8847,0,0
2758627,32519,169013,9014,0,0
2758662,62584,133508,6022,18,2
2758789,66758,42051,7060,16,0
2758913,19358,129974,7511,20,4
2758947,49280,74589,7097,14,0
2758980,59107,97479,9989,0,0
2759235,46007,143927,8956,22,3
2759268,57031,44530,7035,1,1
2760291,63314,196044,3602,19,3
2760454,46333,85452,7961,19,3
2760484,31306,50742,3248,20,4
2760739,72401,64379,9392,21,2
2760739,72401,104730,2261,21,2
2760899,49420,6001,3502,14,0
2760900,31463,70252,5267,14,0
2760996,64753,136613,1640,13,4
2761063,28742,61741,6754,14,0
2761126,38938,124707,2244,15,0
2761601,50035,89660,4677,23,3
2761635,22114,76647,9155,17,1
2761639,31904,105126,5127,23,3
2762597,64883,80067,5084,18,2
2762756,30104,122802,5315,24,1
2762818,38117,182133,7170,21,2
2762881,68692,79423,4438,19,3
2762951,72796,139234,9235,16,0
2763168,34648,16598,6599,19,3
2763168,34648,47282,4795,19,3
2763171,31537,47157,2166,24,1
2763329,31906,31406,1407,0,0
2763362,21605,134609,4610,13,4
2763364,36004,140707,8250,19,3
2763458,69262,6981,9482,14,0
2763495,36028,132900,2901,19,3
2763911,52000,179016,1534,20,4
2764166,52288,85920,5921,17,1
2764260,69361,172298,4816,13,4
2764354,56096,72655,5163,19,3
2764643,67654,180608,3127,24,1
2764643,67654,197134,9654,24,1
2764672,39955,31023,6030,1,1
2764711,45635,107203,2224,13,4
2765031,64933,171525,6560,17,1
2765281,1618,83857,3858,12,2
2765346,37714,63400,8413,1,1
2765348,54340,83609,3610,22,3
2765575,38251,169969,5002,17,1
2765734,34925,17138,2141,13,4
2765762,41687,96829,1848,16,0
2765764,50068,16072,8574,13,4
2766021,69314,121555,9092,1,1
2766342,36259,20775,5780,24,1
2766403,26230,153537,3538,23,3
2766436,33982,127371,9884,21,2
2766503,31151,84837,7346,19,3
2766625,57710,25536,3043,16,0
2766625,57710,101656,1657,16,0
2766755,71593,164056,4057,17,1
2766886,49201,177242,7243,1,1
2767011,19981,19232,1734,1,1
2767105,52390,129264,9265,0,0
2767137,39943,130711,5738,1,1
2767297,46520,38343,5853,15,0
2767328,36850,157040,2071,21,2
2767367,68914,82617,5126,1,1
2767398,43093,67142,9649,15,0
2767491,35098,178087,5639,14,0
2767559,42145,34780,4781,0,0
2767746,24715,12316,2317,13,4
2767747,30089,63311,3312,13,4
2768034,33641,159557,9558,22,3
2768037,67301,157533,7534,14,0
2768070,60083,59772,7288,12,2
2768129,67081,17771,7772,23,3
2768229,61255,63913,6420,24,1
2768615,48232,47100,4613,23,3
2768705,65653,42856,2857,21,2
2768774,47261,49891,2396,22,3
2768774,47261,141767,1768,22,3
2768802,48224,145051,7566,18,2
2768805,45058,140692,5721,20,4
2768837,59063,191532,1533,1,1
2768864,52331,85609,5610,22,3
2769248,51509,105837,8348,23,3
2769285,72418,78786,1294,15,0
2769509,54746,29531,2034,12,2
2769541,55193,174092,1644,19,3
2769700,55066,194162,6682,20,4
2769766,1702,81672,4181,19,3
2769856,48827,187414,9933,14,0
2769921,41531,113036,3037,22,3
2770082,26389,125726,3263,14,0
2770208,66049,156675,1706,16,0
2770433,43303,104189,4190,12,2
2770784,48004,60118,5131,15,0
2770817,42038,79517,4532,19,3
2770820,33079,20501,8008,17,1
2770917,72938,119956,2468,22,3
2770950,26617,142374,9917,1,1
2771011,42325,102027,9558,22,3
2771040,29797,5155,5156,14,0
2771077,27029,187336,4891,12,2
2771111,57293,154112,4113,19,3
2771264,24520,18432,3435,13,4
2771460,21374,183313,5832,18,2
2771557,49210,37920,7921,16,0
2771651,38893,159740,2256,20,4
2771684,24235,189075,9076,19,3
2771846,60475,182551,5070,13,4
2771909,21190,105519,8030,20,4
2772454,72055,185737,8256,12,2
2772774,22157,33135,5639,14,0
2772930,65971,83269,5778,21,2
2773251,74200,69266,4279,22,3
2773319,71143,62751,5258,14,0
2773444,21520,47852,5365,24,1
2773509,58937,156350,3896,19,3
2773636,26443,126931,9444,17,1
2773765,39533,45040,2553,16,0
2773794,28171,81894,6911,0,0
2773797,42923,145857,3400,19,3
2773826,68798,11383,3885,22,3
2774564,67321,49949,4958,13,4
2774694,71587,191754,4274,20,4
2774694,71587,194765,9804,20,4
2774788,47710,183828,8865,1,1
2775109,27223,67599,2612,1,1
2775109,27223,94429,9448,1,1
2775456,61585,43734,8743,18,2
2775523,53992,165262,2811,19,3
2775747,34519,113873,6385,17,1
2775846,33350,39129,4136,22,3
2775907,29335,171011,8563,18,2
2775937,52774,40093,5102,24,1
2775975,74749,31322,6329,12,2
2775975,74749,83777,8794,12,2
2776130,54724,127080,7081,13,4
2776192,1306,47234,9739,12,2
2776226,67727,182220,7257,23,3
2776261,47557,99143,4162,14,0
2776480,37804,49680,4689,12,2
2776608,60379,3311,5812,13,4
2776740,48392,153138,5654,15,0
2776801,44921,67138,4657,21,2
2776832,67663,92068,2069,21,2
2776933,44299,108083,8084,13,4
2777061,58676,46378,8883,16,0
2777219,57742,93767,3768,19,3
2777248,22111,79145,4160,13,4
2777376,47990,161107,8656,18,2
2777409,61220,49915,2420,13,4
2777409,61220,116372,8884,13,4
2777445,73501,57901,2912,12,2
2777475,43184,181713,9268,20,4
2777799,30361,117331,2354,14,0
2778050,27589,27338,9841,1,1
2778308,69502,3019,3020,19,3
2778401,52451,38912,6422,23,3
2778470,62251,121884,1885,16,0
2778565,32755,74722,7230,24,1
2778658,56033,154290,9321,13,4
2778694,21664,123146,3147,23,3
2779170,64405,177970,5522,17,1
2779175,59530,25828,3335,20,4
2779458,29857,570,8071,14,0
2779458,29857,181794,4313,14,0
2779587,48634,171306,1307,17,1
2779906,23372,130726,8266,12,2
2780166,48241,86129,3654,14,0
2780167,21179,22471,2472,14,0
2780258,47737,134839,9866,21,2
2780512,31840,94227,6737,20,4
2780548,37876,38901,3908,23,3
2780672,50992,16350,1353,20,4
2780742,28663,8165,8166,19,3
2780999,51751,121323,6348,21,2
2781184,28439,52006,2007,19,3
2781281,41461,193736,8775,17,1
2781282,68905,122454,2455,16,0
2781286,45919,31660,1661,12,2
2781536,61444,113537,6049,1,1
2781668,59635,167118,7119,12,2
2781764,49093,81053,3562,16,0
2781831,46037,69434,4447,0,0
2781831,46037,167794,2827,0,0
2781891,63622,159893,2409,21,2
2781892,71863,68952,8953,22,3
2781954,55579,111291,6314,0,0
2781985,43810,12000,4502,12,2
2782017,27811,5253,2754,15,0
2782017,27811,145145,2688,15,0
2782278,59740,14056,1560,19,3
2782306,44974,120170,7707,24,1
2782341,51250,15006,7508,15,0
2782437,67544,26770,4277,1,1
2782437,67544,160156,5189,1,1
2782464,74752,155022,7538,16,0
2782467,58021,168550,8551,20,4
2782726,36943,141206,8749,12,2
2782727,35686,145617,3160,15,0
2782949,19699,37367,7368,14,0
2782976,34282,25422,5423,12,2
2783075,36382,28173,3178,15,0
2783522,59599,40448,7961,19,3
2783777,63425,95405,7915,20,4
2783841,18758,98265,8266,12,2
2784037,51470,103815,1346,12,2
2784128,48682,91218,8746,19,3
2784129,71650,43720,6225,18,2
2784195,49870,71939,4447,0,0
2784417,29237,72991,5499,19,3
2784449,33220,3230,5731,24,1
2784513,33556,24921,4922,18,2
2784581,24190,184621,7140,1,1
2784676,25969,123070,5583,20,4
2784679,45673,99003,4022,24,1
2784773,60655,34302,6806,16,0
2784803,69109,156781,6782,24,1
2784807,43516,85686,8195,14,0
2784807,43516,194214,6734,14,0
2784931,60212,192755,7794,23,3
2785408,29245,154183,9214,24,1
2785575,37418,12752,7755,22,3
2785605,25850,66855,6856,18,2
2785703,59335,30357,5364,1,1
2785733,31097,27821,5328,1,1
2785923,36964,175586,3138,14,0
2785955,33587,35986,3496,14,0
2785956,40538,43859,6364,14,0
2786242,70486,197652,5210,0,0
2786402,27815,163997,3998,12,2
2786496,68671,182112,7149,16,0
2786503,56968,191591,6630,12,2
2786758,44174,116422,8934,17,1
2786980,35239,46555,9060,0,0
2787297,74854,184785,4786,20,4
2787332,36094,20519,8026,19,3
2787366,56677,127449,9962,18,2
2787366,56677,191595,6634,18,2
2787367,69517,127982,5519,12,2
2787394,26486,124174,6687,12,2
2787463,53731,42427,7436,22,3
2787588,55114,76111,8619,21,2
2787780,73810,114702,7214,1,1
2787808,30400,2643,2644,18,2
2788102,64907,150951,5982,23,3
2788163,30527,153271,5787,23,3
2788293,64652,120841,3354,16,0
2788418,47071,83770,3771,0,0
2788896,69602,133524,6038,15,0
2789062,45451,128274,5811,19,3
2789090,46196,60066,2573,13,4
2789792,37099,50036,2542,22,3
2789829,21874,32371,4875,14,0
2789829,21874,48953,6466,14,0
2789861,29219,86538,9047,14,0
2790306,29800,123663,3664,18,2
2790340,71308,175744,3296,0,0
2790594,36526,165867,5868,16,0
2790599,59465,85064,7573,16,0
2791013,64255,33787,3788,16,0
2791043,67966,170894,8446,19,3
2791109,72580,155982,8498,22,3
2791137,44683,150326,5357,13,4
2791238,44500,107188,4719,17,1
2791463,56596,199425,1945,16,0
2791524,72814,149550,2065,0,0
2791655,68311,196998,9518,0,0
2791716,26644,5925,3426,1,1
2791716,26644,53320,3321,1,1
2791879,68971,32727,2728,24,1
2791938,70456,50557,8073,21,2
2791972,66082,79380,6902,17,1
2792101,69532,42255,2256,20,4
2792294,20710,137359,4899,16,0
2792327,52018,981,5982,23,3
2792418,51620,129366,1879,13,4
2792454,28963,54603,7109,23,3
2792484,47437,4239,6740,15,0
2792516,65473,30562,8072,1,1
2792578,69562,170104,5139,0,0
2792707,33973,176697,6698,14,0
2792804,42337,119137,6671,1,1
2792836,57971,70257,7779,19,3
2792865,34894,44056,4057,17,1
2792898,65869,92729,7748,19,3
2792898,65869,151484,6515,19,3
2793283,50264,103772,3773,21,2
2793602,67189,108229,3250,24,1
2793632,46627,113460,5972,1,1
2793633,47419,7787,5288,16,0
2793633,47419,197756,7757,16,0
2793795,71878,191348,3868,21,2
2793985,53896,17400,4904,16,0
2794113,19003,154296,1842,16,0
2794146,24541,123675,6188,23,3
2794693,61492,29896,7403,19,3
2794726,34132,65083,7590,24,1
2794977,55378,183669,6188,23,3
2795264,58033,73770,3771,0,0
2795333,18778,71768,6783,1,1
2795360,29584,113012,8035,22,3
2795392,71383,71095,6110,12,2
2795392,71383,77607,2622,12,2
2795399,51211,23359,5862,14,0
2795399,51211,169832,4865,14,0
2795523,39419,12439,4941,22,3
2795523,39419,84769,2294,22,3
2795751,55504,9117,1618,17,1
2795808,60832,141683,6712,15,0
2795941,44377,76855,4377,22,3
2796292,35824,177051,2086,23,3
2796295,45416,26449,3956,17,1
2796325,65914,98797,1307,17,1
2796354,40648,68092,3105,19,3
2796903,74038,143587,6102,1,1
2797345,49439,112665,7688,23,3
2797411,71791,30080,5087,13,4
2797444,36785,104583,2114,18,2
2797447,55931,118318,3341,17,1
2797475,64525,192354,9912,14,0
2797505,27953,35649,8153,14,0
2797505,27953,179556,7108,14,0
2797543,55411,165631,3180,0,0
2797605,24235,143141,8170,19,3
2797632,69322,57018,7019,21,2
2797987,33025,79158,4173,18,2
2798209,57791,47370,2379,17,1
2798210,40061,45608,5609,23,3
2798531,18920,128527,3552,17,1
2798663,71512,159647,4678,22,3
2798882,34063,27831,5338,22,3
2798882,34063,71491,3999,22,3
2799012,58718,123810,3811,13,4
2799201,68869,145436,7951,18,2
2799488,19135,142987,5502,17,1
2799490,46201,140834,5863,14,0
2799942,35647,67140,9647,20,4
2799969,34138,34998,2508,12,2
2800007,31972,35205,2715,18,2
2800256,20569,162840,5357,13,4
2800546,38914,123247,8272,24,1
2800548,72683,133493,3494,12,2
2800550,68551,58576,3587,23,3
2800642,46282,68662,8663,12,2
2800675,27331,49838,9839,18,2
2800677,70736,67190,9697,23,3
2800870,36587,74758,4759,18,2
2801026,42937,127912,5449,21,2
2801123,55285,145429,5430,17,1
2801127,53326,181772,6809,22,3
2801447,27490,97059,7060,16,0
2801510,52195,107528,7529,15,0
2802208,34198,9641,7142,20,4
2802305,54532,152186,7217,0,0
2802405,64907,6984,4485,23,3
2802534,22327,84908,4909,1,1
2802725,44734,114838,4839,23,3
2802885,65513,64370,1889,19,3
2802885,65513,81182,3691,19,3
2803107,23917,113337,8360,23,3
2803393,63757,17406,7407,23,3
2803559,59156,129162,4187,0,0
2803623,67145,172593,7628,0,0
2803779,65546,29671,2174,1,1
2803842,64558,146904,4447,0,0
2803970,47036,6796,6797,13,4
2803971,21880,81564,6581,15,0
2804710,41656,138602,3629,18,2
2804737,40885,138207,5747,19,3
2805092,65041,91887,9415,12,2
2805474,59269,178551,8552,23,3
2805474,59269,179996,7548,23,3
2806308,25045,64556,7063,12,2
2806434,55109,96145,6146,15,0
2806436,25663,115560,3094,21,2
2806436,25663,137019,2046,21,2
2806499,60589,114988,11,18,2
2806560,45208,114833,4834,1,1
2806560,45208,125418,7931,1,1
2806880,1177,127247,9760,14,0
2807238,56245,180970,8525,12,2
2807520,66226,47021,2030,14,0
2807553,22933,157657,5203,1,1
2807681,33089,6164,3665,19,3
2807712,63115,180427,5464,14,0
2808001,35326,115393,2927,21,2
2808163,21307,53045,3046,17,1
2808257,54601,123257,3258,19,3
2808390,61636,134117,1657,16,0
2808417,69977,116609,9121,24,1
2808455,56552,106958,4489,20,4
2808516,24208,37217,9721,20,4
2808579,30112,91856,1857,12,2
2808835,50815,74870,2392,22,3
2808961,56815,21827,6832,24,1
2809030,20011,171275,6310,12,2
2809090,29990,144703,7218,22,3
2809158,51865,124272,4273,15,0
2809219,22621,30050,7560,19,3
2809219,22621,184283,4284,19,3
2809383,41431,50061,5072,19,3
2809793,43876,72119,9641,24,1
2809952,38284,166201,8718,20,4
2809958,59420,23282,5785,14,0
2810084,47354,163478,5995,18,2
2810113,70304,150699,8245,14,0
2810145,66401,108540,8541,16,0
2810465,25244,134321,6835,23,3
2810916,53747,136993,4533,19,3
2811009,43103,85927,5928,16,0
2811492,48586,108033,5564,1,1
2811495,24130,84995,2520,21,2
2811495,24130,152935,7966,21,2
2811523,45512,22232,9739,12,2
2811814,57556,26317,3824,0,0
2811906,46196,87762,5287,13,4
2812129,68845,193399,3400,19,3
2812164,19328,22668,5171,19,3
2812194,54112,181910,1911,17,1
2812263,60688,48987,6500,23,3
2812326,34076,178778,3813,1,1
2812327,1567,157628,7629,24,1
2812518,34738,199839,2359,1,1
2812711,52814,87367,9876,1,1
2812834,37330,43478,3479,15,0
2812871,70747,57930,7931,1,1
2812995,59416,91933,6952,17,1
2813029,44519,125027,2564,0,0
2813088,49003,176273,8791,15,0
2813152,54404,29725,4730,22,3
2813376,51535,16096,6097,12,2
2813444,67753,135027,7541,22,3
2813446,61846,39608,2112,19,3
2813446,61846,54375,4376,19,3
2813479,64891,61127,3634,22,3
2813572,51944,30207,5214,1,1
2813798,47473,130988,6015,18,2
2813824,58189,32813,2814,20,4
2813831,70124,166003,3552,17,1
2814146,72436,69238,4251,16,0
2814855,32689,192659,7698,1,1
2814950,45244,1786,1787,24,1
2815271,60607,182486,5005,21,2
2815523,29951,58520,8521,13,4
2815553,65221,8318,3319,17,1
2815748,63688,121674,4187,0,0
2815781,58570,191831,1832,12,2
2815876,37532,100335,7866,19,3
2815975,44044,42871,7880,20,4
2815975,44044,125567,5568,20,4
2816067,19885,143370,3371,24,1
2816197,68086,81301,3810,21,2
2816548,59960,110167,7701,1,1
2816739,64123,53618,3619,23,3
2816902,22810,108018,5549,0,0
2816935,53950,85995,5996,14,0
2817030,58540,103782,1313,12,2
2817059,22061,90705,5724,14,0
2817312,36995,24266,1773,19,3
2817317,47227,132208,7235,24,1
2817509,50740,168080,5629,15,0
2817605,69712,7192,2193,19,3
2817632,40631,3788,8789,12,2
2818055,49642,36780,9284,18,2
2818151,36988,128270,3295,15,0
2818245,32257,61578,6591,0,0
2818278,45980,106889,6890,14,0
2818816,71188,53276,8287,17,1
2818885,49132,117407,4941,22,3
2818913,52660,163036,3037,22,3
2819168,33413,53928,8939,21,2
2819200,53405,25354,5355,12,2
2819815,47419,17950,5454,16,0
2820103,64877,150335,7881,16,0
2820227,43994,34043,9050,21,2
2820228,54820,131913,1914,13,4
2820325,21592,102481,4992,18,2
2820608,33958,165837,3386,24,1
2820641,27367,119662,2174,1,1
2820674,39154,18135,8136,20,4
2820772,35155,85985,3510,1,1
2820801,73459,51284,3790,1,1
2821186,64909,24696,9701,15,0
2821350,74623,69572,4585,19,3
2821541,46208,174503,4504,23,3
2821639,41374,127101,2126,14,0
2821666,21898,4935,9936,16,0
2821702,49705,9788,9789,22,3
2821762,64006,134319,1859,0,0
2821799,22687,38301,5811,19,3
2821891,26014,6765,6766,12,2
2821891,26014,58786,6302,12,2
2821985,57632,526,5527,16,0
2821985,57632,66033,8540,16,0
2821985,57632,196770,9290,16,0
2822018,59702,104940,4941,22,3
2822018,59702,119348,6882,22,3
2822528,42319,74873,7381,20,4
2822563,57259,66352,3871,0,0
2822660,50153,174783,9818,0,0
2822691,74782,41883,1884,1,1
2822695,36256,155525,5526,22,3
2822758,35050,32044,7051,12,2
2822819,46345,82234,9759,1,1
2823009,24019,7926,7927,17,1
2823109,34319,176355,3907,19,3
2823269,59917,138340,3367,17,1
2823303,22060,126915,6916,24,1
2823330,55355,134135,9162,15,0
2823683,49991,84272,1797,15,0
2823910,42776,25876,3383,13,4
2824002,29107,133356,8383,15,0
2824004,54229,180019,5056,16,0
2824037,24367,104822,4823,0,0
2824067,42154,19454,9455,21,2
2824194,41750,6579,4080,1,1
2824194,41750,159803,7349,1,1
2824391,24130,5037,2538,21,2
2824549,24521,94369,1897,24,1
2824550,67511,117710,5244,20,4
2824871,56360,140354,7897,18,2
2824899,44696,86495,1512,23,3
2824899,44696,187404,9923,23,3
2825030,25441,192366,9924,23,3
2825089,27676,189733,7288,12,2
2825122,27853,17155,2158,24,1
2825445,35180,162102,4619,22,3
2825570,56155,9057,1558,16,0
2825732,58354,71053,6068,22,3
2825923,59267,27832,7833,16,0
2826048,28945,39591,4598,23,3
2826113,62786,105822,8333,20,4
2826113,62786,110067,7601,20,4
2826566,50179,196496,9016,22,3
2826788,39955,29766,7273,1,1
2826917,71626,106171,3702,19,3
2826980,39629,132946,5460,12,2
2827008,68353,60348,7867,1,1
2827136,22882,110783,3295,15,0
2827397,66619,3968,6469,23,3
2827428,19069,34714,2224,13,4
2828039,1609,38213,3220,20,4
2828164,38249,159492,2008,17,1
2828354,61957,155614,3160,15,0
2828416,36221,139953,2467,16,0
2828930,51136,143493,8522,22,3
2829123,62047,124571,7084,21,2
2829127,27815,149571,4600,12,2
2829249,73741,18312,8313,19,3
2829569,66241,4990,4991,16,0
2829665,56980,156479,4025,16,0
2829925,51442,158605,3636,1,1
2829953,57209,126042,8555,1,1
2829990,36673,143270,5785,14,0
2830050,63574,15502,5503,16,0
2830181,68149,188655,8656,18,2
2830243,73805,15,7516,24,1
2830245,67123,33231,3232,22,3
2830278,48493,51358,1359,13,4
2830340,44663,135119,2659,17,1
2830402,74668,143054,5569,18,2
2830592,43946,72527,2528,12,2
2830786,63586,164212,6729,15,0
2830791,54820,180966,8521,13,4
2830816,44443,55603,3119,1,1
2830951,47561,25524,5525,14,0
2830980,28324,18784,6288,24,1
2831329,49123,140764,3279,18,2
2831394,72737,96347,6348,21,2
2831559,54670,112934,2935,16,0
2831650,49822,114957,4958,13,4
2831808,58291,2613,2614,18,2
2831878,51871,46836,4349,21,2
2832160,36154,139895,9896,20,4
2832193,29092,170312,5347,20,4
2832293,19166,80698,5715,13,4
2832516,63304,172816,5334,16,0
2832582,64295,157446,2477,14,0
2833155,1615,101835,6856,18,2
2833186,55384,148273,8274,18,2
2833282,19300,143931,3932,23,3
2833443,41642,140767,3282,12,2
2833606,46525,111390,1391,21,2
2833634,70771,151512,9058,0,0
2833638,33184,21662,9169,19,3
2833732,58486,109009,9010,22,3
2833760,63313,65842,8349,21,2
2833825,67553,110906,5929,14,0
2833894,20167,33004,3005,1,1
2834019,73465,128221,5758,18,2
2834113,30859,24936,9941,18,2
2834146,34417,77257,4779,15,0
2834151,58498,76423,1438,12,2
2834176,63871,176564,9082,14,0
2834343,60206,43043,3044,15,0
2834786,53749,141548,6577,24,1
2834787,49316,56624,6625,24,1
2835014,52528,105420,7931,1,1
2835014,52528,143223,5738,1,1
2835141,58705,131010,8550,1,1
2835239,38378,46891,1900,23,3
2835328,24121,77208,2223,17,1
2835363,39697,119809,2321,19,3
2835367,56605,86555,6556,17,1
2835494,49280,106234,1255,14,0
2835876,50399,36387,1394,23,3
2836128,39130,131492,1493,0,0
2836161,55735,140043,7586,18,2
2836198,32983,167714,7715,21,2
2836198,32983,190559,8117,21,2
2836224,36598,183691,6210,20,4
2836640,33334,109821,2332,1,1
2836647,70187,155866,8382,16,0
2836674,60493,35358,7862,17,1
2836865,26258,162028,4545,13,4
2837026,34040,63341,8354,20,4
2837153,56908,80838,3347,23,3
2837249,71290,107774,7775,16,0
2837251,49085,39779,4786,20,4
2837312,26917,123782,1319,16,0
2837411,31912,40621,5630,18,2
2837473,51229,103730,3731,23,3
2837540,26840,188012,8013,21,2
2837543,51398,101576,9107,19,3
2837602,19702,116692,6693,20,4
2837729,73046,16416,1419,22,3
2837733,40013,51652,9168,17,1
2837733,40013,129091,4116,17,1
2837797,73765,184266,6785,21,2
2838149,47216,11003,8507,17,1
2838401,28861,142244,7273,1,1
2838401,28861,196522,4080,1,1
2838404,47680,53421,5927,22,3
2838405,54988,25017,7520,14,0
2838405,54988,46360,1369,14,0
2838562,60796,71714,6729,15,0
2838624,72178,61535,6548,21,2
2838880,29098,131710,1711,13,4
2839303,24232,171534,9086,24,1
2839463,57871,59694,4705,23,3
2839555,26518,14423,4424,12,2
2839555,26518,180673,8228,12,2
2839621,20053,105114,2645,12,2
2839716,50036,74723,7231,23,3
2839841,46285,68222,3235,17,1
2839974,24256,163681,8714,22,3
2840069,44182,114104,6616,23,3
2840069,44182,136698,6699,23,3
2840131,44515,145333,5334,16,0
2840545,32548,117492,5026,17,1
2840897,33161,79869,9870,22,3
2840932,23425,16893,9395,16,0
2840967,29405,33537,8544,22,3
2841120,24146,139323,1837,24,1
2841121,64576,109388,4409,24,1
2841381,57856,76560,1575,13,4
2841826,35717,129395,1908,16,0
2842053,21310,10735,5738,1,1
2842151,38570,84070,4071,17,1
2842535,27814,119999,2511,17,1
2842565,69278,58452,5968,15,0
2842565,69278,146149,3692,15,0
2842567,41009,79287,6809,22,3
2842597,57460,109416,6947,16,0
2842784,36494,137190,4730,22,3
2842912,22051,51517,9033,17,1
2842979,62770,198168,5726,23,3
2842981,55111,158386,8387,22,3
2843014,54457,145176,5177,19,3
2843077,37723,178343,8344,14,0
2843139,48679,66946,1959,17,1
2843335,60770,26795,1800,0,0
2843365,20707,34538,9545,23,3
2843622,44462,147562,5105,12,2
2843680,33554,157453,9969,12,2
2843714,22177,171201,6236,15,0
2843873,67391,197780,7781,15,0
2843909,25865,53988,1504,24,1
2843938,25486,48811,8812,15,0
2843968,41798,82949,7966,21,2
2844227,30092,189706,2225,20,4
2844323,36841,187753,7754,16,0
2844450,45067,92561,5071,12,2
2845031,63044,72366,2367,0,0
2845059,71734,67108,7109,23,3
2845186,52241,2108,4609,17,1
2845287,70477,4274,9275,24,1
2845414,45010,117265,2288,23,3
2845507,41117,60778,3285,14,0
2845635,27829,171902,6937,16,0
2845824,60470,14014,4015,13,4
2845921,72218,14291,4292,21,2
2845924,30689,24395,9400,21,2
2846306,42589,59067,9068,0,0
2846340,62780,88026,8027,24,1
2846406,20164,104336,4337,14,0
2846436,36752,168593,8594,17,1
2846499,37504,45498,3011,21,2
2846823,67781,40708,5717,18,2
2846851,47108,101269,1270,1,1
2846946,71729,104409,4410,12,2
2846979,50275,97019,7020,13,4
2847046,67640,70894,5909,21,2
2847173,26401,110264,5287,13,4
2847173,26401,195923,8443,13,4
2847936,65312,8311,5812,13,4
2847936,65312,65640,3159,13,4
2848130,44545,142668,5183,0,0
2848544,65848,119824,7358,19,3
2848550,35510,95988,3516,17,1
2848580,36398,157118,2149,24,1
2848705,39364,136929,6930,13,4
2848737,29795,42233,9746,15,0
2848737,29795,105004,7515,15,0
2848932,43117,2356,2357,20,4
2849154,21992,123479,3480,13,4
2849446,21394,77157,2172,13,4
2849730,1789,121602,1603,0,0
2850023,29491,181766,6803,17,1
2850146,55411,42600,2601,0,0
2850243,22156,40640,8153,14,0
2850406,51844,70906,3414,20,4
2850534,74729,198597,3636,1,1
2850597,61228,181993,7030,16,0
2850951,67355,58283,5799,20,4
2850977,46012,93600,3601,1,1
2851492,27002,38029,5539,17,1
2851622,65576,173841,3842,23,3
2851654,42428,112348,2349,22,3
2851682,35260,148600,6143,16,0
2851687,29807,51146,6157,17,1
2851716,52459,157169,4715,0,0
2851780,68618,147826,7827,12,2
2852034,60451,82332,2333,22,3
2852199,19673,80800,3309,12,2
2852448,28148,70539,5554,17,1
2852451,39820,67651,7652,23,3
2852513,34171,156496,1527,21,2
2852519,46009,127153,4690,15,0
2852614,69844,91982,7001,17,1
2852930,55877,132807,7834,14,0
2852932,26860,8883,8884,13,4
2852932,26860,65252,2771,13,4
2852932,26860,79909,7431,13,4
2853126,68320,28886,8887,0,0
2853348,54382,2635,2636,14,0
2853541,56702,168880,6429,18,2
2853572,19120,108655,3676,13,4
2853699,28814,67868,7869,14,0
2853735,37597,143852,3853,0,0
2853956,54838,64237,4238,0,0
2854116,73474,68952,8953,22,3
2854176,36271,191007,6046,16,0
2854213,69682,192672,2673,16,0
2854215,47684,14069,1573,1,1
2854342,21076,196799,6800,20,4
2854343,62128,52988,5494,22,3
2854438,74120,40895,5904,22,3
2854464,65204,89824,4841,1,1
2854631,39955,193612,6132,1,1
2854658,46085,85286,5287,13,4
2854786,50383,161556,9105,12,2
2855079,58966,96547,9057,12,2
2855268,18827,9013,6514,12,2
2855330,50279,131555,6582,12,2
2855520,1378,37808,5318,17,1
2855907,24292,51149,6160,16,0
2856002,40346,172400,2401,13,4
2856037,26726,102047,4558,18,2
2856101,45787,100810,8341,13,4
2856129,63317,122598,7623,0,0
2856358,37783,78775,3790,1,1
2856419,62473,181535,9090,19,3
2856512,42784,105926,5927,22,3
2856678,65869,60360,5373,19,3
2856869,43273,178710,3745,22,3
2856960,25675,59377,9378,0,0
2856993,27394,72205,9727,20,4
2856998,73976,24872,2379,17,1
2857252,55141,36960,4470,23,3
2857670,68725,18634,3637,16,0
2857925,37156,139143,1657,16,0
2858080,35779,180398,2917,20,4
2858178,43672,188828,1347,20,4
2858179,34420,111313,6336,1,1
2858337,60898,125177,7690,18,2
2858370,1829,167630,7631,0,0
2858918,51166,70107,7629,24,1
2859142,38354,24597,4598,23,3
2859171,20252,114077,4078,0,0
2859904,43576,95047,5048,12,2
2859972,60514,193510,6030,1,1
2860005,64393,141724,1725,23,3
2860005,64393,175688,5689,23,3
2860034,55756,142611,7640,17,1
2860226,38404,63294,3295,15,0
2860230,51322,66685,1698,0,0
2860261,49757,164608,9641,24,1
2860261,49757,176136,6137,24,1
2860326,60115,180575,8130,15,0
2860518,41086,75224,5225,24,1
2860545,40538,96730,9240,14,0
2860678,63751,15612,8114,13,4
2861061,64709,13264,3265,15,0
2861089,40717,175136,2688,15,0
2861120,26786,103818,1349,22,3
2861153,66118,153866,8897,1,1
2861379,74932,133585,8612,24,1
2861477,20699,84908,4909,1,1
2861606,28054,98326,3345,24,1
2861664,69314,5722,8223,1,1
2861664,69314,110277,7811,1,1
2861860,43061,133260,3261,24,1
2861863,70351,126192,6193,1,1
2862016,32242,43029,8038,24,1
2862083,40759,88851,1360,1,1
2862435,23674,58650,3661,1,1
2862468,29581,66758,4277,1,1
2862468,29581,133193,3194,1,1
2862656,54671,179754,9755,0,0
2862658,18958,120088,5113,0,0
2862691,47377,102222,2223,17,1
2862785,70087,134881,7395,12,2
2862883,39793,43823,3824,0,0
2863014,1393,86656,9165,24,1
2863201,45338,155937,3483,1,1
2863270,19616,167032,4581,1,1
2863270,19616,168278,3311,1,1
2863364,31594,118106,8107,16,0
2863395,45145,108785,6316,13,4
2863428,28682,9613,7114,21,2
2863428,28682,93522,6032,21,2
2863495,68290,37535,2542,22,3
2863748,21307,57908,2919,17,1
2863808,73969,171054,3572,13,4
2863842,50500,2149,7150,0,0
2863909,60248,106046,6047,19,3
2864227,48382,192410,2411,16,0
2864516,43405,103394,8415,17,1
2864675,64616,151327,8873,16,0
2865024,71767,176458,6459,23,3
2865059,71624,53684,3685,21,2
2865120,44620,182355,2356,19,3
2865249,71335,104869,9890,21,2
2865249,71335,126619,4156,21,2
2865344,49829,32410,9920,0,0
2865696,26761,74632,7140,1,1
2865698,72361,166004,8521,13,4
2865703,37801,4497,1998,23,3
2865733,38893,17421,4925,20,4
2865990,66001,9019,1520,19,3
2865990,66001,100693,5714,19,3
2866021,27280,59094,9095,23,3
2866023,74260,27203,7204,1,1
2866048,54250,194954,9993,0,0
2866054,25382,51886,6897,17,1
2866116,36370,156096,8612,24,1
2866373,22135,113503,6015,18,2
2866464,70807,153885,8916,18,2
2866497,27331,54628,4629,18,2
2866529,30949,117430,9942,12,2
2866560,24952,66412,3931,0,0
2866884,73139,129495,2008,17,1
2867014,22544,8537,3538,23,3
2867300,55883,49423,1928,18,2
2867330,72100,127447,9960,19,3
2867394,25325,39509,9510,15,0
2867428,56897,108771,3792,12,2
2867527,41032,147174,4717,21,2
2867748,43882,13999,6501,24,1
2867970,42385,105643,3174,1,1
2867975,66485,171498,4016,22,3
2868134,57569,18021,5525,14,0
2868165,61564,97118,4646,1,1
2868320,35311,10876,8380,1,1
2868967,20221,166723,9240,14,0
2869127,32548,82230,7247,17,1
2869154,56752,54177,9188,13,4
2869191,30199,117969,2992,23,3
2869350,29294,57836,2847,22,3
2869536,26425,59474,1980,17,1
2869987,56929,14663,7165,0,0
2870085,54395,16315,8817,16,0
2870214,30289,93856,3857,17,1
2870400,20509,101576,9107,19,3
2870404,40183,142185,4700,19,3
2870405,23875,84053,1578,24,1
2870469,36085,50668,5679,14,0
2870566,62737,15328,5329,14,0
2870595,68026,97663,2682,12,2
2870695,27587,156588,1619,23,3
2870848,25306,133246,5760,22,3
2870951,44036,34905,2415,14,0
2871077,33893,16917,1920,0,0
2871170,23248,182749,2750,16,0
2871910,42370,29807,9808,18,2
2871939,52000,152831,5347,20,4
2872034,47176,84159,1684,12,2
2872262,59351,68867,3880,21,2
2872295,71029,401,2902,23,3
2872321,40648,20454,7961,19,3
2872325,27643,41418,1419,22,3
2872352,66061,187956,5511,16,0
2872482,49120,166506,1539,12,2
2872869,47914,33732,8739,20,4
2872965,41098,196419,3977,24,1
2873252,32069,148644,3673,24,1
2873409,62317,93300,8319,22,3
2873410,34760,15367,7869,14,0
2873698,42485,31950,1951,20,4
2873698,42485,177337,9855,20,4
2873702,69508,181888,4407,1,1
2873760,21679,180079,2598,13,4
2873794,69910,52891,2892,12,2
2873891,68513,135757,5758,18,2
2873927,46111,44329,1842,16,0
2874054,69823,184713,4714,21,2
2874055,32620,18300,8301,20,4
2874055,32620,106377,6378,20,4
2874113,67609,56898,6899,14,0
2874306,57664,83403,8420,17,1
2874439,66424,111195,6218,16,0
2874499,26540,160382,5415,12,2
2874535,72122,81590,1591,22,3
2874594,23101,93930,1458,24,1
2874594,23101,161835,9384,24,1
2874599,41515,138474,6014,16,0
2874629,32168,11668,9172,16,0
2874725,20761,100320,7851,23,3
2875557,25094,31616,4120,0,0
2875557,25094,199121,6679,0,0
2875648,46016,83441,5950,24,1
2875653,58064,109033,1544,1,1
2875842,59201,134942,9969,12,2
2876032,28924,128139,8140,15,0
2876289,45319,71934,9456,23,3
2876289,45319,98454,5982,23,3
2876294,51847,21214,8721,15,0
2876321,51784,4697,4698,16,0
2876834,65413,119708,7242,0,0
2876928,74602,83280,8297,14,0
2877155,73468,104409,6920,23,3
2877280,42184,16385,8887,0,0
2877350,70084,196242,1281,23,3
2877413,1549,91056,6075,24,1
2877632,22663,8223,5724,14,0
2877632,22663,185861,5862,14,0
2877927,20941,33365,8372,0,0
2878052,38659,22719,5222,16,0
2878115,74854,120125,7662,20,4
2878115,74854,132317,4831,20,4
2878117,53428,31793,6800,20,4
2878435,56959,97366,9876,1,1
2878596,71986,70380,2888,21,2
2878722,36985,191457,6496,1,1
2878981,35647,11451,1452,20,4
2878981,35647,45661,5662,20,4
2879104,47725,146349,1378,18,2
2879267,41230,17155,7156,0,0
2879335,62446,168160,8161,21,2
2879489,74272,169189,1706,16,0
2879521,29290,53448,3449,17,1
2879552,35044,53925,8936,0,0
2879552,35044,149930,2445,0,0
2879682,51427,100551,8082,0,0
2879779,67966,164316,4317,19,3
2880006,73366,106958,4489,20,4
2880007,29128,33894,3895,24,1
2880037,65987,198328,5886,23,3
2880546,41515,35496,5497,16,0
2880551,26188,157727,2758,14,0
2880643,55789,71941,9463,15,0
2880737,39217,13251,8254,12,2
2880807,62300,36425,1432,21,2
2880966,45496,143923,1466,18,2
2881126,67009,81767,1768,22,3
2881412,53858,176911,4463,14,0
2881472,41057,155905,5906,20,4
2881761,49639,132721,5235,20,4
2881892,33820,178604,6156,17,1
2881920,57425,111015,6038,15,0
2882243,62611,163804,6321,0,0
2882400,64852,168190,5739,1,1
2882400,64852,173418,8453,1,1
2882756,21700,158116,3147,23,3
2882785,51908,111819,4331,16,0
2882790,42931,13842,3843,0,0
2882818,24703,160054,5087,13,4
2882821,64189,188635,6190,14,0
2882849,29984,153055,8086,0,0
2883106,39898,57917,2928,1,1
2883107,32579,188043,8044,12,2
2883237,25652,111384,3896,19,3
2883301,68569,138765,6305,13,4
2883367,55528,43714,6219,12,2
2883425,46387,17812,7813,24,1
2883425,46387,54848,9859,24,1
2883520,70597,42306,7315,22,3
2883555,51064,12158,4660,13,4
2883584,56993,162659,7692,14,0
2883652,50807,54546,4547,18,2
2883652,50807,101075,6096,18,2
2883908,72526,10164,5167,15,0
2883974,19693,109007,1518,23,3
2884103,58093,72716,5224,17,1
2884224,30790,30413,7923,16,0
2884224,30790,179999,2517,16,0
2884227,68236,50974,8490,20,4
2884321,45904,44438,1951,20,4
2884485,32969,67960,7961,19,3
2884546,24043,1875,4376,19,3
2884640,60364,84887,7396,22,3
2884934,68891,179591,7143,24,1
2884994,22706,98031,8032,16,0
2885186,38371,63769,8782,14,0
2885538,36479,104826,2357,20,4
2885664,49568,174246,4247,0,0
2885728,24106,65402,2921,0,0
2885825,64114,132365,4879,15,0
2886182,59468,19331,1833,16,0
2886214,23302,59524,2030,14,0
2886243,46186,97757,5285,13,4
2886470,69235,111579,6602,1,1
2886626,22733,18779,6283,20,4
2886657,70861,137787,2814,20,4
2886722,19256,100874,8405,14,0
2886948,26609,160574,5607,19,3
2887047,22159,98129,8130,15,0
2887206,66343,160144,5177,19,3
2887264,66103,12869,2870,17,1
2887363,45905,84119,4120,0,0
2887460,42016,145868,5869,24,1
2887553,73451,170317,2835,17,1
2887557,23191,50564,3070,22,3
2887620,40786,192332,7371,20,4
2887683,22630,104169,4170,18,2
2887684,63688,123896,3897,0,0
2887975,33184,109815,9816,19,3
2888133,40075,5920,5921,17,1
2888388,60631,37114,7115,22,3
2888420,30572,15885,5886,23,3
2888577,28717,84644,9661,22,3
2888679,22027,150502,5533,16,0
2888743,60973,144614,4615,14,0
2888866,60868,49105,6618,1,1
2888929,70348,87291,9800,13,4
2888993,71638,168395,5944,1,1
2889060,26767,186035,8554,0,0
2889088,22433,191913,4433,24,1
2889286,51269,4746,2247,18,2
2889729,27188,48430,8431,22,3
2890016,47785,81297,6314,0,0
2890049,70264,41138,3643,18,2
2890049,70264,134912,9939,18,2
2890049,70264,149982,9983,18,2
2890466,64037,171932,4450,12,2
2890597,44668,174437,6955,12,2
2890626,45323,194785,2343,17,1
2890627,29314,151909,4425,23,3
2890663,44741,146337,1366,23,3
2890725,23710,180997,8552,23,3
2890854,22090,67309,9816,19,3
2891233,62485,139075,9076,19,3
2891328,48421,11811,4313,14,0
2891463,29089,96446,8956,22,3
2891654,52372,57867,5383,20,4
2891713,22669,87799,2816,16,0
2891716,24424,194106,6626,16,0
2891873,63011,168336,8337,15,0
2891877,48232,152381,7412,23,3
2891943,70136,44179,4180,14,0
2892001,53965,54333,4334,13,4
2892100,23992,132970,7997,17,1
2892512,42388,94410,6920,23,3
2892678,73570,21310,8817,16,0
2892837,67918,145300,7815,12,2
2893060,25163,46602,9107,19,3
2893157,71074,163318,3319,17,1
2893444,27149,160053,5086,12,2
2893601,71260,77315,9823,13,4
2893760,56609,165995,5996,14,0
2893952,25621,37024,2031,13,4
2894020,35191,111778,6801,15,0
2894306,34597,8819,6320,22,3
2894626,22456,129506,7043,23,3
2894626,22456,179053,1571,23,3
2894690,31474,48762,3771,0,0
2894726,57103,177762,7763,15,0
2894820,38491,197808,2847,22,3
2895136,39481,84703,4704,12,2
2895206,57376,38855,1359,13,4
2895424,24127,52449,4955,16,0
2895556,18917,34446,6950,13,4
2895616,65207,102109,7130,24,1
2895751,21800,196704,9224,20,4
2895778,24121,111999,7022,17,1
2895905,61805,134618,2158,24,1
2895941,36698,98455,8456,19,3
2896068,20635,183303,5822,22,3
2896070,61168,51733,9249,22,3
2896323,35732,69207,9208,1,1
2896642,41518,9932,9933,14,0
2896774,62512,21737,1738,15,0
2897155,73073,55054,7560,19,3
2897218,27325,196253,1292,13,4
2897447,38284,61808,1809,20,4
2897700,47911,142859,5374,22,3
2897733,70951,73574,8589,0,0
2898082,21022,182212,7249,15,0
2898241,63676,58526,8527,20,4
2898246,71827,96313,3841,1,1
2898500,20489,109116,4137,15,0
2898756,63769,149834,9835,20,4
2898817,20875,47241,2250,1,1
2898821,52777,6847,1848,16,0
2899361,68629,91306,3816,1,1
2899716,33085,50510,8026,19,3
2899782,49315,2378,2379,17,1
2899970,44500,76462,8970,17,1
2900064,67120,3986,8987,17,1
2900195,54397,92258,2259,14,0
2900578,33115,126424,6425,24,1
2900709,51790,179302,4337,14,0
2900736,65078,137559,7560,19,3
2900743,73399,144594,2137,23,3
2901061,53294,18705,3708,12,2
2901220,64355,188453,3490,16,0
2901376,67604,21606,6611,20,4
2901382,38909,128374,3399,16,0
2901382,38909,134235,9262,16,0
2901441,40724,185516,8035,22,3
2901861,47516,143275,3276,19,3
2901894,24632,1309,6310,12,2
2902017,45682,120794,8331,20,4
2902050,43762,30528,5535,14,0
2902085,68405,121453,3966,19,3
2902085,68405,152585,2586,19,3
2902279,28795,199063,1583,14,0
2902406,37324,60875,8394,20,4
2902979,30614,148714,3743,1,1
2903233,38827,135314,2854,0,0
2903234,50257,160661,8210,20,4
2903236,36802,163021,3022,18,2
2903237,57736,144161,4162,14,0
2903266,20593,143370,8399,12,2
2903298,67880,192188,9746,15,0
2903392,20984,114204,1738,15,0
2903619,39571,62221,2222,14,0
2903682,19093,104128,6639,17,1
2903780,32776,90439,2949,20,4
2903842,66878,197372,4930,0,0
2903909,52459,114952,7464,0,0
2903942,73291,22581,2582,24,1
2904160,61966,146616,9131,21,2
2904199,36547,162483,7516,24,1
2904288,62737,179512,2030,14,0
2904452,36121,172586,7621,21,2
2904609,51617,19375,9376,24,1
2904768,52540,37584,2591,18,2
2904867,39520,156912,6913,0,0
2904869,1336,179292,9293,16,0
2904902,64001,19310,4313,14,0
2904966,47341,196689,6690,23,3
2905089,27622,8529,6030,1,1
2905089,27622,131003,6030,1,1
2905286,59191,57170,9676,15,0
2905505,1681,91867,9395,16,0
2905509,74977,89423,4440,0,0
2905570,71692,168524,8525,12,2
2905732,48998,162058,7091,15,0
2905892,23149,4999,2500,18,2
2905892,23149,111752,9286,18,2
2905957,57319,34120,6624,20,4
2905957,57319,181962,6999,20,4
2905958,41437,61161,3668,17,1
2906022,44981,23568,8573,1,1
2906053,39005,31756,6763,13,4
2906054,53644,23945,6448,16,0
2906277,61351,45686,8191,0,0
2906854,21491,46793,1802,13,4
2906880,65369,225,5226,23,3
2906880,65369,176117,3669,23,3
2907046,54376,199051,9052,0,0
2907047,74464,76747,9255,21,2
2907207,48169,145656,3199,18,2
2907364,61094,163200,5717,18,2
2907490,61816,194658,9697,23,3
2907621,43960,23335,5838,0,0
2907681,48224,26104,6105,18,2
2907815,67238,169469,9470,17,1
2907940,70714,10687,8191,0,0
2908036,30610,15795,3299,24,1
2908036,30610,123034,5547,24,1
2908038,56149,179709,7261,20,4
2908226,48844,169652,7201,16,0
2908320,63622,38166,5676,21,2
2908549,37192,8560,8561,19,3
2908674,36154,103409,5920,20,4
2908677,71845,79627,7149,16,0
2908710,34060,157822,7823,22,3
2908740,39334,119462,9463,15,0
2909315,43205,22727,7732,19,3
2909344,70396,59911,4922,18,2
2909344,70396,115238,7750,18,2
2909411,44965,65693,5694,22,3
2909509,46607,162448,4965,24,1
2909664,27506,197600,7601,20,4
2909826,58642,31344,1345,12,2
2910114,65878,98706,8707,16,0
2910182,52330,161421,1422,0,0
2910307,22060,160594,3111,24,1
2910311,58678,197047,4605,1,1
2910405,56683,1155,8656,18,2
2910499,53158,179302,9303,16,0
2910535,55729,144494,2037,12,2
2910688,65042,174041,9076,19,3
2910758,56789,48102,5615,24,1
2910788,41581,159970,7516,24,1
2910852,30577,32938,5442,0,0
2910884,51499,159466,9467,18,2
2910950,20771,9387,1888,19,3
2910951,31585,74030,4031,23,3
2911077,67811,31424,6431,24,1
2911077,67811,47593,2602,24,1
2911077,67811,92191,2192,24,1
2911170,70310,80398,7923,16,0
2911200,19304,145215,5216,17,1
2911360,62554,167491,7492,19,3
2911461,35456,162846,2847,22,3
2911777,32213,100159,5180,16,0
2911778,43858,85828,5829,18,2
2912001,50000,44106,1619,23,3
2912006,69928,78644,3659,14,0
2912096,58469,104546,2077,21,2
2912291,42490,119292,9293,16,0
2912704,37429,34684,4685,17,1
2912933,73709,162215,9764,17,1
2912935,71170,99456,4475,19,3
2912961,39140,35114,7618,22,3
2912966,54328,180744,8299,1,1
2912993,41308,149298,6841,15,0
2913156,69460,161665,9214,24,1
2913252,20668,2092,2093,19,3
2913410,22252,147595,5138,17,1
2913635,39964,39256,1760,22,3
2913926,43814,61388,6401,1,1
2913953,61093,32414,9924,23,3
2913989,57220,57532,2543,14,0
2914658,34114,20808,3311,1,1
2914949,46363,179355,6907,0,0
2915652,24826,196704,6705,20,4
2915750,54140,67573,7574,0,0
2916098,58891,41344,6353,23,3
2916295,18913,141340,6369,17,1
2916358,51401,79693,2201,22,3
2916359,31210,86317,8826,15,0
2916418,22936,194705,9744,24,1
2916513,24470,38747,3754,22,3
2916551,57814,63887,8900,20,4
2916581,50813,97544,7545,17,1
2916647,62117,104449,1980,17,1
2916804,39131,148785,3814,23,3
2916838,52951,194583,7103,16,0
2916929,29587,42514,2515,1,1
2916934,46222,56721,1732,18,2
2916961,22738,119345,1857,12,2
2916997,57520,82312,7329,22,3
2917125,26086,77565,7566,18,2
2917634,56417,161792,1793,24,1
2917954,30709,192704,7743,15,0
2918020,49160,45166,5167,15,0
2918023,35869,106919,6920,23,3
2918435,66376,81347,6364,14,0
2918464,41866,98320,3339,0,0
2918594,55354,140609,3124,15,0
2918787,41891,195492,3050,15,0
2918887,43417,198825,8826,15,0
2918982,37330,16840,6841,15,0
2919012,25340,136484,8998,17,1
2919169,44693,120230,5255,0,0
2919651,58729,108786,1297,14,0
2919972,70877,93852,6362,14,0
2920033,22198,23516,8521,13,4
2920164,70244,89590,9591,23,3
2920263,47428,55690,8196,15,0
2920356,68225,99980,4999,18,2
2920452,46702,71412,1413,24,1
2920544,34786,51580,1581,13,4
2920960,66967,85002,7511,20,4
2920965,70384,143738,6253,20,4
2921031,46385,37018,2025,20,4
2921056,36217,55842,3358,0,0
2921159,22987,181283,8838,13,4
2921216,61826,41959,4464,24,1
2921216,61826,198260,3299,24,1
2921281,27373,144272,9301,17,1
2921314,72824,174696,4697,21,2
2921605,37591,39907,2411,16,0
2921638,52877,149276,4305,19,3
2921700,22361,5958,5959,17,1
2921700,22361,128210,3235,17,1
2921921,40055,164813,4814,19,3
2922016,55354,175052,5053,15,0
2922053,38501,180269,7824,1,1
2922274,44104,173357,8392,16,0
2922497,63454,114410,1944,20,4
2922593,68044,15057,7559,21,2
2922663,48436,177922,2957,1,1
2923013,28591,181413,6450,20,4
2923073,60259,17133,7134,17,1
2923136,21335,15834,8336,23,3
2923616,42556,24125,1632,14,0
2923778,37237,199770,2290,18,2
2923779,33347,174161,4162,14,0
2923905,39485,48801,3810,21,2
2923970,50288,76567,9075,0,0
2924260,37364,106101,8612,24,1
2924292,73735,35873,3383,13,4
2924292,73735,171994,9546,13,4
2924417,50365,126334,3871,0,0
2924453,41314,34802,9809,17,1
2924480,33032,31017,3521,20,4
2924743,52363,2934,2935,16,0
2924772,41431,117675,5209,19,3
2924897,52475,191861,9419,17,1
2925120,42152,199058,1578,24,1
2925220,44267,98601,3620,14,0
2925253,47693,11401,3903,15,0
2925376,64003,66731,1744,19,3
2925410,37180,89994,7519,1,1
2925569,49400,7192,2193,19,3
2925665,55549,34759,9766,12,2
2925731,19918,59279,1785,21,2
2925825,73513,91963,6982,19,3
2925956,48893,179376,4411,23,3
2925989,57250,15425,7927,17,1
2926117,47569,159970,9971,17,1
2926149,19714,160781,5814,18,2
2926245,70477,48252,3261,24,1
2926533,23125,90799,3309,12,2
2926695,39787,177684,7685,1,1
2927011,69040,145996,8511,22,3
2927043,27415,128289,8290,21,2
2927200,23956,3723,3724,12,2
2927362,62962,124347,4348,15,0
2927460,23263,156636,6637,23,3
2927490,69337,96476,8986,23,3
2927552,66104,92483,7502,18,2
2927552,66104,187866,2903,18,2
2927558,59812,199750,2270,21,2
2927650,40849,99800,4819,16,0
2927810,37514,175448,7966,21,2
2927873,22310,43343,8352,0,0
2928034,34532,129055,4080,1,1
2928103,72407,169090,6639,17,1
2928672,54382,41641,1642,14,0
2928837,72526,175160,2712,15,0
2929216,34738,100617,5638,1,1
2929221,73273,29235,4240,15,0
2929409,65413,150930,8476,0,0
2929441,58907,54706,7212,1,1
2929703,68357,102016,2017,1,1
2929857,53707,17722,5226,23,3
2929959,23248,144224,9253,16,0
2929959,23248,166341,8858,16,0
2930407,72397,139093,4120,0,0
2930439,39745,103754,6265,1,1
2930496,61013,103819,1350,13,4
2930595,19570,56384,8890,19,3
2930791,25568,75939,8447,23,3
2930916,43645,182926,7963,16,0
2930948,24581,165486,8003,23,3
2931238,47194,193630,3631,17,1
2931906,53026,103953,6464,14,0
2931906,53026,138073,3100,14,0
2932101,66811,121532,9069,17,1
2932261,35221,6167,6168,17,1
2932422,25405,78952,8953,22,3
2932448,42949,1925,4426,13,4
2932486,69107,157453,2484,18,2
2932515,36538,96441,3969,16,0
2932643,34768,164614,7131,20,4
2932743,31571,72354,9876,1,1
2932867,51703,41301,6310,12,2
2932871,31528,112206,4718,18,2
2933223,68269,4435,1936,1,1
2933351,46303,65104,7611,19,3
2933601,64612,25017,7520,14,0
2933825,72284,95291,5292,0,0
2933860,26957,28155,3160,15,0
2934051,46510,189242,4279,22,3
2934247,72991,61977,6990,15,0
2934276,34181,84809,2334,21,2
2934338,31127,185184,7703,24,1
2934369,22493,3857,6358,15,0
2934468,50407,17211,9713,12,2
2934498,69028,29527,2030,14,0
2934498,69028,169705,2222,14,0
2934720,51850,8516,8517,14,0
2934784,72847,17054,2057,1,1
2934944,50182,130518,3032,16,0
2935172,67373,199443,9444,17,1
2935332,29873,6840,6841,15,0
2935553,24838,187213,2250,1,1
2935683,29570,63862,1381,24,1
2935750,39494,132228,7255,20,4
2936001,48146,87970,5495,15,0
2936066,50431,129447,1960,20,4
2936100,31795,149727,7270,21,2
2936324,22567,85039,5040,0,0
2936551,53608,61451,8970,17,1
2936581,29581,131499,9039,1,1
2936643,68816,5759,3260,15,0
2936903,20176,86964,4489,20,4
2937056,49847,64713,4714,21,2
2937091,52039,118639,6173,21,2
2937187,60811,152908,7939,21,2
2937349,44303,92682,7701,1,1
2937505,48980,61578,9097,23,3
2937542,43040,53928,8939,21,2
2937571,36766,138846,8847,0,0
2937600,55496,174203,1755,21,2
2937604,58267,109699,4720,17,1
2937988,74633,19832,9833,13,4
2938181,22574,93561,6071,18,2
2938470,30907,156852,1883,19,3
2938498,38305,167716,5265,18,2
2938500,23531,58627,3638,17,1
2938625,74333,186681,1718,21,2
2938657,71317,87205,9714,0,0
2938790,19354,111871,1872,22,3
2938817,55168,3799,6300,0,0
2938817,55168,39629,7139,0,0
2939042,22066,97248,9758,20,4
2939142,52780,10644,8148,0,0
2939172,72409,23863,1370,22,3
2939329,65234,101741,4252,1,1
2939396,46574,128961,3986,0,0
2939525,53311,30757,8267,22,3
2939584,67481,89496,2005,20,4
2939586,43828,21643,9150,14,0
2939590,36007,79837,9838,18,2
2939750,74491,144401,1944,20,4
2939846,46717,101675,1676,18,2
2939909,46187,65709,3228,19,3
2940066,46837,14296,1800,0,0
2940226,62116,96995,4523,17,1
2940357,1387,187918,2955,19,3
2940672,50576,2989,5490,13,4
2940707,68794,151211,8757,23,3
2940738,57692,148474,6017,15,0
2941026,31306,21008,6013,20,4
2941220,42425,12177,2178,16,0
2941601,69898,34972,4973,13,4
2941703,31153,5246,7747,14,0
2941735,22048,91422,6441,14,0
2941889,65731,77706,7707,24,1
2941985,40730,182576,5095,17,1
2942023,46634,38327,5837,23,3
2942274,22999,34990,9997,15,0
2942663,22630,160229,5262,18,2
2943040,73469,181991,9546,13,4
2943236,46063,171668,6703,23,3
2943264,67486,17391,9893,0,0
2943457,26701,112156,9690,23,3
2943587,28717,43707,6212,22,3
2943686,62296,119890,9891,20,4
2943969,65777,156699,6700,21,2
2943972,58051,139464,7004,16,0
2944002,52708,55037,5038,24,1
2944359,65590,125242,7755,22,3
2944645,32647,189549,2068,18,2
2944673,54035,147321,2350,21,2
2944837,23387,7913,5414,22,3
2944837,23387,57341,7342,22,3
2944935,30872,148972,1487,18,2
2944992,23410,131297,8837,22,3
2944997,59267,53800,3801,16,0
2945157,30533,13239,3240,24,1
2945219,60829,195638,5639,14,0
2945478,29099,19738,4741,24,1
2945927,64291,70932,8454,22,3
2946051,51634,23268,3269,22,3
2946086,26239,172566,5084,18,2
2946147,66400,44258,6763,13,4
2946241,45395,10841,8345,12,2
2946242,52225,151816,4332,17,1
2946245,67081,20782,5787,23,3
2946370,61909,144751,2294,22,3
2946662,26705,99779,2289,22,3
2946693,37528,10814,5817,1,1
2946979,44233,155747,3293,0,0
2947108,24694,79083,1591,22,3
2947139,42224,5605,3106,15,0
2947233,49765,146573,4116,17,1
2947329,67858,165250,5251,13,4
2947457,20368,108622,8623,19,3
2947459,43108,166457,6458,0,0
2947462,45016,118506,6040,0,0
2947585,27268,62929,7942,18,2
2947717,63448,92084,7103,16,0
2947906,50983,108146,8147,20,4
2948165,24004,3690,3691,19,3
2948325,53077,64939,2458,0,0
2948386,19573,91937,9465,23,3
2948388,64943,164115,4116,17,1
2948388,64943,165113,5114,17,1
2948391,68180,76246,1261,17,1
2948421,26023,26827,9330,0,0
2948547,52579,64047,9060,0,0
2948578,23431,130426,5453,19,3
2948583,36293,59747,7263,21,2
2948800,66560,156044,8560,14,0
2948803,32155,183986,6505,20,4
2949190,67478,46776,6777,17,1
2949253,57320,184602,2157,17,1
2949348,60334,133727,1267,17,1
2949474,67772,124873,4874,16,0
2949572,31483,64981,7488,0,0
2949700,38122,72380,4888,20,4
2949763,32273,45660,5661,21,2
2949794,64496,43642,8651,21,2
2950275,26573,30101,7611,19,3
2950343,51160,184344,9381,21,2
2950403,32197,1205,6206,13,4
2950723,40774,41619,4124,12,2
2950753,19543,113342,8365,22,3
2950880,50396,55789,3305,21,2
2951169,28181,150554,3070,22,3
2951399,22456,38809,8810,23,3
2951584,22078,63842,1361,15,0
2951713,22222,196903,9423,17,1
2951847,57160,146797,6798,16,0
2952007,39553,174899,7417,20,4
2952453,39308,143191,3192,15,0
2952454,35689,173459,8494,24,1
2952641,53422,24177,1684,12,2
2952743,39592,157061,4607,23,3
2952933,54796,3864,3865,16,0
2952965,56183,43747,6252,13,4
2953282,43018,70652,8174,13,4
2953377,68551,75110,2632,23,3
2953479,74876,86351,8860,19,3
2953636,45457,139574,2088,14,0
2953639,31973,143047,5562,22,3
2953697,55504,12392,4894,17,1
2953700,72391,186705,9224,20,4
2953732,58288,106584,9095,23,3
2953766,60266,123056,5569,18,2
2953793,26815,135565,8079,19,3
2953863,47863,159425,4456,16,0
2953925,42383,54179,6685,0,0
2954022,31073,35517,3027,0,0
2954145,66971,62606,2607,13,4
2954177,24355,71188,6203,15,0
2954307,34640,176099,6100,16,0
2954308,28637,126894,9407,23,3
2954469,70888,170033,7585,24,1
2954503,28297,25096,7599,13,4
2955204,59519,16334,3838,16,0
2955267,50777,178310,5862,14,0
2955270,44240,144317,6832,24,1
2955463,60388,50553,3059,14,0
2955555,72587,151685,1686,18,2
2955585,1340,68376,8377,21,2
2955620,64711,174868,4869,15,0
2955622,56321,161376,3893,18,2
2956100,39112,65380,2899,1,1
2956356,63028,68338,8339,21,2
2956518,71689,138611,8612,24,1
2956647,73598,19408,1910,21,2
2956804,31955,117188,2211,16,0
2956931,73249,86241,6242,15,0
2957152,54598,22009,2010,0,0
2957248,41291,193578,8617,24,1
2957285,28126,95486,3014,20,4
2957573,19474,120238,7775,16,0
2957607,43981,6297,1298,16,0
2957825,41251,135276,7790,22,3
2957891,25255,116895,9407,23,3
2957894,36650,184304,6823,13,4
2958018,24691,120001,7538,16,0
2958179,36518,188074,8075,14,0
2958342,56501,37533,2540,20,4
2958471,51319,107516,5047,19,3
2958567,44833,80828,5845,15,0
2958626,21925,131316,1317,23,3
2958628,25372,17569,2572,22,3
2958758,47264,130985,3499,16,0
2958818,40576,180954,8509,22,3
2958851,56497,11438,3940,24,1
2958852,22372,1818,4319,13,4
2958852,22372,105876,5877,13,4
2958945,27853,28579,6086,24,1
2958951,65404,34919,4920,19,3
2958976,36922,74693,9708,12,2
2959172,33658,173815,3816,1,1
2959328,36346,39586,2090,13,4
2959392,31444,158073,8074,15,0
2959430,73640,170623,3141,15,0
2959491,61126,29832,9833,13,4
2959553,45278,166883,1916,20,4
2959556,56215,103840,8861,12,2
2959719,66793,186666,6667,20,4
2959876,26140,26655,4162,14,0
2960099,20935,84938,2463,1,1
2960327,65216,119842,4865,14,0
2960384,32698,66247,8754,20,4
2960741,53758,103576,3577,12,2
2960967,70807,158802,8803,18,2
2961024,20965,148776,3805,21,2
2961126,61456,167238,4787,24,1
2961670,52291,58787,8788,16,0
2961703,41086,68874,1381,24,1
2961831,34636,133244,5758,18,2
2961953,27853,105709,3240,24,1
2962118,70862,159080,1596,1,1
2962502,24002,106332,1353,20,4
2962850,37921,57402,9908,12,2
2963201,66077,139785,4812,16,0
2963685,64159,76735,4257,12,2
2963744,25147,9774,9775,18,2
2963750,46408,181342,6379,20,4
2963809,31756,193522,3523,18,2
2963907,58604,188516,6071,18,2
2964007,72581,117019,2042,19,3
2964165,46892,195283,5284,15,0
2964295,63097,11780,6783,1,1
2964455,41800,27233,4740,21,2
2964514,26173,118729,3752,19,3
2964609,71557,45915,5916,0,0
2964995,42808,88278,3295,15,0
2965121,59201,135527,5528,12,2
2965184,60242,85063,5064,21,2
2965313,26210,112294,2295,15,0
2965315,36562,14225,4226,12,2
2965765,19219,174798,4799,18,2
2965767,36802,149961,4990,18,2
2966117,66520,193601,8640,23,3
2966371,46033,148631,3660,15,0
2966435,52942,10718,3220,20,4
2966435,52942,119404,1916,20,4
2966565,47255,162352,4869,15,0
2966887,62503,124003,6516,21,2
2967174,60317,34556,7060,16,0
2967360,58561,71315,6330,22,3
2967458,49330,47144,7145,22,3
2967618,20158,82519,2520,21,2
2967812,58480,139735,9736,1,1
2967843,25649,22461,7466,22,3
2968006,60220,132038,7065,15,0
2968101,34274,75313,2835,17,1
2968228,59821,13233,3234,20,4
2968387,51575,29650,7157,16,0
2968549,30610,101708,9239,24,1
2968609,48166,9940,2441,15,0
2968641,19351,143003,8032,16,0
2968644,50164,23382,8387,22,3
2968711,64897,92175,7194,19,3
2968864,20458,124735,7248,18,2
2969217,66559,131443,1444,12,2
2969248,42868,171928,9480,14,0
2969248,42868,193570,8609,14,0
2969472,66073,109673,7204,1,1
2969796,71561,117373,2396,22,3
2969857,23320,21882,1883,19,3
2970119,42362,120393,7930,18,2
2970147,72755,22863,2864,17,1
2970371,41536,114653,9676,15,0
2970435,26602,6483,8984,19,3
2970435,26602,66518,6519,19,3
2970758,64832,127781,7782,0,0
2970758,64832,181018,6055,0,0
2970759,19513,18277,5781,18,2
2970787,23521,125257,7770,18,2
2970881,64396,179155,4190,12,2
2970980,39073,5348,7849,23,3
2971009,41215,94678,2206,16,0
2971009,41215,101726,4237,16,0
2971173,58060,12666,7669,23,3
2971235,59630,132337,2338,22,3
2971366,20408,190704,5743,21,2
2971527,60829,166688,6689,14,0
2971712,1660,56998,9504,21,2
2971781,30691,18619,6123,14,0
2971781,30691,130967,5994,14,0
2972096,42799,2479,2480,15,0
2972128,40111,131261,8801,1,1
2972163,61766,56767,6768,0,0
2972194,60892,84145,4146,15,0
2972259,34517,120034,2547,1,1
2972517,31900,120973,5998,20,4
2972549,38704,141705,9248,0,0
2972738,52934,96845,9355,17,1
2972801,33193,1132,6133,18,2
2972935,29011,88090,5615,24,1
2973124,60862,183566,3567,16,0
2973252,50368,141828,9371,16,0
2973253,64507,176728,1763,18,2
2973798,51958,153247,3248,20,4
2973830,49438,15664,3168,20,4
2973989,56560,197415,9935,15,0
2973990,37099,112373,7396,22,3
2974082,73174,173671,3672,18,2
2974338,70021,194480,7000,19,3
2974437,26938,77158,2173,14,0
2974437,26938,84129,4130,14,0
2974948,73154,18273,8274,18,2
2975267,38668,161049,8598,14,0
2975492,48862,91939,9467,18,2
2976133,56596,82801,5310,16,0
2976199,30716,31283,6290,21,2
2976321,36220,64338,4339,21,2
2976388,53101,83309,5818,16,0
2976608,59621,184022,6541,15,0
2976609,48028,197039,9559,15,0
2976641,31634,116358,8870,16,0
2976704,68746,167056,4605,1,1
2976899,40150,199053,6611,20,4
2976964,66983,196373,8893,19,3
2977025,68974,6225,6226,21,2
2977025,68974,7926,2927,21,2
2977378,72025,31664,9174,13,4
2977508,42518,131422,8962,17,1
2977764,49700,194633,4634,24,1
2977825,68266,19002,6506,24,1
2978019,51364,174823,2375,18,2
2978112,34418,135264,5265,18,2
2978118,38176,24150,4151,14,0
2978593,22625,72524,5032,18,2
2978657,56686,160401,5434,19,3
2978848,29854,41127,3632,23,3
2978914,24833,110170,2682,12,2
2979044,39215,195937,5938,22,3
2979201,63928,26828,4335,23,3
2979232,61384,83188,8205,15,0
2979329,61904,180800,8355,24,1
2979360,24343,158968,6514,12,2
2979526,23846,248,5249,1,1
2979554,36427,174593,7111,12,2
2979782,35417,87979,5504,16,0
2979840,65824,72109,2110,13,4
2979879,45482,49685,4694,16,0
2979972,21826,65534,3053,23,3
2980064,51815,169950,4983,12,2
2980224,56407,2081,7082,18,2
2980225,30907,119232,1744,19,3
2980353,45622,173995,6513,22,3
2980485,45346,17033,4537,13,4
2980544,50158,192977,2978,20,4
2980613,19552,110008,7542,0,0
2980773,1670,169269,1786,18,2
2980804,29216,121387,1388,15,0
2980807,64366,122999,3000,21,2
2980839,50657,61815,4322,21,2
2981024,48592,78224,8225,0,0
2981479,21178,11481,3983,18,2
2981603,45322,126619,4156,21,2
2981732,46117,131617,1618,17,1
2981764,24913,164422,1971,14,0
2981824,24280,6472,6473,22,3
2981825,45266,168073,8074,15,0
2982530,45646,47380,4893,0,0
2982624,40754,9516,2017,1,1
2982625,45280,92288,4798,1,1
2982626,52733,170988,3506,0,0
2982821,51058,5055,7556,23,3
2982880,37697,57155,7156,0,0
2982884,54994,114908,7420,24,1
2982886,31408,133021,5535,14,0
2983169,27323,154049,9080,14,0
2983616,60377,79951,7473,23,3
2983744,72055,190918,5957,12,2
2983746,35419,58989,4000,24,1
2983910,61510,51600,1601,20,4
2983910,61510,153293,3294,20,4
2983975,51782,11538,9042,14,0
2984003,37630,443,5444,13,4
2984096,58756,153680,8711,16,0
2984099,45086,59817,2323,20,4
2984099,45086,101652,4163,20,4
2984641,20300,31436,8946,22,3
2984737,72623,184096,1651,21,2
2985154,49139,13568,3569,17,1
2985185,1492,68065,5584,1,1
2985442,55267,119592,9593,17,1
2985570,35554,81508,4017,24,1
2985637,62743,146345,3888,12,2
2985730,67195,199978,9979,0,0
2985760,29306,141198,8741,16,0
2986150,67546,92631,7650,18,2
2986342,32606,147941,7942,18,2
2986374,59035,31289,3793,24,1
2986471,27154,144729,4730,22,3
2986947,65410,130539,8079,19,3
2987078,58480,58543,3554,1,1
2987232,40708,67008,9515,12,2
2987298,44737,116535,1558,16,0
2987360,22861,187312,9831,19,3
2987365,30316,147533,2562,18,2
2987554,68074,104720,7231,23,3
2987654,73738,194921,7441,20,4
2987680,56405,10089,2591,18,2
2988355,58861,92151,7170,21,2
2988484,59324,913,3414,20,4
2988484,59324,26014,3521,20,4
2988544,65273,121897,4410,12,2
2988608,46508,51026,3532,23,3
2988839,46345,13089,8092,1,1
2988900,71644,102395,4906,17,1
2988931,22087,132053,4567,13,4
2988933,51241,90728,5747,19,3
2988998,25036,168146,5695,18,2
2989058,53431,139092,1606,24,1
2989347,27065,93334,5844,12,2
2989539,70276,164857,2406,24,1
2989542,31405,156390,6391,12,2
2989571,58213,8663,6164,23,3
2989572,73969,58665,3676,13,4
2989701,60400,78137,5659,16,0
2989796,31003,157525,5071,12,2
2989861,62158,153685,8716,12,2
2989895,40435,190044,5083,18,2
2990151,65794,167473,7474,19,3
2990179,49393,78605,6127,1,1
2990402,57701,29998,5003,14,0
2990470,34291,111555,4067,0,0
2990625,43904,104736,4737,23,3
2990629,49813,145568,3111,24,1
2990657,59119,20345,2848,22,3
2990883,40114,36569,4079,16,0
2990978,29753,92631,2632,23,3
2991012,64174,7056,4557,17,1
2991109,21595,125604,8117,21,2
2991203,30472,93755,1283,21,2
2991621,52039,171292,3810,21,2
2991776,51865,53372,8383,15,0
2991783,40162,20332,5337,22,3
2991811,24769,194118,4119,16,0
2991876,33715,3596,6097,12,2
2991937,37270,175659,3211,24,1
2992034,45572,90642,8170,19,3
2992225,73363,5382,2883,1,1
2992293,70979,36881,4391,21,2
2992420,38119,29462,6969,18,2
2992515,59953,59607,2113,17,1
2992547,33082,167350,4899,16,0
2992582,50662,124114,1651,21,2
2992804,65458,60263,7782,0,0
2992992,47380,131674,9214,24,1
2993248,70115,155993,3539,0,0
2993253,41324,127287,2312,20,4
2993862,20285,41751,6760,18,2
2993959,54971,129026,6563,16,0
2994016,33502,84334,4335,23,3
2994048,63967,143125,3126,24,1
2994054,38476,13229,8232,17,1
2994309,27140,169227,1744,19,3
2994407,36076,188990,1509,1,1
2994435,57343,171760,9312,1,1
2994784,41993,160693,3210,1,1
2994817,49382,166566,9083,12,2
2995424,49228,111376,3888,12,2
2995428,51790,181330,8885,14,0
2995431,63775,76466,8974,21,2
2995941,32719,109894,2405,21,2
2996131,61133,31035,3539,0,0
2996197,21560,136842,4382,14,0
2996291,65392,95110,7620,15,0
2996322,50215,91162,3672,18,2
2996450,65284,59170,4181,19,3
2996775,48001,70895,8417,13,4
2996800,52450,27972,2977,1,1
2996902,62860,71491,1492,24,1
2997287,33091,13952,1456,20,4
2997538,21161,193954,3955,21,2
2997569,65821,60217,2724,14,0
2997574,23833,185677,3232,22,3
2997664,33179,84321,6830,22,3
2998182,56926,2220,9721,20,4
2998208,33991,50762,3268,18,2
2998598,26777,74842,2364,14,0
2998788,66100,139060,1574,13,4
2999014,56212,154267,6783,1,1
2999235,70067,24792,4793,20,4
2999235,70067,75793,8301,20,4
2999268,66587,190406,7964,0,0
2999301,36893,157046,9562,14,0
2999525,36829,152191,2192,24,1
2999621,43546,160857,3374,20,4
2999683,71527,136491,9005,15,0
2999814,65551,84193,1718,21,2
2999843,28936,67656,5175,12,2
2999908,23014,5994,8495,21,2
2999908,23014,12362,9866,21,2
2999940,48268,16733,6734,14,0
2999972,33023,216,5217,23,3
2999972,33023,167744,5293,23,3
3000037,46702,137162,2189,24,1
3000131,61201,166767,4316,17,1
3000260,29495,185264,5265,18,2
3000326,41866,104657,4658,0,0
3000929,41621,190403,7961,19,3
3000930,63304,90234,7762,16,0
3001123,57187,24733,4734,0,0
3001218,64465,51070,3576,16,0
3001248,63325,89959,2468,22,3
3001316,19051,30439,7949,22,3
3001477,26023,88783,8784,0,0
3001510,43406,28489,3494,12,2
3001668,26986,21701,9208,1,1
3001829,1636,159828,2344,20,4
3001921,45715,10845,3347,23,3
3001922,31396,150202,2718,13,4
3002055,67240,189806,7361,24,1
3002082,59140,66348,8855,1,1
3002082,59140,177866,7867,1,1
3002243,72146,76102,3624,24,1
3002468,35296,24053,6556,17,1
3002599,60628,172199,4717,21,2
3002980,53999,4059,1560,19,3
3002980,53999,174006,6524,19,3
3003040,27958,150281,7827,12,2
3003139,52951,68624,3637,16,0
3003296,19868,189780,2299,14,0
3003299,30332,70615,5630,18,2
3003396,68362,100630,5651,13,4
3003553,29783,19082,9083,12,2
3003655,41372,55925,8431,22,3
3003713,69071,155469,3015,21,2
3003746,71408,189831,7386,22,3
3003780,62108,150924,8470,23,3
3003905,69229,74571,7079,16,0
3004006,73775,107881,5412,14,0
3004038,40885,154019,4020,19,3
3004038,40885,183321,3322,19,3
3004161,70795,182147,9702,17,1
3004227,59090,19625,4628,15,0
3004231,45622,33438,5942,22,3
3004231,45622,100656,3167,22,3
3004288,64522,193669,8708,17,1
3004353,54046,12391,4893,0,0
3004486,49306,161288,3805,21,2
3004487,59681,113148,3149,14,0
3004544,22159,92880,2881,15,0
3004612,58126,123538,3539,0,0
3004773,56006,169192,9193,17,1
3004900,21833,115013,5014,1,1
3005092,73339,135649,8163,22,3
3005154,55168,11648,6651,0,0
3005186,30074,66943,4462,19,3
3005186,30074,94305,6815,19,3
3005186,30074,105424,2955,19,3
3005218,20890,31753,6760,18,2
3005219,69424,8179,5680,23,3
3005222,26849,178901,8902,23,3
3005222,26849,185492,8011,23,3
3005312,68465,166878,9395,16,0
3005446,33295,22506,5009,19,3
3005570,30815,189840,7395,12,2
3005703,62993,79642,9643,20,4
3005703,62993,133135,5649,20,4
3005703,62993,183979,1534,20,4
3005796,39571,112811,7834,14,0
3005863,26017,24664,7167,0,0
3005891,35078,196968,2007,19,3
3005959,30716,65316,5317,21,2
3005959,30716,101067,3578,21,2
3006208,29648,134482,4483,17,1
3006336,68245,165867,8384,15,0
3006372,55669,11499,9003,18,2
3006372,55669,136132,6133,18,2
3006980,24163,196922,4480,21,2
3007202,66577,197205,9725,12,2
3007239,74543,141594,4109,20,4
3007264,41065,9195,4196,13,4
3007360,41120,27653,5160,15,0
3007552,48739,18317,5821,12,2
3007747,53015,150521,3037,22,3
3007777,36931,55074,7580,17,1
3007873,1855,70601,8123,13,4
3008103,26110,71615,4123,12,2
3008128,62419,24137,4138,17,1
3008167,70589,99552,2062,12,2
3008197,29006,83617,6126,19,3
3008353,57653,28465,3470,14,0
3008387,56677,88170,5695,18,2
3008418,71725,29050,4055,12,2
3008515,50612,26532,1537,23,3
3008677,29347,129748,7285,23,3
3008804,43241,186452,4007,21,2
3009284,33071,102910,7931,1,1
3009635,56521,77283,2298,0,0
3009735,48464,52250,7261,20,4
3009857,74671,187310,4865,14,0
3009987,30824,173762,3763,18,2
3010115,34219,87345,2362,14,0
3010177,53144,61841,1842,16,0
3010240,59098,183438,5957,12,2
3010310,60896,42383,4888,20,4
3010469,35578,167067,4616,16,0
3010531,60808,34210,9217,20,4
3010532,29761,132346,4860,17,1
3010914,66313,197963,7964,0,0
3010977,49486,158202,8203,19,3
3011047,69316,37512,5022,0,0
3011168,22348,102602,2603,17,1
3011171,25321,168639,3672,18,2
3011393,64564,127412,2437,15,0
3011490,50726,36666,4176,17,1
3011713,35905,98574,8575,17,1
3011715,50638,197065,9585,19,3
3011840,64576,142349,4864,24,1
3011846,50179,50307,7823,22,3
3011846,50179,138981,4008,22,3
3012069,45133,17036,4540,16,0
3012483,62794,65839,3358,0,0
3012960,44914,19988,4991,16,0
3012960,44914,119145,4168,16,0
3013091,54176,195571,5572,21,2
3013189,44240,190854,5893,24,1
3013248,23332,102045,2046,21,2
3013797,35735,185083,5084,18,2
3014209,21185,121435,6460,15,0
3014304,60562,138365,3392,18,2
3014528,74120,199813,2333,22,3
3014564,45533,74449,4450,12,2
3014658,35461,104628,4629,18,2
3014724,47896,8698,6199,15,0
3015011,20567,20656,5661,21,2
3015015,42926,112460,7483,17,1
3015143,29942,111495,4007,21,2
3015175,28742,138741,1255,14,0
3015234,24523,133803,3804,1,1
3015270,65315,71199,6214,23,3
3015393,45844,79643,9644,1,1
3015463,44833,85689,5690,15,0
3015555,19570,150657,8203,19,3
3015589,42320,191720,4240,15,0
3015714,53146,173110,3111,24,1
3015744,55358,154852,2398,19,3
3015744,55358,156317,6318,19,3
3015748,66107,118963,6497,20,4
3015873,30568,14178,6680,15,0
3016035,43600,88998,8999,18,2
3016064,33304,66856,4375,21,2
3016098,54503,31690,6697,15,0
3016228,42667,74929,2451,16,0
3017249,28141,6067,6068,22,3
3017318,53536,48763,8764,18,2
3017318,53536,132401,9941,18,2
3017570,49429,7034,9535,21,2
3017698,67528,182282,2283,16,0
3017796,24652,18056,3059,14,0
3017824,67717,182220,9775,18,2
3018016,50876,96347,1366,23,3
3018020,70469,151413,8959,24,1
3018596,71107,107143,2164,17,1
3018657,50956,157390,9906,24,1
3018785,28709,44694,2207,17,1
3018881,30503,121973,9510,15,0
3018884,47902,9244,9245,15,0
3019040,38717,80454,2963,13,4
3019142,43732,68329,5848,20,4
3019271,68495,60243,7762,16,0
3019395,26825,15055,2559,12,2
3019495,52994,60891,5904,22,3
3019495,52994,119795,7329,22,3
3019938,47468,36304,6305,13,4
3019938,47468,61377,6390,13,4
3019974,62056,459,5460,12,2
3020003,23902,126964,4501,20,4
3020069,56887,57145,9651,24,1
3020069,56887,66941,1954,24,1
3020131,64490,49403,1908,16,0
3020164,43391,174735,9770,21,2
3020389,69274,79077,4092,22,3
3020451,1411,48308,8309,21,2
3020674,30860,142322,4837,21,2
3020832,21598,96398,8908,20,4
3020928,42934,10268,7772,23,3
3020966,18914,151751,6782,24,1
3021184,43042,34458,4459,13,4
3021540,26401,148340,8341,13,4
3022054,33241,126337,3874,17,1
3022179,26719,11483,8987,17,1
3022278,27997,122098,4611,23,3
3022693,34669,177723,2758,14,0
3022789,65008,1504,1505,18,2
3022819,45086,121132,8669,20,4
3022913,51413,184012,9049,23,3
3022983,43972,75572,3094,21,2
3023011,58099,186473,8992,17,1
3023236,72121,75289,7797,13,4
3023298,31648,24338,4339,21,2
3023462,54463,185758,8277,18,2
3023462,54463,199229,9230,18,2
3023591,32458,115021,2555,22,3
3023714,72778,92155,4665,17,1
3023809,22252,41976,4481,17,1
3023844,59882,87591,2608,24,1
3023936,36427,128366,5903,12,2
3023940,74407,118847,3870,23,3
3023940,74407,168177,5726,23,3
3024037,60491,6974,4475,19,3
3024037,60491,93895,3896,19,3
3024096,53045,65839,8346,17,1
3024480,71863,105134,5135,22,3
3024772,66355,20293,7800,12,2
3024837,67699,17108,7109,23,3
3024994,19354,189819,2338,22,3
3025024,70475,140591,8134,20,4
3025120,43591,19984,7488,0,0
3025153,61213,70194,5209,19,3
3026083,47236,169251,6800,20,4
3026144,37825,858,8359,0,0
3026144,37825,97484,5012,0,0
3026534,63346,91039,6058,22,3
3026722,57031,164697,7214,1,1
3026722,57031,198171,3210,1,1
3026818,28451,26513,6514,12,2
3027008,56980,88482,3499,16,0
3027075,63607,20793,3296,0,0
3027586,1546,123047,3048,20,4
3027815,73216,156626,6627,23,3
3028096,66859,170306,5341,1,1
3028131,19346,111662,1663,13,4
3028292,33440,70923,3431,22,3
3028416,1366,31017,3521,20,4
3028547,29479,192943,7982,15,0
3028679,56749,97034,7035,1,1
3028704,51892,40540,8053,14,0
3028833,66097,197459,9979,0,0
3028930,55343,112235,4747,24,1
3029217,55885,32307,7314,16,0
3029346,21833,122701,5214,1,1
3029508,37826,153494,3495,1,1
3029863,45910,42961,5466,23,3
3030183,36920,55860,3376,23,3
3030532,57175,106919,4450,12,2
3030624,58354,99224,9225,22,3
3030658,61759,143542,3543,22,3
3030720,58720,183467,5986,13,4
3030721,26758,15365,7867,1,1
3030723,59278,195291,7811,1,1
3030854,36616,195473,5474,15,0
3031139,43606,2624,5125,12,2
3031300,35621,104340,9361,17,1
3031490,57529,148886,8887,0,0
3031778,72575,96720,4248,1,1
3031942,47483,73655,6163,12,2
3032032,56846,113841,8864,16,0
3032481,36350,26891,6892,20,4
3032545,43556,69922,4935,16,0
3032615,39254,136269,8783,14,0
3032901,40342,117891,2914,21,2
3032963,42943,103782,8803,18,2
3033088,43225,34854,7358,19,3
3033091,49339,184409,6928,13,4
3033349,52523,86423,1440,16,0
3033504,67399,61414,1415,16,0
3033735,20495,48658,8659,15,0
3033766,74224,159788,9789,22,3
3033923,64357,136059,8573,1,1
3034433,54529,65087,7594,13,4
3034598,45058,8668,8669,20,4
3034757,59063,113600,3601,1,1
3034853,19853,52185,7196,0,0
3034853,19853,89074,9075,0,0
3034853,19853,119663,9664,0,0
3034887,25352,162167,9716,18,2
3035173,26515,50010,5021,0,0
3035173,26515,101391,6412,0,0
3035204,25747,15048,2552,23,3
3035236,65245,105542,8053,14,0
3035362,54656,180453,8008,17,1
3035456,22288,139799,9800,13,4
3035489,57188,411,7912,16,0
3035489,57188,101916,1917,16,0
3035843,68738,189286,6841,15,0
3035876,50462,7129,2130,13,4
3035876,50462,180716,8271,13,4
3035968,46096,2634,5135,22,3
3035975,67804,71577,1578,24,1
3035975,67804,142600,7629,24,1
3036199,43696,97248,7249,15,0
3036355,31276,114499,2033,19,3
3036355,31276,193044,3045,19,3
3036418,40150,62992,2993,20,4
3036514,69049,171669,1670,14,0
3036775,34153,84459,4460,22,3
3036775,34153,135525,5526,22,3
3036775,34153,152061,7092,22,3
3036902,19999,172631,2632,23,3
3036964,62359,73910,1432,21,2
3037024,61376,73267,5775,17,1
3037250,30577,18902,1404,0,0
3037286,27175,12439,4941,22,3
3037856,64285,129701,2214,21,2
3037888,26632,110896,8430,13,4
3037926,38854,99418,1928,18,2
3038114,58651,149448,1963,16,0
3038117,64546,83962,1487,18,2
3038177,43589,60463,7982,15,0
3038561,42853,127892,2917,20,4
3038563,38203,107830,2851,17,1
3038567,48997,194271,1829,19,3
3038691,49624,29618,4623,19,3
3038692,28193,30360,2864,17,1
3038722,63124,41762,9275,24,1
3038722,63124,88980,8981,24,1
3038787,36154,137285,2312,20,4
3038822,60721,127605,7606,18,2
3038822,60721,179304,6856,18,2
3038946,45808,132404,4918,16,0
3039109,46303,25815,3322,19,3
3039207,21176,168053,5602,12,2
3039298,56653,30650,5657,23,3
3039360,37262,122146,4659,19,3
3039618,66547,158980,1496,0,0
3039652,74866,40769,5778,21,2
3039712,36172,133213,5727,0,0
3039744,30508,165101,5102,24,1
3040036,73447,66820,1833,16,0
3040129,72658,162786,5303,16,0
3040198,32987,28222,8223,1,1
3040322,55222,12777,5279,17,1
3040869,69541,85988,3513,22,3
3040901,25306,153884,3885,22,3
3040960,47983,67765,5284,15,0
3040962,51076,64198,1717,0,0
3041057,67702,133273,5787,23,3
3041157,31969,142369,2370,20,4
3041444,45286,18000,8001,0,0
3041764,69901,94922,9941,18,2
3041856,67804,83944,8961,24,1
3042114,70289,178020,3055,18,2
3042144,62495,57922,7923,16,0
3042817,29684,33142,8149,23,3
3043074,20464,59374,9375,16,0
3043299,19558,128389,5926,21,2
3043490,62938,69341,1848,16,0
3043809,25565,31585,1586,18,2
3043809,25565,179591,9592,18,2
3043877,37625,102878,7899,15,0
3043973,56906,176223,8741,16,0
3044128,39970,16786,9288,21,2
3044130,22987,31358,1359,13,4
3044230,32395,170515,8067,17,1
3044835,74276,104645,7156,0,0
3045095,61954,182993,8030,20,4
3045284,36251,128101,8102,0,0
3045378,63742,175880,8398,20,4
3045569,44371,108492,3513,22,3
3045667,72554,129010,6547,20,4
3045735,64174,3510,3511,17,1
3045797,32878,77475,4997,13,4
3045859,44470,105667,5668,21,2
3046049,53428,142597,7626,20,4
3046118,39583,53613,6119,14,0
3046212,67885,112859,2860,15,0
3046339,55900,2743,5244,20,4
3046722,53269,74199,9214,24,1
3046887,61079,58353,5869,24,1
3047267,1298,111761,4273,15,0
3047491,52544,180829,8384,15,0
3047526,48746,123852,3853,0,0
3047782,51494,134761,4762,1,1
3047941,64711,24467,9472,15,0
3048096,28376,19025,4028,13,4
3048384,73256,146806,1835,0,0
3048710,20575,12005,9509,21,2
3048774,55618,140712,5741,13,4
3048806,72488,2787,2788,17,1
3048806,72488,75127,7635,17,1
3048934,45973,1755,9256,16,0
3049092,63614,13092,5594,23,3
3049281,32044,15895,8397,1,1
3049281,32044,133952,8979,1,1
3049600,40181,79396,4411,23,3
3049606,39292,27049,4556,19,3
3050022,1745,185843,8362,22,3
3050048,51811,47603,7604,18,2
3050054,68281,184727,9764,17,1
3050081,56687,110461,7995,17,1
3050401,67321,84344,6853,13,4
3050532,23851,58270,8271,13,4
3051046,20875,18563,8564,1,1
3051238,42817,49697,9698,18,2
3051332,74086,2601,7602,20,4
3051366,28036,120884,5909,21,2
3051682,24616,64400,6907,0,0
3051847,67451,2388,9889,15,0
3051847,67451,99471,4490,15,0
3052003,46721,110424,7958,13,4
3052065,55144,118861,8862,24,1
3052354,59935,186983,6984,24,1
3052451,38558,107186,4717,21,2
3052576,67619,124697,7210,13,4
3052679,32516,10448,2950,23,3
3052736,60454,92949,2950,23,3
3052770,47119,113048,8071,14,0
3053125,38401,198701,6259,20,4
3053315,26551,76769,4291,19,3
3053509,34351,113887,1421,24,1
3053795,74971,3003,5504,16,0
3053795,74971,51965,9481,16,0
3053924,22049,139038,9039,1,1
3053986,24011,159348,1864,18,2
3054308,38153,62292,4799,18,2
3054338,57029,76683,9191,13,4
3054403,49765,185280,2835,17,1
3054631,57601,118758,6292,23,3
3054849,65551,167092,9609,21,2
3054978,38570,122610,7635,17,1
3055047,37262,93078,3079,19,3
3055106,19600,86396,8905,16,0
3055204,48727,51380,1381,24,1
3055235,61703,37449,2456,15,0
3055712,29923,118986,4009,20,4
3055719,35891,125511,3048,20,4
3055777,43214,110166,5189,1,1
3056000,35351,60476,5489,0,0
3056000,35351,194949,9988,0,0
3056036,56872,30198,2702,22,3
3056164,19684,78622,8623,19,3
3056608,61703,131713,6740,15,0
3056611,70826,21478,8985,19,3
3056773,36583,20444,7951,18,2
3056773,36583,75220,2742,18,2
3056966,51526,144076,1619,23,3
3057057,74134,170215,5250,23,3
3057057,74134,190711,8269,23,3
3057126,55244,113645,6157,17,1
3057254,72559,199778,2298,0,0
3057991,62938,30303,5310,16,0
3058145,23257,106601,4132,18,2
3058177,74855,16603,1606,24,1
3058209,39925,66172,3691,19,3
3058214,33242,63154,5661,21,2
3058276,47228,61538,1539,12,2
3058276,47228,69429,4442,12,2
3058337,22403,166676,9193,17,1
3058401,55118,85526,8035,22,3
3058593,37426,15231,2735,16,0
3058597,47750,128606,3631,17,1
3058722,67534,481,2982,1,1
3058752,45917,76083,8591,0,0
3058976,64315,173742,1294,15,0
3059013,54170,1697,6698,14,0
3059264,28105,53485,8496,16,0
3059333,58043,8036,8037,1,1
3059555,74260,139324,9325,1,1
3059587,48004,19327,6831,15,0
3059591,36064,43297,8306,21,2
3059652,42442,44383,1896,20,4
3059681,59281,50023,5034,23,3
3059717,65561,180253,5290,14,0
3059940,31042,86862,9371,16,0
3059970,69019,62417,7430,24,1
3060003,48839,35501,8005,13,4
3060033,67156,106327,6328,19,3
3060064,32609,195383,5384,14,0
3060070,71512,140913,5942,22,3
3060096,46111,189709,2228,16,0
3060288,45614,160898,3415,17,1
3060577,33400,181609,9164,20,4
3060710,47410,184154,4155,18,2
3060868,50455,24002,6505,20,4
3060898,24703,3314,3315,13,4
3060962,25774,163655,6172,16,0
3061505,41465,91137,3647,0,0
3061507,55951,66526,6527,16,0
3061508,1667,154869,4870,16,0
3061537,67343,24204,1711,13,4
3061603,41872,39310,1814,24,1
3061924,30331,161533,4050,1,1
3061958,59410,27668,2673,16,0
3062085,38615,12193,7196,0,0
3062116,23659,116586,4120,0,0
3062375,57898,90877,8405,14,0
3062594,38411,10492,5495,15,0
3062660,31382,93653,3654,14,0
3062785,61967,75457,5458,24,1
3062786,19187,51956,6967,20,4
3063111,41804,104373,6884,24,1
3063174,51169,104832,7343,23,3
3063269,23975,91045,3555,21,2
3063298,23521,101731,6752,18,2
3063430,25513,36852,6853,13,4
3063587,30743,53975,8986,23,3
3063909,39178,80416,7941,24,1
3063973,53029,188463,3500,13,4
3064003,71411,171695,6730,21,2
3064004,43567,983,3484,17,1
3064033,24004,84965,7474,19,3
3064359,59258,118865,3888,12,2
3064801,50681,98628,3647,0,0
3064897,36523,74929,2451,16,0
3065063,48394,1605,1606,24,1
3065093,33301,167155,2188,17,1
3065218,50342,66393,8900,20,4
3065286,58465,165447,5448,13,4
3065318,74954,184769,9806,13,4
3065603,19669,90206,2716,12,2
3065730,32369,115925,3459,24,1
3065792,59083,133881,8908,20,4
3065831,73060,17226,9728,1,1
3066146,25573,171668,6703,23,3
3066183,26500,132284,9824,19,3
3066304,45439,146832,4375,21,2
3066501,25190,153077,5593,18,2
3066534,38659,45407,7912,16,0
3066726,50563,76848,4370,19,3
3066818,45190,152052,7083,18,2
3066851,35161,54094,9105,12,2
3066880,61409,143946,6461,0,0
3066915,20725,24141,9146,24,1
3066918,64198,302,2803,1,1
3067233,49354,180718,8273,17,1
3067298,28975,76869,1884,1,1
3067398,54820,45304,5305,13,4
3067591,25942,173494,8529,20,4
3067877,55705,173911,8946,22,3
3068000,19129,64022,9035,12,2
3068130,58150,19793,4796,21,2
3068289,61360,63985,8998,17,1
3068289,61360,87194,4719,17,1
3068580,67510,141794,6823,13,4
3068710,49147,61528,6541,15,0
3068836,72940,198840,3879,18,2
3068902,61126,190239,7797,13,4
3069153,44377,155941,5942,22,3
3069154,21244,2440,7441,20,4
3069157,26843,126303,6304,0,0
3069185,54658,63973,8986,23,3
3069254,68908,140213,7756,19,3
3069446,55753,196172,6173,21,2
3069476,66401,17376,9878,16,0
3069539,28108,12038,4540,16,0
3069539,28108,106347,8858,16,0
3069568,69500,171946,6981,0,0
3069569,25093,112435,4947,22,3
3069572,45001,130502,5529,12,2
3069991,25894,61692,4199,20,4
3070017,56933,144144,9173,16,0
3070023,52960,159016,4047,0,0
3070082,58133,86936,4461,24,1
3070149,28891,84450,9467,18,2
3070278,51311,155627,3173,15,0
3070534,25478,46759,6760,18,2
3070662,53147,122646,5159,19,3
3070817,71183,75742,5743,21,2
3070978,29575,94090,9109,21,2
3070978,29575,163474,3475,21,2
3071077,48592,173855,1407,0,0
3071139,29528,144694,4695,24,1
3071232,55223,194489,2047,0,0
3071686,42748,98638,3657,17,1
3071778,23410,4702,7203,22,3
3071970,67385,140535,3050,15,0
3072165,53242,194470,9509,21,2
3072261,61675,83642,3643,18,2
3072293,27347,183005,3006,1,1
3072518,52970,152620,7651,23,3
3072544,62872,92215,9743,13,4
3072580,35947,73559,8574,13,4
3072834,72151,32714,5218,18,2
3072870,36016,66314,6315,22,3
3073092,47500,15023,5024,19,3
3073184,37579,152788,7819,22,3
3073223,31054,85414,5415,12,2
3074080,50290,62914,7927,17,1
3074087,20707,91450,3960,23,3
3074087,20707,118791,3814,23,3
3074087,20707,190619,8177,23,3
3074209,20143,166451,4000,24,1
3074245,35455,11673,4175,0,0
3074277,48946,75468,5469,20,4
3074466,1375,155637,8153,14,0
3074625,61642,188934,6489,21,2
3074822,41026,147813,5356,1,1
3074852,36733,151704,9250,0,0
3074950,35653,103015,5526,22,3
3075013,36583,109268,6799,18,2
3075106,70859,8230,5731,24,1
3075237,22187,42229,4734,0,0
3075300,47693,42973,7982,15,0
3075367,52735,90095,2605,15,0
3075457,41446,63517,3518,17,1
3075462,41311,190694,5733,15,0
3075525,48001,188803,8804,13,4
3075745,71555,171591,1592,0,0
3075746,67057,48637,6150,16,0
3075808,34192,60122,5135,22,3
3075808,34192,62357,2358,22,3
3075973,34027,27465,9968,17,1
3075975,71012,19748,9749,23,3
3076195,22087,49158,1663,13,4
3076225,19346,123779,8804,13,4
3076389,23950,98359,8360,23,3
3076548,18763,87134,9643,20,4
3077189,43108,188547,8548,0,0
3077319,27097,84641,2166,24,1
3077409,1723,189910,4947,22,3
3077569,53120,21654,4157,17,1
3077569,53120,28547,3552,17,1
3077601,60121,144638,7153,1,1
3077794,53110,79948,4963,14,0
3077794,53110,198581,3620,14,0
3077895,67300,33663,3664,18,2
3077923,37996,196628,9148,1,1
3077925,45593,131728,9268,20,4
3077927,33388,197833,2872,24,1
3078119,51287,11216,8720,22,3
3078501,26467,148761,3790,1,1
3078727,69578,97442,4970,0,0
3079041,56743,146933,4476,19,3
3079171,45835,19395,9396,16,0
3079266,29234,139357,6897,17,1
3079398,55939,130130,7670,19,3
3079556,39604,68858,3871,0,0
3079556,39604,103842,3843,0,0
3079650,69070,83956,3957,15,0
3079653,59155,7949,7950,20,4
3079939,70030,23941,8946,22,3
3080001,29279,26361,1366,23,3
3080101,44369,39296,1800,0,0
3080101,44369,49663,7176,0,0
3080358,61376,165343,5344,17,1
3080870,41242,141269,8812,15,0
3080896,37664,174515,7033,15,0
3080966,58486,74590,9605,22,3
3080993,21436,49717,4726,14,0
3081091,34945,152925,2926,20,4
3081153,45055,91725,9253,16,0
3081537,30757,145764,5765,18,2
3081636,71836,119622,4645,18,2
3081830,72158,1420,1421,24,1
3081957,28178,18050,3053,23,3
3082212,30280,83070,5579,21,2
3082212,30280,151401,8947,21,2
3082244,71336,148141,3170,16,0
3082244,71336,195999,3557,16,0
3082304,74987,149743,9744,24,1
3082309,71650,89254,4271,18,2
3082465,67297,6109,3610,22,3
3082789,36632,47636,2645,12,2
3082819,35932,183762,6281,20,4
3082917,39157,10917,5920,20,4
3083072,1298,189346,9347,15,0
3083073,65185,99719,7247,17,1
3083078,63071,22188,4691,23,3
3083078,63071,102102,4613,23,3
3083233,29233,149669,2184,18,2
3083462,30161,151557,6588,1,1
3083463,56963,122518,2519,1,1
3083488,68134,132429,7456,21,2
3083719,49282,2860,5361,15,0
3084130,1516,37493,5003,14,0
3084512,58507,133712,1252,18,2
3084609,56960,64664,7171,21,2
3084678,71104,127225,2250,1,1
3084710,26519,116086,8598,14,0
3084741,73718,62806,5313,15,0
3084802,57319,140487,8030,20,4
3084998,30251,73404,3405,16,0
3085189,73427,162129,9678,24,1
3085217,65450,169192,4225,18,2
3085479,70984,64286,9299,14,0
3085508,43288,45226,5227,12,2
3086244,41362,34510,9517,23,3
3086726,57433,76747,9255,21,2
3086726,57433,85470,2995,21,2
3086789,27931,159797,4828,14,0
3087394,36259,146706,9221,24,1
3087489,53281,78658,8659,15,0
3087618,63838,97064,9574,0,0
3087618,63838,143858,8887,0,0
3087718,69397,58401,8402,19,3
3088068,44308,22269,2270,21,2
3088131,19750,147817,2846,20,4
3088195,65155,12174,2175,18,2
3088261,1787,127386,7387,20,4
3088261,1787,189245,6800,20,4
3088356,53285,191417,6456,22,3
3088422,59164,187702,2739,22,3
3088480,59081,2517,7518,0,0
3088740,65308,138686,6226,21,2
3088774,68515,85855,5856,15,0
3088807,55576,94912,4913,21,2
3089184,57757,23339,3340,18,2
3089187,46607,182114,4633,24,1
3089219,42493,114398,1932,15,0
3089381,26279,48832,3841,1,1
3089408,60547,124353,4354,14,0
3089411,57952,89141,4158,19,3
3089637,24115,88889,6414,19,3
3089637,24115,99298,4317,19,3
3089664,73448,185940,5941,17,1
3089696,54067,171452,6487,12,2
3089766,50120,36936,1943,13,4
3089824,32489,52803,7814,1,1
3089825,38360,139470,7010,22,3
3089957,73834,68922,8923,19,3
3090017,65734,74844,4845,16,0
3090182,65323,89324,6849,0,0
3090304,50776,40238,5247,23,3
3090338,28289,98101,5629,15,0
3090432,22304,43581,6086,24,1
3090436,32492,169975,5008,18,2
3090464,57826,175937,3489,19,3
3090561,29366,81969,6986,13,4
3090592,60452,170776,3294,20,4
3090658,64762,10576,5579,21,2
3090752,44095,106786,4317,19,3
3090752,44095,136909,6910,19,3
3090977,57200,33057,5561,12,2
3090977,57200,182606,5125,12,2
3091335,34525,2779,7780,14,0
3091494,74923,90842,3352,19,3
3091654,64435,56751,6752,18,2
3091712,46582,176781,4333,17,1
3091717,24685,116749,9261,23,3
3091936,74602,9030,6531,14,0
3092033,40786,56001,3517,20,4
3092102,27203,49845,4854,18,2
3092162,34876,150199,2715,18,2
3092321,71450,62886,2887,14,0
3092420,20998,26530,6531,14,0
3092519,72959,124069,4070,19,3
3092610,31444,80678,3187,15,0
3092960,72569,17914,7915,20,4
3092960,72569,131768,6795,20,4
3092994,26051,108511,3532,23,3
3093349,51193,136601,9115,23,3
3093351,46529,68768,6287,23,3
3093382,32197,105149,2680,13,4
3093667,28150,32181,4685,17,1
3093698,70460,198857,8858,16,0
3093729,65287,147410,7411,18,2
3093922,34555,198074,8075,14,0
3094019,52771,81593,1594,23,3
3094086,74551,7435,9936,16,0
3094147,74338,191937,4457,1,1
3094305,35410,65860,3379,24,1
3094373,25550,191391,8949,23,3
3094406,40264,170737,5772,18,2
3094406,40264,170874,3392,18,2
3094501,71633,171179,8731,18,2
3094631,26756,147307,9822,13,4
3094759,71617,97380,9890,21,2
3095137,24233,122206,9743,13,4
3095396,27953,145613,8128,14,0
3095430,61735,137513,5053,15,0
3095777,71054,11085,3587,23,3
3095843,26731,150605,8151,1,1
3095939,21206,102842,2843,1,1
3096037,57329,105149,7660,12,2
3096165,31228,90746,3256,22,3
3096230,42166,50882,5893,24,1
3096261,43246,15557,3061,13,4
3096261,43246,24952,7455,13,4
3096292,36847,62867,5374,22,3
3096423,39877,113950,1484,16,0
3096610,64789,105205,7716,13,4
3096674,74632,185940,3495,1,1
3096676,44182,81110,3619,23,3
3096677,33322,112773,5285,13,4
3096740,27731,46135,6136,19,3
3097090,61168,52607,7618,22,3
3097222,30686,39205,6715,19,3
3097281,33326,164669,7186,17,1
3097378,64132,14000,6502,17,1
3097415,21458,104330,9351,19,3
3097729,59107,54404,1920,0,0
3097795,54977,127248,7249,15,0
3097957,67664,104282,9303,16,0
3097958,68201,85141,5142,24,1
3098117,42581,185586,8105,20,4
3098500,40298,130545,5572,21,2
3098658,39283,54875,7381,20,4
3098658,39283,83212,5721,20,4
3098725,59834,49602,2107,1,1
3098855,34369,191977,9535,21,2
3099780,52960,177622,7623,0,0
3099943,35278,171005,3523,18,2
3100263,45739,100846,5867,0,0
3100385,57059,112222,4734,0,0
3100389,43379,169135,6684,20,4
3100484,43105,131273,8813,19,3
3100580,42638,113396,5908,19,3
3100932,55078,8021,5522,17,1
3101121,59666,46410,3923,15,0
3101216,52448,93811,6321,0,0
3101350,20341,160589,5622,21,2
3101601,49307,11691,4193,18,2
3101601,49307,49181,1686,18,2
3101954,49936,195861,5862,14,0
3102022,64588,7017,4518,17,1
3102150,48454,84269,4270,13,4
3102211,42830,4934,2435,21,2
3102274,20492,184619,4620,0,0
3102279,42247,144058,1601,20,4
3102947,62897,13287,5789,21,2
3102949,23977,100884,8415,17,1
3103269,30784,184904,9941,18,2
3103331,59869,104364,1895,21,2
3103457,65818,103115,8136,20,4
3103457,65818,137601,7602,20,4
3103459,71965,97371,7372,23,3
3103493,34372,31605,4109,20,4
3103553,44668,144143,4144,12,2
3103681,26753,193800,6320,22,3
3103751,25987,30414,2918,16,0
3103974,52586,71372,6387,15,0
3103974,52586,92621,5131,15,0
3104516,50039,84919,4920,19,3
3104645,56752,167725,7726,13,4
3104709,70855,135839,8353,23,3
3104803,24821,38903,1407,0,0
3104806,42013,179589,4624,17,1
3104869,53887,76497,4019,14,0
3105030,69499,114164,1698,0,0
3105060,43018,33299,3300,13,4
3105090,26224,51516,6527,16,0
3105091,25237,105579,5580,23,3
3105091,25237,121810,6835,23,3
3105255,70073,34055,6559,0,0
3105345,43546,124830,9855,20,4
3105380,71590,143999,4000,24,1
3105381,42976,9048,6549,16,0
3105697,19198,191750,4270,13,4
3105830,21127,99412,4431,18,2
3105922,59590,177789,5341,1,1
3105952,45682,138912,8913,20,4
3106086,50689,81962,4471,18,2
3106087,53356,151512,4028,13,4
3106147,39523,157626,5172,15,0
3106310,61168,72866,5374,22,3
3106340,37475,58346,3357,17,1
3106499,60739,97059,9569,16,0
3106630,43418,91382,8910,21,2
3106724,69418,165924,8441,18,2
3106944,31711,101269,6290,21,2
3107171,20681,50077,7593,13,4
3107463,70901,148333,8334,22,3
3107489,60857,135453,5454,16,0
3107778,32264,47858,7859,16,0
3108226,52804,51649,9165,24,1
3108226,52804,182785,2786,24,1
3108227,45598,171170,3688,16,0
3108230,48362,9481,6982,19,3
3108387,60089,75793,3315,13,4
3109090,29419,140518,8061,17,1
3109248,60451,87057,4582,22,3
3109540,25823,74910,2432,15,0
3109574,64189,172227,7262,14,0
3109792,29317,140884,3399,16,0
3110151,30827,4488,6989,16,0
3110275,38026,81832,4341,21,2
3110435,60803,61253,8772,18,2
3110787,43949,99671,9672,18,2
3111110,69115,31169,6176,19,3
3111329,61726,171751,6786,21,2
3111363,47063,105741,3272,12,2
3111456,34036,82841,2842,0,0
3111654,69697,122885,2886,1,1
3111744,61495,111097,3609,12,2
3111782,40960,189302,1821,21,2
3111937,35686,18138,3141,15,0
3112067,53048,50501,3007,15,0
3112192,65585,131578,4092,22,3
3112224,55525,72749,7764,17,1
3112903,46252,165998,8515,19,3
3112963,52664,161200,8749,12,2
3113121,36643,166474,4023,21,2
3113319,68159,132351,9891,20,4
3113350,49091,102420,7441,20,4
3113666,34672,131035,8575,17,1
3113701,24647,185552,8071,14,0
3113731,1837,85544,8053,14,0
3113830,70861,161122,8671,20,4
3113861,63772,174490,9525,14,0
3113862,60464,168202,5751,22,3
3113956,59744,120485,8022,18,2
3114085,42085,45529,3042,21,2
3114181,68080,153640,3641,23,3
3114338,64355,180466,5503,16,0
3114565,54920,52231,4737,23,3
3114592,22414,180986,6023,13,4
3114880,46346,101100,8631,17,1
3114914,25150,168466,6015,18,2
3114919,45763,175936,3488,22,3
3115396,52900,164034,1583,14,0
3115847,38611,56738,6739,22,3
3116067,26519,94866,2394,14,0
3116164,68905,151878,4394,16,0
3116193,24478,90392,2902,23,3
3116352,69563,97603,5131,15,0
3116549,24574,60887,3394,21,2
3116709,28874,120370,2883,1,1
3117093,67922,172621,5139,0,0
3117156,26410,176074,6075,24,1
3117159,59587,4050,1551,22,3
3117347,46529,38796,1300,23,3
3117825,72811,21691,4194,13,4
3117890,28175,25364,7867,1,1
3117922,50083,124485,6998,21,2
3117926,38203,132004,4518,17,1
3118084,26854,114346,1880,22,3
3118084,26854,179788,9789,22,3
3118119,47123,19814,2316,1,1
3118119,47123,40185,7698,1,1
3118209,41326,187543,5098,1,1
3118245,48607,10425,5428,24,1
3118245,48607,99876,4895,24,1
3118370,37760,14742,9745,16,0
3118407,51742,65865,5866,24,1
3118467,59605,44364,4365,18,2
3118625,23254,87395,9904,1,1
3118629,61585,116853,1876,18,2
3118919,23200,102924,5435,20,4
3119042,65432,86538,4063,17,1
3119077,30272,113376,8399,12,2
3119104,21013,32611,5115,24,1
3119175,62125,84957,4958,13,4
3119301,28057,164136,9169,19,3
3119328,46238,42361,4866,23,3
3119328,46238,158386,3417,23,3
3119328,46238,196689,6690,23,3
3119330,25960,162286,4803,1,1
3119490,51040,114168,6680,15,0
3119623,51352,32074,9584,21,2
3120198,32039,144124,6639,17,1
3120450,42055,144234,6749,17,1
3120453,69575,161819,9368,13,4
3120512,35647,139581,2095,20,4
3120768,19600,28879,8880,16,0
3120768,19600,122442,4955,16,0
3120899,48316,62014,4521,24,1
3121028,63361,169273,9274,23,3
3121351,60571,111356,8890,19,3
3121381,38491,119956,2468,22,3
3121859,46057,134069,9096,16,0
3121860,50131,71760,4268,15,0
3122086,39706,1584,6585,15,0
3122086,39706,174358,6876,15,0
3122400,34978,36853,1860,18,2
3122756,69130,21659,9166,23,3
3122880,28984,171421,6456,22,3
3122885,49606,131096,6123,14,0
3122914,74363,3216,5717,18,2
3122914,74363,100751,5772,18,2
3122914,74363,146048,8563,18,2
3122919,65111,128761,1274,20,4
3123044,57689,52701,5207,22,3
3123143,55642,139040,9041,0,0
3123171,19246,186380,8899,16,0
3123173,68672,69514,7033,15,0
3123298,44765,156408,8924,14,0
3123522,59165,117394,9906,24,1
3123715,47866,34058,9065,21,2
3123812,23431,198560,8561,19,3
3123908,44162,170038,2556,21,2
3123941,70762,108938,6469,23,3
3123969,24475,42439,2440,23,3
3123970,39949,34276,4277,1,1
3124199,45889,169724,7273,1,1
3124452,53050,97342,7343,23,3
3124548,45407,67311,9818,0,0
3124579,23386,110538,5561,12,2
3124582,39509,52812,7823,22,3
3124743,45355,190389,5428,24,1
3124804,67249,38813,1317,23,3
3124930,48587,96132,3660,15,0
3124998,21152,165576,3125,13,4
3125344,61105,9671,7172,16,0
3125568,40084,7864,5365,24,1
3125568,40084,9527,4528,24,1
3125568,40084,119858,9859,24,1
3125570,72634,96969,6970,1,1
3125632,54175,148345,8346,17,1
3125637,45346,167306,9823,13,4
3125729,48587,168560,3593,15,0
3125984,45127,172229,7264,16,0
3126375,50350,22396,9903,13,4
3126497,39695,123346,5859,22,3
3126500,53581,159443,6989,16,0
3126563,57632,198605,8606,16,0
3126564,60454,55163,5164,23,3
3126564,60454,109425,9426,23,3
3126660,54844,136387,3927,23,3
3126944,72904,115493,5494,22,3
3126951,32494,181865,6902,17,1
3126951,32494,198581,6139,17,1
3127494,1589,63749,6256,13,4
3127650,1870,147252,9767,1,1
3127681,66592,173683,6201,14,0
3128071,22013,12224,7227,16,0
3128096,69160,718,5719,15,0
3128164,50971,98869,8870,16,0
3128423,22375,127704,5241,0,0
3128451,53470,27223,9726,17,1
3128642,50524,32168,4672,0,0
3128705,26206,162228,4745,1,1
3128707,63473,174678,2230,19,3
3128774,23798,46620,9125,21,2
3128964,41542,143029,3030,21,2
3129251,30910,66249,8756,19,3
3130020,24194,152204,9750,21,2
3130087,30619,169626,4659,19,3
3130818,32617,173507,3508,24,1
3130820,49559,46835,9340,14,0
3130823,33088,190176,2696,21,2
3132132,53749,9119,1620,24,1
3132356,24913,103685,3686,14,0
3132485,25045,163723,3724,12,2
3132547,74120,144512,2055,22,3
3132678,58714,90139,2649,21,2
3132871,49063,118730,8731,18,2
3132900,73484,144715,7230,24,1
3133249,51634,130947,3461,22,3
3133601,61565,112322,2323,20,4
3133697,51547,5639,3140,21,2
3133923,34861,156463,4009,20,4
3133988,37690,178296,8297,14,0
3134241,58685,136343,1370,22,3
3134272,1264,17959,5463,16,0
3134496,24268,70356,2864,17,1
3134499,44335,164934,4935,16,0
3134597,69154,1118,6119,14,0
3134598,71111,78240,5762,21,2
3134598,71111,173010,3011,21,2
3134662,45784,133778,3779,17,1
3134693,57436,5975,5976,22,3
3134693,57436,11953,9457,22,3
3134784,34918,7321,2322,20,4
3134853,62483,56893,4409,24,1
3134914,49597,117846,7847,20,4
3134944,58700,57203,7204,1,1
3135235,60728,198225,3264,14,0
3135713,53792,85633,3158,19,3
3136132,40676,25410,5411,1,1
3136196,69761,196345,8865,1,1
3136224,56320,24793,7296,20,4
3136453,74881,14538,2042,19,3
3136514,33983,41306,1307,17,1
3136644,23680,184336,1891,24,1
3136672,43541,65730,5731,24,1
3137030,63392,128752,3777,20,4
3137440,61840,11688,6691,24,1
3137536,74677,35007,5008,18,2
3137539,25144,114606,7118,1,1
3137541,61160,62489,7502,18,2
3137639,74251,143414,3415,17,1
3137824,34097,72126,9648,20,4
3138147,25909,175060,7578,19,3
3138310,46435,191704,9262,16,0
3138375,63535,30213,2717,20,4
3138375,63535,184538,4539,20,4
3138753,70384,185618,5619,20,4
3138820,23968,187914,5469,20,4
3138881,38029,102588,5099,12,2
3139333,60979,55927,5928,16,0
3139361,69001,19347,1849,17,1
3139392,46069,49187,4196,13,4
3139489,34945,63270,8283,20,4
3139524,43885,71986,1987,12,2
3139554,72097,89241,6766,12,2
3139589,73933,191320,6359,21,2
3139652,21514,103312,8333,20,4
3139809,65494,37372,4882,21,2
3139809,65494,94739,4740,21,2
3140032,51854,182315,2316,1,1
3140163,54436,81685,4194,13,4
3140226,62545,13023,8026,19,3
3140384,31771,189909,9910,17,1
3140608,68008,9491,9492,17,1
3140672,63530,189667,4704,12,2
3140769,21232,23937,3938,18,2
3140934,33464,22487,7492,19,3
3141091,61165,154697,4698,16,0
3141378,47254,103559,8580,21,2
3141440,52502,9788,2289,22,3
3141445,33775,101362,1363,0,0
3141504,53065,34796,4797,15,0
3141603,61895,96729,6730,21,2
3141698,23824,152982,8013,21,2
3142016,45808,72262,9784,16,0
3142210,73906,51467,8983,19,3
3142244,29173,84430,6939,20,4
3142244,29173,166918,9435,20,4
3142375,50059,125407,5408,24,1
3142530,46979,127173,4710,19,3
3142563,38893,38068,3075,20,4
3142753,49507,110590,3102,19,3
3142946,39463,166268,1301,21,2
3142976,19094,146851,9366,19,3
3143077,25076,47634,5147,15,0
3143298,70033,56376,1387,13,4
3143360,44428,103702,6213,14,0
3143520,21622,138448,5988,13,4
3143842,25669,121635,4148,17,1
3143846,50969,150728,5759,1,1
3143909,21826,95059,5060,23,3
3143910,58429,42996,2997,15,0
3143940,69419,92798,5308,21,2
3144005,41027,169506,7055,15,0
3144132,69850,186760,9279,18,2
3144384,45220,189405,4442,12,2
3144448,53284,27225,9728,1,1
3144485,36274,136816,6817,24,1
3144486,45704,149107,6650,22,3
3144577,70873,63936,8949,23,3
3144801,36785,6728,1729,18,2
3144995,18842,62507,5014,1,1
3144997,70603,23627,3628,17,1
3144997,70603,37861,7862,17,1
3145063,42067,56290,1301,21,2
3145442,42469,3058,3059,14,0
3145476,62272,198093,3132,0,0
3145671,49420,162784,7817,14,0
3146080,50813,101961,9492,17,1
3146113,49726,104200,9221,24,1
3146565,55408,153282,3283,20,4
3146694,37148,94969,9988,0,0
3146757,60559,121433,8970,17,1
3146788,64259,149194,4223,19,3
3146791,24212,177623,5175,12,2
3146880,33130,154978,2524,24,1
3147140,23729,36586,9090,19,3
3147365,51289,182461,4980,12,2
3147424,46778,47798,7799,22,3
3147619,46876,88947,1456,20,4
3147714,34766,66628,6629,20,4
3147719,50017,179739,7291,17,1
3147719,50017,190075,5114,17,1
3147846,20569,164000,4001,13,4
3147910,65152,174183,1735,12,2
3148007,74837,123858,3859,1,1
3148130,36895,26952,1957,1,1
3148359,35827,55334,2850,23,3
3148549,70786,107454,7455,13,4
3148710,66316,193883,8922,14,0
3148805,21626,140506,8049,24,1
3148965,56333,105437,5438,16,0
3149092,52048,36763,9267,15,0
3149283,22906,30644,3148,13,4
3149284,68032,159312,1828,15,0
3149349,37948,132582,2583,13,4
3149859,30044,182694,7731,22,3
3150020,69880,21012,6017,15,0
3150051,47230,147880,5423,12,2
3150435,33434,5318,7819,22,3
3150467,68077,122147,4660,13,4
3150532,48589,106930,1951,20,4
3150661,33284,55730,3246,14,0
3150661,33284,109137,6668,14,0
3150726,39962,80305,2814,20,4
3150917,36886,115278,5279,17,1
3150976,24148,162848,5365,24,1
3151041,71878,23474,3475,21,2
3151104,71104,166661,4210,1,1
3151330,54911,24241,6744,0,0
3151621,38182,72398,4906,17,1
3152005,45437,117530,5064,21,2
3152101,40096,94298,1826,24,1
3152130,39125,130408,5435,20,4
3152133,69337,72622,2623,23,3
3152224,72331,166103,6104,15,0
3152290,30110,94767,2295,15,0
3152326,45460,25728,5729,18,2
3152581,61729,60890,5903,12,2
3152742,72041,100929,3440,23,3
3152867,53530,144882,9911,0,0
3152930,61444,35194,7698,1,1
3153028,43712,105502,8013,21,2
3153185,29851,144546,4547,18,2
3153216,27107,66275,8782,14,0
3153664,52477,194112,6632,19,3
3153991,51335,64173,4174,21,2
3153991,51335,155378,5379,21,2
3154273,21038,19106,9107,19,3
3154401,36197,71830,1831,14,0
3154432,67919,120698,3211,24,1
3154468,63632,153590,8621,1,1
3154850,60590,58497,8498,22,3
3154885,63319,14511,2015,15,0
3154885,63319,68247,3260,15,0
3154944,62083,42137,2138,15,0
3155171,34969,70364,5379,21,2
3155334,56579,54514,2030,14,0
3155367,46525,196871,1910,21,2
3155718,70304,138064,3091,14,0
3155846,53995,92033,2034,12,2
3156006,58559,29722,4727,16,0
3156129,47498,185825,5826,12,2
3156135,60022,61556,9075,0,0
3156135,60022,141338,3853,0,0
3156166,59198,26250,3757,23,3
3156612,35225,41154,8667,18,2
3156640,71017,1294,6295,19,3
3156963,43684,88978,1487,18,2
3157026,23872,199994,2514,17,1
3157186,48448,192224,2225,20,4
3157218,43903,78814,6336,1,1
3157250,54473,91706,1707,14,0
3157473,53633,9208,1709,15,0
3157511,61921,90741,8269,23,3
3157894,41174,71290,6305,13,4
3157959,68107,114385,6897,17,1
3158016,49147,5897,5898,15,0
3158022,23342,67142,4661,19,3
3158337,26986,148850,6393,1,1
3158503,48001,144471,2014,13,4
3158528,24307,99062,6590,1,1
3158630,58123,62295,4802,12,2
3158661,43273,87038,2055,22,3
3158823,40726,119038,4061,19,3
3158850,30799,143276,8305,12,2
3158919,67843,75105,7613,24,1
3159042,30532,174055,6573,21,2
3159110,52397,107193,4724,18,2
3159140,25261,147488,2517,16,0
3159424,44746,24716,7219,21,2
3159623,22768,53880,1396,13,4
3159650,48490,140201,5230,13,4
3159782,19679,54424,1940,21,2
3159844,57437,54778,9789,22,3
3159875,68413,43888,1401,23,3
3159907,56609,167115,9632,14,0
3160001,36544,12188,9692,1,1
3160194,23515,79487,7009,14,0
3160198,68236,29457,1960,20,4
3160353,19540,34245,6749,17,1
3160389,49789,12094,4596,13,4
3160480,53150,49261,4270,13,4
3160673,50035,86904,4429,23,3
3160678,45869,112948,2949,20,4
3160711,49957,123419,5932,17,1
3160804,56906,18341,8342,16,0
3160838,64388,132998,8025,21,2
3161255,27263,41193,6202,13,4
3161255,27263,141361,6390,13,4
3161314,73969,91346,3856,13,4
3161446,30799,82577,5086,12,2
3161510,22007,56714,6715,19,3
3161538,21370,83205,5714,19,3
3161990,20752,144483,9512,14,0
3162149,49115,50214,2720,17,1
3162310,72623,20810,5815,21,2
3162436,74632,85599,5600,1,1
3162530,61213,150589,3105,19,3
3162724,50956,86596,4121,24,1
3162756,52486,193547,8586,12,2
3162790,65681,141635,9178,23,3
3162819,66446,21507,9014,0,0
3162852,1733,71583,1584,21,2
3162852,1733,138804,1318,21,2
3162919,65573,20240,7747,14,0
3163137,40054,11666,4168,16,0
3163205,50402,26448,3955,21,2
3163238,59029,131273,8813,19,3
3163333,66665,152916,2917,20,4
3163651,24872,68039,3052,17,1
3163682,71068,131305,3819,12,2
3163716,42190,184881,4882,21,2
3163751,30619,61571,9090,19,3
3163906,61328,18441,3444,19,3
3163974,54202,91546,1547,0,0
3164007,28430,110010,2522,16,0
3164162,51305,50577,8093,19,3
3164226,58046,35706,3216,17,1
3164226,58046,182148,9703,17,1
3164321,55319,176557,6558,17,1
3164385,55573,144784,9813,24,1
3164481,61564,186689,9208,1,1
3164578,20209,97431,9941,18,2
3164677,69448,154557,9588,19,3
3164839,74059,89190,6715,19,3
3165025,1609,161768,4285,20,4
3165156,51487,158226,3257,18,2
3165382,27622,135005,7519,1,1
3165413,74293,24945,9950,13,4
3165413,74293,130257,7797,13,4
3165536,39382,70492,5507,22,3
3165728,63001,110269,5292,0,0
3165824,37753,118711,6245,14,0
3166112,57278,179914,2432,15,0
3166343,19186,129899,4924,15,0
3166435,21463,190928,5967,21,2
3166693,27445,177040,7041,1,1
3166785,71281,19917,9918,24,1
3167008,25409,72242,9764,17,1
3167206,33493,112864,2865,22,3
3167236,49561,140499,8042,1,1
3167559,21964,12339,9843,13,4
3167620,64477,56945,9451,17,1
3167684,37424,19489,4492,22,3
3167808,71269,5175,7676,0,0
3168101,30509,154604,4605,1,1
3168386,41410,74581,4582,22,3
3168421,1217,176827,1862,12,2
3168546,45668,43050,5555,15,0
3168576,73646,84386,6895,18,2
3168672,71062,39582,9583,13,4
3168672,71062,42977,7986,13,4
3168740,33715,16772,1775,12,2
3168964,38264,63725,3726,13,4
3169027,35689,21519,4022,24,1
3169409,48626,94133,4134,24,1
3169409,48626,199751,2271,24,1
3169763,40114,24060,1567,16,0
3169986,55207,14606,9609,21,2
3169986,55207,73922,6430,21,2
3170149,74332,28893,8894,13,4
3170563,20341,28909,8910,21,2
3170724,37483,13222,5724,14,0
3170880,46450,77391,2406,24,1
3171042,52144,61874,6887,18,2
3171042,52144,152293,9839,18,2
3171044,62116,23517,3518,17,1
3171137,42196,78770,3785,14,0
3171299,57493,44650,7155,12,2
3171490,66577,42621,2622,12,2
3171683,66662,12061,2062,12,2
3171975,21455,4444,1945,16,0
3172006,53255,57842,5358,23,3
3172130,56107,161750,1751,23,3
3172165,19096,1612,6613,14,0
3172226,58342,128805,3830,19,3
3172608,74875,108554,6085,19,3
3172998,30020,167626,2659,17,1
3173153,65041,77123,7124,12,2
3173250,50147,24961,4962,12,2
3173346,64601,131613,6640,17,1
3173702,38590,84401,6910,19,3
3173894,34300,8074,5575,21,2
3173894,34300,97671,5199,21,2
3173957,54314,69140,1647,1,1
3174242,1267,70368,2876,24,1
3174246,49157,68842,1349,22,3
3174274,60080,36276,3786,0,0
3174274,60080,81066,8591,0,0
3174497,21874,2175,4676,14,0
3174564,50779,17066,7067,23,3
3174594,46186,92268,4778,13,4
3174656,59431,59081,1587,24,1
3175271,50429,167091,7092,22,3
3175333,71959,169087,4120,0,0
3175463,21913,136711,6712,15,0
3175463,21913,197393,2432,15,0
3175495,50611,121341,1342,0,0
3175653,59377,32864,5368,23,3
3175653,59377,198229,5787,23,3
3175682,32981,124356,1893,14,0
3175718,63853,26049,6050,18,2
3175810,40531,156649,9165,24,1
3176035,19369,128282,5819,17,1
3176130,30878,158463,3494,12,2
3176135,69502,3978,3979,19,3
3176485,57887,26617,6618,1,1
3176545,59098,146377,8892,12,2
3176900,30745,196529,6530,24,1
3176932,69317,41969,9482,14,0
3177056,1834,144397,6912,24,1
3177191,29864,168636,6185,16,0
3177380,72508,90474,5493,19,3
3177382,50399,118268,8269,23,3
3177412,35048,85023,7532,20,4
3177734,33787,95880,5881,14,0
3177956,44755,13664,8667,18,2
3178023,26389,52446,4952,14,0
3178178,19807,157370,9886,16,0
3178182,62986,158399,8400,18,2
3178338,33307,186113,3668,17,1
3178948,73552,16375,1378,18,2
3178982,35848,32728,2729,19,3
3179078,29191,34498,2008,17,1
3179232,47294,170660,5695,18,2
3179526,62482,164143,4144,12,2
3179554,32797,146713,4256,13,4
3179623,59182,34756,4757,18,2
3179653,46699,155894,3440,23,3
3179783,35539,68187,8188,15,0
3179874,21383,104107,1638,12,2
3180064,39385,81762,1763,18,2
3180385,62036,103993,9014,0,0
3180453,19909,82455,4964,0,0
3180480,52465,192762,2763,13,4
3180547,35440,104150,4151,14,0
3180576,26176,178667,8668,16,0
3180675,31987,135801,8315,16,0
3180677,19228,119264,4287,0,0
3180769,1714,82398,9923,23,3
3181024,37969,52652,7663,23,3
3181186,43985,112979,8002,0,0
3181287,20984,29896,2399,15,0
3181313,60112,153894,1440,16,0
3181440,31735,118831,8832,0,0
3181540,58469,20647,3150,21,2
3181601,36101,156423,3969,16,0
3181601,36101,188184,8185,16,0
3181666,33086,70799,3307,13,4
3181763,46007,173409,5927,22,3
3181797,50203,128219,8220,13,4
3181952,23680,81484,6501,24,1
3182179,59336,3357,8358,19,3
3182500,48250,53951,6457,18,2
3182560,52201,4156,1657,16,0
3182560,52201,157148,7149,16,0
3182753,62579,40710,8223,1,1
3182785,49675,26278,3785,14,0
3182885,27052,80629,3138,14,0
3182948,50279,9796,2297,12,2
3182950,42548,133717,1257,13,4
3183072,26825,186853,1890,12,2
3183075,45538,198653,3692,15,0
3183269,50611,187963,7964,0,0
3183558,48316,79954,7476,24,1
3183685,52033,76436,6437,23,3
3183780,32828,28037,3042,21,2
3184005,73897,194175,9214,24,1
3184069,46504,180703,3222,12,2
3184071,61846,78308,3323,19,3
3184229,41650,26024,8527,20,4
3184481,20431,88388,8389,17,1
3184482,27433,45314,7819,22,3
3184576,71333,140477,2992,23,3
3184576,71333,196646,9166,23,3
3184672,37645,38694,8695,20,4
3184802,34171,126730,1755,21,2
3184898,71170,118514,3537,19,3
3184899,44794,126129,3666,21,2
3184962,23786,197060,2099,0,0
3185154,52999,176552,6553,12,2
3185185,56152,79097,9098,18,2
3185222,43078,185313,7832,1,1
3185348,70030,106843,4374,22,3
3185478,46636,167780,2813,14,0
3185539,38579,83928,3929,14,0
3185539,38579,102237,9768,14,0
3185568,24308,44821,2334,21,2
3185669,54638,156329,1360,1,1
3185731,58891,49407,6920,23,3
3185892,41078,117152,4686,24,1
3186439,50437,194196,6716,13,4
3186627,68891,110731,8265,24,1
3186660,23201,154749,9780,13,4
3186946,60389,119525,2037,12,2
3187334,25621,119832,9833,13,4
3187493,43322,59140,1646,23,3
3187521,39983,814,8315,16,0
3187521,39983,1439,1440,16,0
3187558,72388,95037,2565,16,0
3187686,60169,74649,2171,18,2
3187812,50116,119971,2483,20,4
3187842,36572,109033,1544,1,1
3188066,60892,95718,5719,15,0
3188066,60892,158672,3703,15,0
3188134,47536,12587,7590,24,1
3188289,73354,144035,1578,24,1
3188550,28373,121636,1637,21,2
3188577,44909,156070,6071,18,2
3188705,50567,149887,2402,18,2
3188896,68230,148362,5905,17,1
3189251,51397,54696,7202,14,0
3189410,32621,124628,2165,13,4
3189575,46615,13786,8789,12,2
3189731,38914,20032,2535,24,1
3189733,67999,37040,7041,1,1
3189859,28264,65697,3216,17,1
3189923,34339,41829,6838,1,1
3190051,46594,132601,5115,24,1
3190084,31057,146149,6150,16,0
3190149,38887,23749,6252,13,4
3190243,62953,186652,9171,12,2
3190435,46501,100944,8475,15,0
3190530,72832,140737,5766,13,4
3190531,66367,64229,6736,19,3
3190599,26518,32808,7815,12,2
3190791,30380,1831,6832,24,1
3190854,33514,69544,7063,12,2
3190883,35575,74089,1611,0,0
3190980,60122,41515,9028,14,0
3190980,60122,136514,9028,14,0
3191201,49030,79832,7354,14,0
3191365,43982,171139,3657,17,1
3191552,73394,78295,5817,1,1
3191876,67517,181298,1299,14,0
3191940,50191,194145,4146,15,0
3192132,41998,71898,6913,0,0
3192132,41998,180246,2765,0,0
3192226,19733,79394,4409,24,1
3192581,28054,135644,8158,24,1
3192581,28054,155182,2728,24,1
3192836,42616,116333,1356,20,4
3192903,40315,128280,8281,16,0
3192903,40315,199212,4251,16,0
3192992,63356,57483,7484,21,2
3193060,19594,134022,6536,22,3
3193189,61147,191926,6965,18,2
3193600,34408,32783,5287,13,4
3193636,74764,84428,6937,16,0
3193760,69415,22977,5480,24,1
3193827,28832,175553,5554,17,1
3193828,74092,180468,8023,1,1
3193862,50164,93537,8556,22,3
3194242,37924,38948,8949,23,3
3194245,55544,98841,1351,21,2
3194405,38320,139256,9257,17,1
3194467,42926,64473,9486,17,1
3194661,72433,116004,3538,23,3
3194691,19057,145702,3245,22,3
3194720,30592,14161,1665,20,4
3194720,30592,195577,5578,20,4
3194946,31375,41559,1560,19,3
3195072,62897,97197,4725,21,2
3195076,53917,101748,4259,0,0
3195174,20242,80017,7542,0,0
3195426,22198,28851,3856,13,4
3195430,51344,129021,1534,20,4
3195494,55945,135462,7976,16,0
3195521,20053,63712,3713,12,2
3195744,59686,181541,6578,24,1
3195808,66281,116337,8849,23,3
3195910,44240,187964,3001,24,1
3195971,71324,154484,2030,14,0
3196102,32974,151537,4053,1,1
3196192,31426,164333,9366,19,3
3196449,55690,182241,4760,13,4
3196582,66325,59596,9597,0,0
3196678,54803,177179,9697,23,3
3196704,67942,176890,9408,23,3
3196709,38398,68178,3191,15,0
3196870,73744,185747,5748,23,3
3196903,65485,44100,9109,21,2
3196903,65485,165676,5677,21,2
3197056,72331,43817,8826,15,0
3197095,26110,185865,3420,12,2
3197477,36266,146388,3931,0,0
3197632,36742,164693,2242,12,2
3197639,53527,145400,5401,21,2
3197699,30212,3439,5940,21,2
3197799,20644,58653,3664,18,2
3197799,20644,164524,4525,18,2
3197920,49663,42849,5354,17,1
3198115,28127,155498,3044,15,0
3198151,49121,13885,3886,24,1
3198151,49121,20733,8240,24,1
3198272,25955,8809,8810,23,3
3198279,31246,101340,1341,22,3
3198560,54181,143053,5568,20,4
3198593,28585,99166,1676,18,2
3198688,70894,137107,7108,14,0
3198788,70427,118275,8276,19,3
3198820,32702,168245,8246,0,0
3198913,29458,11847,9351,19,3
3199331,26614,69202,4215,0,0
3199460,54328,150765,8311,1,1
3199461,37129,192938,5458,24,1
3199585,37069,24977,9982,15,0
3199842,42715,34632,7136,17,1
3199842,42715,91101,8629,17,1
3199941,49682,182790,7827,12,2
3200037,19774,153836,6352,23,3
3200066,55207,2856,2857,21,2
3200192,50531,25678,5679,14,0
3200679,35744,136560,1587,24,1
3200768,74051,29686,9687,24,1
3200833,21956,4338,4339,21,2
3200838,36850,86558,4083,21,2
3200871,54307,49415,1920,0,0
3200903,57340,72410,7425,19,3
3200964,55645,189989,2508,12,2
3201223,66398,84394,9411,18,2
3201252,55294,162048,4565,13,4
3201317,51691,109890,2401,13,4
3201472,50653,81728,1729,18,2
3201507,56908,105983,3514,23,3
3201762,29794,126236,1261,17,1
3201767,50644,116592,1615,20,4
3201891,32138,89392,1901,24,1
3202308,1487,2415,7416,17,1
3202402,41995,142944,7973,19,3
3202404,22031,58950,8951,20,4
3202434,67201,52926,2927,21,2
3202534,25534,116924,6925,20,4
3202596,32707,182977,8014,17,1
3202656,37076,155933,3479,15,0
3202662,50005,10383,7887,19,3
3202695,56068,196710,4268,15,0
3202753,26680,91130,8658,12,2
3202757,42619,86295,3820,24,1
3203234,44861,63843,3844,13,4
3203364,19013,78217,5739,1,1
3203652,34211,191592,4112,20,4
3203939,22999,52167,7178,15,0
3204069,56027,88255,5780,24,1
3204165,45692,71151,6166,13,4
3204231,47539,165292,5293,23,3
3204260,70816,196582,9102,16,0
3204263,33461,80453,5470,19,3
3204294,40849,17278,4782,16,0
3204578,62978,41596,6605,0,0
3204615,35135,8329,5830,0,0
3204807,54061,166,5167,15,0
3205031,59311,54909,4910,22,3
3205121,66793,9110,6611,20,4
3205283,43346,192332,2333,22,3
3205444,74198,102275,7296,20,4
3205893,51742,128480,3505,24,1
3205957,34264,32148,7155,12,2
3206240,70295,71772,1773,19,3
3206467,68824,176830,1865,17,1
3206496,53033,181024,3543,22,3
3206534,51583,140836,8379,0,0
3206978,53725,8654,6155,18,2
3206978,53725,133704,8731,18,2
3207008,70274,154942,2488,23,3
3207491,29432,129531,7068,12,2
3207526,68821,32052,4556,19,3
3207558,70931,56822,1833,16,0
3207714,57077,115575,5576,0,0
3207911,66736,151229,8775,17,1
3207941,26308,45469,2982,1,1
3208006,56911,132760,2761,18,2
3208163,35999,84916,2441,15,0
3208289,55817,47446,7447,13,4
3208389,45973,130520,8060,16,0
3208389,45973,134638,2178,16,0
3208481,46136,111408,8942,18,2
3208581,50849,177125,7126,1,1
3208706,27283,197522,2561,22,3
3208998,68701,26505,9008,15,0
3209024,51247,19662,4665,17,1
3209285,65449,31254,6261,13,4
3209761,56816,61884,6897,17,1
3209761,56816,75056,2578,17,1
3209892,64150,15809,8311,1,1
3209926,68161,169542,7091,15,0
3209959,41303,31653,4157,17,1
3210022,61360,1949,1950,17,1
3210146,32575,168242,5791,19,3
3210148,70534,47342,7343,23,3
3210374,52751,117620,7621,21,2
3210406,29395,110358,5381,14,0
3210530,71933,9749,4750,16,0
3210663,74038,154456,4457,1,1
3210695,72029,49399,4408,22,3
3211076,69439,161695,4212,17,1
3211139,34960,64263,1782,14,0
3211175,62291,119638,7172,16,0
3211202,46090,29533,4538,12,2
3211648,70495,180387,7942,18,2
3211751,58055,27598,2603,17,1
3211875,21776,53434,3435,13,4
3211970,57007,133857,3858,12,2
3212165,31216,5003,5004,20,4
3212165,31216,7914,7915,20,4
3212229,27104,104263,1794,16,0
3212384,57343,131075,6102,1,1
3212576,20342,110236,2748,14,0
3212677,53998,42482,2483,20,4
3212897,67564,159214,6760,18,2
3212928,35174,19736,9737,1,1
3212999,20881,10311,7815,12,2
3213413,45769,70641,3149,14,0
3213504,47158,41333,3838,16,0
3213606,74614,76167,6168,17,1
3213702,56683,69632,4645,18,2
3213763,57751,137338,7339,13,4
3213825,73838,154958,2504,19,3
3213958,71203,96711,9221,24,1
3214241,20390,94289,9308,18,2
3214337,71908,194299,6819,12,2
3214342,32812,16009,8511,22,3
3214532,57917,7686,2687,18,2
3214625,34825,91821,4331,16,0
3214627,46345,41580,9093,1,1
3214881,73672,149641,9642,0,0
3214944,21640,15759,3263,14,0
3215142,70030,34378,6882,22,3
3215200,28306,44079,4080,1,1
3215264,62393,96562,6563,16,0
3215297,66286,194744,7264,16,0
3215333,22930,85377,2902,23,3
3215680,48028,51708,1709,15,0
3215811,30508,97142,7143,24,1
3215937,37217,176937,4489,20,4
3216067,73469,196251,6252,13,4
3216323,45242,34429,6933,0,0
3216389,64939,164466,6983,14,0
3216513,54280,119590,7124,12,2
3216611,52934,18450,8451,17,1
3216834,40127,128425,5962,14,0
3216934,37192,12083,4585,19,3
3217093,74344,49366,4375,21,2
3217126,70427,157989,3020,19,3
3217155,46348,68394,5913,13,4
3217218,70888,77909,5431,24,1
3217317,68026,142365,9908,12,2
3217443,62519,95435,2963,13,4
3217446,28033,71648,4156,21,2
3217605,29534,70398,7920,22,3
3217831,34307,190842,5881,14,0
3217895,45457,126122,6123,14,0
3218115,25156,137266,4806,13,4
3218183,32668,129630,9631,24,1
3218566,44299,142955,2956,13,4
3218755,34142,192510,2511,17,1
3218756,58679,145093,5094,0,0
3218759,21595,52211,4717,21,2
3218786,38452,110290,5313,15,0
3218787,53767,122739,7764,17,1
3218788,46285,170616,3134,17,1
3219141,40120,165661,3210,1,1
3219202,25886,51676,4182,18,2
3219203,58921,138741,3768,19,3
3219233,36311,113247,5759,1,1
3219296,45895,167377,2410,20,4
3219303,47683,21298,3801,16,0
3219303,47683,74042,6550,16,0
3219489,66103,90624,3134,17,1
3219554,38878,47634,5147,15,0
3219808,1648,30721,3225,23,3
3219907,57827,43135,5640,15,0
3220103,68249,87944,2961,17,1
3220134,67009,12348,2349,22,3
3220165,18830,182428,4947,22,3
3220197,31369,197960,5518,0,0
3220550,53960,5558,8059,19,3
3220642,38924,189133,4170,18,2
3220645,32558,60089,5102,24,1
3220679,65830,67634,7635,17,1
3220742,63166,123952,1489,15,0
3221060,34154,11590,1591,22,3
3221255,58663,59082,9083,12,2
3221476,68191,42887,5392,0,0
3221639,44824,15093,2597,24,1
3221731,32113,149626,9627,1,1
3221990,30952,151654,9200,20,4
3222112,64294,14690,4691,23,3
3222147,49690,16307,1310,24,1
3222180,56077,63872,8885,14,0
3222529,71131,19372,1874,16,0
3222595,20260,146156,6157,17,1
3222624,20167,168481,6030,1,1
3222823,74159,72024,2025,20,4
3222950,67369,164122,4123,12,2
3222982,66880,41204,6213,14,0
3223077,54803,174530,9565,23,3
3223169,19282,148351,8352,0,0
3223396,31498,73316,5824,19,3
3223429,48916,48852,1357,24,1
3223488,53851,90181,7709,0,0
3223682,48442,33800,1310,24,1
3223717,24310,59543,2049,14,0
3223842,41585,91370,6389,0,0
3223904,44137,104895,2426,19,3
3223940,24904,103691,3692,15,0
3224067,22312,129440,6977,19,3
3224131,49150,198718,8719,12,2
3224384,49744,6218,8719,12,2
3224484,27679,195547,5548,21,2
3225062,21157,188107,8108,19,3
3225347,74275,179020,4055,12,2
3225506,25630,67515,2528,12,2
3225537,61690,48316,5829,18,2
3225700,43006,147094,4637,0,0
3225825,25729,98056,3075,20,4
3225956,53789,164893,2442,19,3
3226465,33607,42863,5368,23,3
3226631,51004,77228,7229,21,2
3226849,51518,169421,4454,17,1
3226880,69157,71690,4198,1,1
3226951,36820,117277,9789,22,3
3227142,29438,199393,6951,21,2
3227494,55432,88054,5579,21,2
3227779,1277,14012,4013,14,0
3227845,74515,65399,5400,23,3
3227972,70231,85639,8148,0,0
3228033,33664,76353,1368,21,2
3228101,19054,101228,8759,22,3
3228131,57674,36955,1962,22,3
3228198,40295,14439,6941,18,2
3228548,70390,103005,8026,19,3
3228613,32605,181565,1566,24,1
3228705,29986,75842,8350,1,1
3228738,37519,89683,9684,15,0
3228801,50144,176518,6519,19,3
3228804,19447,191693,9251,17,1
3228839,18887,70401,7923,16,0
3228899,31429,107808,2829,20,4
3228997,63781,124028,6541,15,0
3228997,63781,195620,3178,15,0
3229092,46037,144959,9988,0,0
3229092,46037,194258,4259,0,0
3229126,29201,1216,8717,22,3
3229318,18919,145069,2612,1,1
3229473,45844,33209,3210,1,1
3229473,45844,138452,8453,1,1
3229602,19807,54024,4025,16,0
3229728,41908,129464,4489,20,4
3229924,45329,194368,9407,23,3
3230598,43672,170027,7579,20,4
3230599,21149,106378,6379,20,4
3230822,39841,19631,4634,24,1
3230822,39841,136757,6758,24,1
3230854,54767,8383,8384,15,0
3230884,48799,2824,2825,24,1
3230944,57220,17775,2778,14,0
3231111,42106,154294,4295,21,2
3231111,42106,163609,8642,21,2
3231173,53011,64644,7151,17,1
3231203,60559,90974,3484,17,1
3231363,29567,66379,6380,16,0
3231363,29567,102952,2953,16,0
3231363,29567,180251,5288,16,0
3231426,39901,32000,4504,23,3
3231426,39901,158588,3619,23,3
3231458,54460,13306,3307,13,4
3231491,25217,141986,9529,22,3
3231555,60968,20529,8036,1,1
3231686,61228,152612,7643,16,0
3231910,56428,189843,9844,15,0
3232099,40280,137706,7707,24,1
3232226,62327,32906,5410,23,3
3232226,62327,105975,8486,23,3
3232423,43033,79530,4545,13,4
3232582,71632,154087,9118,0,0
3232706,35824,117119,7120,23,3
3232867,54749,132706,7733,1,1
3232932,70142,129046,9047,14,0
3233158,49579,155836,3382,17,1
3233477,19840,21054,8561,19,3
3233600,73396,143264,5779,12,2
3233697,72862,36782,6783,1,1
3233732,61258,195926,3484,17,1
3233892,31507,53991,6497,20,4
3234179,44605,113837,8860,19,3
3234212,67147,114000,4001,13,4
3234241,51677,50520,8036,1,1
3234243,71290,114781,4782,16,0
3234468,56810,10783,5786,14,0
3234499,66818,136276,3816,1,1
3234882,65126,126536,6537,20,4
3235079,60010,52943,5449,21,2
3235079,60010,166966,1999,21,2
3235175,56339,90971,5990,23,3
3235620,40780,32203,9713,12,2
3235623,50030,196682,4240,15,0
3235686,74996,96686,6687,12,2
3235717,62495,18542,6046,16,0
3235747,33712,172422,2423,16,0
3235814,41380,119991,5014,1,1
3235874,57953,50370,5381,14,0
3235874,57953,164096,6613,14,0
3235876,40826,170799,3317,19,3
3235936,23245,132025,4539,20,4
3235938,69752,144758,9787,20,4
3236133,63199,143975,9004,18,2
3236517,20627,185337,7856,12,2
3236578,53545,141960,4475,19,3
3236707,47071,10797,5800,0,0
3236711,19139,67442,2455,16,0
3237318,22594,78053,5575,21,2
3237604,63170,113794,8817,16,0
3237767,26335,127434,7435,1,1
3237796,64585,115027,2561,22,3
3238146,53029,74788,2310,13,4
3238146,53029,152893,7924,13,4
3238307,57443,180735,5772,18,2
3238372,43741,107528,7529,15,0
3238532,48943,115991,8503,0,0
3238596,72923,135284,5285,13,4
3238852,74650,45057,5058,17,1
3238853,20956,173017,5535,14,0
3239077,59891,178579,3614,23,3
3239168,70409,11427,6430,21,2
3239300,31324,17159,4663,15,0
3239430,64156,7770,2771,13,4
3239588,68530,32631,2632,23,3
3239938,54854,134114,6628,13,4
3240259,27125,83956,3957,15,0
3240420,49013,190273,2793,18,2
3240484,50642,112424,7447,13,4
3240485,26756,190874,5913,13,4
3240576,34246,63221,5728,18,2
3240869,41245,105844,5845,15,0
3240932,26695,142276,9819,24,1
3241187,68564,57776,5292,0,0
3241253,59977,176753,1788,0,0
3241413,21304,84067,4068,12,2
3241441,61066,119453,4476,19,3
3241569,59074,183833,6352,23,3
3241572,41323,159778,2294,22,3
3241636,58984,114580,7092,22,3
3241793,24593,190805,8363,12,2
3241796,56842,42297,4802,12,2
3241926,36463,74281,9296,21,2
3242055,67033,22132,7137,19,3
3242403,55021,8113,8114,13,4
3242563,58519,85981,8490,20,4
3242599,56384,179598,7150,0,0
3242727,60052,174553,2105,16,0
3242753,26254,154929,4930,0,0
3242755,60043,3587,8588,0,0
3242755,60043,6435,8936,0,0
3242882,25793,130447,2961,17,1
3242914,20140,3889,6390,13,4
3242946,24560,197003,2042,19,3
3242982,38278,101574,1575,13,4
3243137,50287,176440,8958,21,2
3243138,66991,33955,1465,14,0
3243174,54706,163361,3362,18,2
3243232,1549,128243,5780,24,1
3243233,61171,102470,7491,20,4
3243303,56245,147196,7197,12,2
3243392,36182,91654,6673,13,4
3243457,73357,4216,9217,20,4
3243556,71789,5678,3179,22,3
3243559,65554,149042,1557,18,2
3243616,56081,77540,7541,22,3
3243879,26576,167729,5278,19,3
3243906,18925,165225,5226,23,3
3243975,48289,115940,5941,17,1
3244036,29803,121761,4274,20,4
3244068,63329,119627,9628,19,3
3244580,68464,37961,2968,19,3
3244580,68464,194008,6528,19,3
3244868,47333,199508,4547,18,2
3244900,74405,71511,6526,21,2
3245475,35755,189277,4314,19,3
3245536,23411,168648,6197,1,1
3245573,33124,10253,7757,16,0
3245575,29611,181961,9516,19,3
3245636,37279,69165,6684,20,4
3245696,49744,26011,6012,12,2
3245696,49744,179856,4891,12,2
3245698,26026,40785,5794,13,4
3245732,46408,118025,3048,20,4
3245734,31958,193029,5549,0,0
3245889,68794,101730,9261,23,3
3245984,59164,187470,7471,22,3
3246145,71368,159893,4924,15,0
3246240,52168,108725,6256,13,4
3246274,23141,141168,8711,16,0
3246336,28418,48606,3615,16,0
3246338,73231,135289,2829,20,4
3246496,44339,83785,3786,0,0
3246690,67579,28214,3219,24,1
3246693,35803,73332,5840,12,2
3246949,40588,124866,2403,22,3
3246979,69049,27538,2543,14,0
3247107,51509,169691,7240,23,3
3247238,53830,198162,8163,22,3
3247394,73931,126599,4136,22,3
3247397,49564,144138,9167,17,1
3247459,38798,24113,6616,23,3
3247492,58993,2869,2870,17,1
3247811,44347,96686,6687,12,2
3248065,28586,105689,5690,15,0
3248162,51517,131234,6261,13,4
3248228,19300,47534,7535,23,3
3248452,54557,84685,7194,19,3
3248516,22072,72698,7713,21,2
3248676,59236,78912,3927,23,3
3248806,45854,29260,6767,20,4
3248931,68720,22672,7677,21,2
3248993,31339,93733,1261,17,1
3248995,74903,28938,8939,21,2
3248995,74903,64236,1755,21,2
3248995,74903,137243,2270,21,2
3249091,38680,109724,9725,12,2
3249123,36887,24107,6610,24,1
3249638,18913,92311,7330,17,1
3249793,72478,99919,9920,0,0
3250464,60815,108889,3910,17,1
3250721,32098,132737,7764,17,1
3250753,38366,119787,2299,14,0
3250758,28220,52146,4652,15,0
3250758,28220,126800,6801,15,0
3251042,71054,113927,8950,23,3
3251173,45778,93038,3039,21,2
3251488,41557,108743,1254,16,0
3251682,66473,136436,8950,23,3
3251847,20467,69296,9297,14,0
3251873,38875,145215,5216,17,1
3251908,69970,36167,8671,20,4
3251940,46909,48946,3955,21,2
3252455,33589,128940,8941,0,0
3252993,54961,158362,5908,19,3
3253090,25324,43285,3286,14,0
3253123,65749,42818,7827,12,2
3253188,24520,174318,4319,13,4
3253220,56272,76902,1917,16,0
3253222,56674,185908,5909,21,2
3253253,73801,89806,4823,0,0
3253414,40387,85679,8188,15,0
3253506,64819,107234,7235,24,1
3253766,60625,136614,4154,18,2
3253766,60625,159966,2482,18,2
3253860,32447,11749,6752,18,2
3253921,47659,189211,9212,24,1
3254112,27793,136386,8900,20,4
3254117,40747,27211,9714,0,0
3254214,60808,182871,5390,20,4
3254369,26887,174133,6651,0,0
3254375,71344,164567,7084,21,2
3254401,43448,147327,4870,16,0
3254467,39865,195723,5724,14,0
3254497,48775,70531,3039,21,2
3254628,40822,81836,1837,24,1
3254979,55195,62298,4805,24,1
3255042,29662,39349,9350,1,1
3255042,29662,181065,6102,1,1
3255139,64910,197575,2614,18,2
3255207,69667,48343,3352,19,3
3255330,33217,109324,9325,1,1
3255554,22576,22137,7142,20,4
3255586,50740,156584,6585,15,0
3255747,53909,80388,5405,24,1
3256227,19126,76229,8737,21,2
3256260,38828,68244,3257,18,2
3256293,22150,32120,9630,20,4
3256322,67183,6643,6644,13,4
3256518,42022,73570,8585,24,1
3256548,56371,2369,9870,22,3
3256548,56371,16335,8837,22,3
3256550,60889,11269,1270,1,1
3256641,26140,164879,9912,14,0
3256708,63508,147149,9664,0,0
3256771,19177,52217,4723,23,3
3256771,19177,65305,5306,23,3
3256771,19177,177858,5410,23,3
3256967,38879,188632,6187,23,3
3257024,45136,121481,6506,24,1
3257057,30128,134770,4771,18,2
3257251,33115,107462,7463,24,1
3257444,60107,188594,6149,19,3
3257539,57725,37738,7739,12,2
3257572,27698,84616,7125,19,3
3257799,52111,155315,5316,20,4
3257959,67871,13515,3516,17,1
3257959,67871,70362,2870,17,1
3257988,55729,41484,3989,12,2
3258244,42758,179702,7254,1,1
3258662,70609,199889,7447,13,4
3258759,36967,88285,8286,1,1
3258759,36967,89516,7041,1,1
3258786,65461,9138,4139,14,0
3258853,57976,119687,9688,17,1
3258853,57976,124800,2337,17,1
3259141,22874,191257,6296,23,3
3259171,39248,75010,7518,0,0
3259301,44599,7504,5005,21,2
3259718,62953,104071,6582,12,2
3259751,46762,123670,6183,22,3
3259840,73618,169646,2163,13,4
3259876,29609,32394,9904,1,1
3260069,36850,129831,9832,21,2
3260100,49853,169969,7518,0,0
3260133,24463,177969,5521,1,1
3260135,43393,107252,9763,14,0
3260199,58585,9478,4479,12,2
3260226,47452,59148,9149,21,2
3260453,70169,163770,3771,0,0
3260583,27961,128818,8819,0,0
3260583,27961,156171,8687,0,0
3260642,68015,186343,8862,24,1
3260736,55921,43060,8069,1,1
3260774,38947,100979,6000,21,2
3261059,53380,38910,6420,24,1
3261123,69580,7467,9968,17,1
3261286,21181,111154,3666,21,2
3261312,61172,119438,6972,18,2
3261729,26275,113256,3257,18,2
3261863,26890,188633,6188,23,3
3261956,31597,510,5511,16,0
3262085,38242,91882,6901,0,0
3262119,65944,61264,8783,14,0
3262212,55729,149519,2034,12,2
3262245,28405,60404,7923,16,0
3262599,22477,17440,7441,20,4
3262854,26638,109879,7410,15,0
3263009,48412,183916,3917,13,4
3263011,47800,99096,1606,24,1
3263072,57907,58548,6064,1,1
3263073,38029,103461,8482,12,2
3263078,24967,4136,9137,20,4
3263331,27703,176989,4541,24,1
3263425,43168,173998,3999,22,3
3263555,47320,135902,8416,0,0
3263811,19388,141826,6855,22,3
3263813,52870,114352,9375,16,0
3263938,54020,58641,8642,21,2
3264226,66491,146652,9167,17,1
3264229,58126,59609,4620,0,0
3264229,58126,95077,5078,0,0
3264359,74444,121664,6689,14,0
3264640,22859,109660,2171,18,2
3264647,64777,7996,2997,15,0
3264807,20989,142787,2788,17,1
3265157,73004,188877,1396,13,4
3265313,33130,149230,6773,24,1
3265347,67126,167950,7951,18,2
3265635,29123,116556,6557,12,2
3265792,33139,145820,8335,0,0
3265921,47080,176425,3977,24,1
3266274,38710,82003,7020,13,4
3266311,74753,62416,9935,15,0
3266341,59429,127483,2508,12,2
3266370,28867,191710,1711,13,4
3266437,62926,76282,1297,14,0
3266439,22207,26987,4494,0,0
3266468,44173,47123,2132,12,2
3266502,37612,101597,6618,1,1
3266820,25354,10682,8186,13,4
3266944,45217,92669,7688,23,3
3267269,62977,66844,9351,19,3
3267298,59965,100729,3240,24,1
3267303,57233,167906,7907,15,0
3267303,57233,173630,8665,15,0
3267584,44887,65293,2812,21,2
3267683,57674,156535,6536,22,3
3268038,34642,132004,7031,1,1
3268166,66005,97228,9738,21,2
3268452,58606,39116,4123,12,2
3268546,48316,3476,5977,24,1
3268676,45605,48408,5921,17,1
3268838,55072,180427,7982,15,0
3268871,40444,150349,2865,22,3
3268899,49777,119887,2399,15,0
3268903,74846,193902,3903,15,0
3269444,54415,78712,8713,20,4
3269633,45337,183268,3269,22,3
3269700,19616,126252,3789,1,1
3269859,65107,136893,9407,23,3
3269986,38452,37241,4751,15,0
3270022,30199,38423,5933,23,3
3270022,30199,124709,9734,23,3
3270272,28984,13741,8744,22,3
3270279,42905,43431,5936,22,3
3270279,42905,143006,8035,22,3
3270304,40930,71124,3632,23,3
3270336,20765,52878,5384,14,0
3270373,44794,72235,7250,21,2
3270469,21062,140600,5629,15,0
3270723,28004,46729,4242,18,2
3270916,23851,59367,9368,13,4
3270916,23851,100678,5699,13,4
3271202,26887,199973,5012,0,0
3271393,36065,82145,4654,0,0
3271393,36065,196859,4417,0,0
3271622,28262,164327,9360,21,2
3271649,27658,123250,5763,19,3
3271681,20576,182129,4648,14,0
3271776,61891,143746,8775,17,1
3272003,60442,181155,3674,14,0
3272163,60589,171762,1763,18,2
3272483,48997,17190,2193,19,3
3272640,34832,188595,6150,16,0
3272710,48439,29918,7425,19,3
3272772,21112,9976,2477,14,0
3273028,61567,132772,2773,14,0
3273093,39089,188543,6098,17,1
3273281,34733,95496,3024,19,3
3273285,31682,77102,7103,16,0
3273411,27905,111609,9143,0,0
3273414,63574,38536,6046,16,0
3273541,21988,137347,7348,24,1
3273603,65080,19749,9750,21,2
3273605,29665,15915,5916,0,0
3273669,54793,145577,8092,1,1
3273733,65561,168626,3659,14,0
3273956,32668,174955,4956,24,1
3274016,62341,169582,2099,0,0
3274117,67880,55310,2826,15,0
3274181,39518,21398,8905,16,0
3274181,39518,56604,9110,16,0
3274343,21349,101731,6752,18,2
3274436,55973,143379,8408,19,3
3274561,48886,38631,6141,13,4
3274595,53629,131002,3516,17,1
3274627,41329,116465,3999,22,3
3274657,57583,26699,9202,12,2
3274759,66772,107030,4561,15,0
3275010,21679,102316,2317,13,4
3275075,20329,47383,9888,21,2
3275207,65453,103116,8137,14,0
3275297,70003,51186,3692,15,0
3275299,50543,60046,2553,16,0
3275303,29077,53579,6085,19,3
3275457,31310,127110,4647,19,3
3275586,24592,39040,9041,0,0
3275778,70736,180296,7851,23,3
3275873,45796,71124,3632,23,3
3276128,57946,168275,5824,19,3
3276390,48136,96831,4359,1,1
3276578,29326,69869,4882,21,2
3276707,67160,45314,2827,0,0
3276736,26428,45121,7626,20,4
3276836,62422,78124,5646,0,0
3277442,61475,108938,6469,23,3
3277445,27097,117166,9678,24,1
3277506,67652,93707,3708,12,2
3277894,30088,36276,1283,21,2
3277926,60695,140704,3219,24,1
3278022,68737,161500,9049,23,3
3278022,68737,164794,9827,23,3
3278244,49817,117649,5183,0,0
3278372,36596,43785,8794,12,2
3278375,22630,94998,4999,18,2
3278562,19039,182129,4648,14,0
3278818,47740,75184,5185,19,3
3278821,38707,28349,3354,16,0
3278917,54416,54545,7051,12,2
3278946,35099,104345,1876,18,2
3279105,65201,191865,9423,17,1
3279235,71734,3797,6298,23,3
3279297,55879,122028,9565,23,3
3279491,59929,115732,5733,15,0
3279650,68899,176814,9332,21,2
3279717,60434,6802,4303,20,4
3280226,35261,114172,6684,20,4
3280322,41918,90293,2803,1,1
3280390,29647,147469,7470,19,3
3280421,28069,131692,4206,13,4
3280423,66898,65295,2814,20,4
3280705,22102,9066,4067,0,0
3280869,34049,164676,2225,20,4
3281060,67217,93766,3767,16,0
3281186,43267,149059,6602,1,1
3281249,28678,43535,8544,22,3
3281408,34168,169743,9744,24,1
3281409,56794,4480,6981,0,0
3281412,48062,103502,8523,21,2
3281760,20366,76465,6466,14,0
3281922,66862,14247,6749,17,1
3281922,66862,64288,9301,17,1
3281953,59656,113346,3347,23,3
3281985,56225,74683,4684,24,1
3281987,48451,193725,6245,14,0
3282019,28537,156991,4537,13,4
3282181,29314,152045,9591,23,3
3282404,28072,9409,4410,12,2
3282404,28072,52558,2559,12,2
3282407,63682,1556,1557,18,2
3282656,44350,82128,9653,14,0
3282656,44350,104833,2364,14,0
3282691,73952,183005,8042,1,1
3282757,66467,69336,9337,20,4
3282757,66467,122356,2357,20,4
3282758,53599,98399,5927,22,3
3282946,73447,69326,6845,16,0
3283237,52024,34777,7281,1,1
3283588,23014,89714,9715,21,2
3283876,31403,77011,2026,14,0
3283905,26410,108676,6207,24,1
3283970,27445,34212,4213,1,1
3284035,62791,97446,4974,15,0
3284198,29062,45115,7620,15,0
3284710,49381,162172,9721,20,4
3285255,65662,181104,3623,24,1
3285442,46606,157980,5526,22,3
3285664,47200,64592,4593,1,1
3285829,54035,116286,1309,21,2
3285924,34922,161050,6083,23,3
3285990,57481,137264,9778,1,1
3286022,69553,144112,4113,19,3
3286022,69553,193407,8446,19,3
3286752,45337,26443,8946,22,3
3286759,23459,22971,5474,15,0
3286822,31495,114187,6699,23,3
3286855,36403,188231,5786,14,0
3286983,37607,86784,1801,13,4
3287013,60932,96284,6285,16,0
3287040,34624,95495,3023,22,3
3287043,45328,93907,6417,0,0
3287043,45328,108547,8548,0,0
3287043,45328,136913,9427,0,0
3287143,28412,188640,6195,0,0
3287169,44104,152850,7881,16,0
3287170,74633,120280,5305,13,4
3287203,48361,71105,3613,23,3
3287267,63475,197179,7180,17,1
3287426,63103,54528,9539,21,2
3287426,63103,194998,2556,21,2
3287490,69220,197011,9531,17,1
3287526,40229,159048,9049,23,3
3287745,52309,21052,6057,23,3
3287911,73529,41177,8690,19,3
3288037,18922,97725,7726,13,4
3288228,62525,56804,9310,22,3
3288416,25264,89134,9135,17,1
3288774,55099,25770,5771,22,3
3288804,31036,92603,5113,0,0
3288898,69086,79288,6810,14,0
3288933,50155,12687,7690,18,2
3288966,63590,185852,5853,15,0
3289318,72544,59636,2142,21,2
3289319,23191,111807,6830,22,3
3289382,50923,47971,7972,21,2
3289510,74710,168135,5684,0,0
3289570,29515,10992,3494,12,2
3289638,33196,80810,5827,22,3
3289699,32689,178478,6030,1,1
3289702,66103,13636,8639,17,1
3289988,47942,175750,8268,19,3
3290081,24569,124352,1889,19,3
3290087,58781,22427,2428,13,4
3290246,47002,10768,5771,22,3
3290369,63592,122769,7794,23,3
3290464,43027,83136,8153,14,0
3290499,72649,163211,5728,18,2
3290532,35710,115525,8037,1,1
3290724,69409,144031,1574,13,4
3290913,41710,37144,9648,20,4
3290913,41710,111168,8702,20,4
3291076,32026,3968,1469,16,0
3291107,30949,199067,4106,12,2
3291269,31904,99464,9465,23,3
3291330,49076,90527,8055,20,4
3291649,31495,11229,3731,23,3
3291776,70466,34735,4736,12,2
3291846,23245,156919,9435,20,4
3291906,67801,150144,5175,12,2
3292070,31148,20502,3005,1,1
3292098,38086,101586,1587,24,1
3292167,71914,8232,8233,12,2
3292195,34291,39580,9581,0,0
3292644,41819,189646,2165,13,4
3292676,26800,50112,2618,21,2
3292711,52033,181463,6500,23,3
3292769,27917,4959,4960,22,3
3293025,60202,83730,3731,23,3
3293156,51208,151854,4370,19,3
3293637,38704,133291,3292,0,0
3293760,60920,143752,8781,16,0
3293889,32698,196248,3806,20,4
3294242,36046,168590,3623,24,1
3294436,26735,16787,6788,1,1
3294919,37403,156929,6930,13,4
3295077,19570,190422,5461,19,3
3295136,25190,191248,8806,18,2
3295201,32848,151658,6689,14,0
3295330,69410,176408,8926,24,1
3295362,22894,155231,7747,14,0
3295590,34654,120523,5548,21,2
3295620,45775,46261,8766,0,0
3295686,39160,31788,1789,20,4
3295748,68554,88683,6208,22,3
3295874,36859,38796,1300,23,3
3295974,74485,189005,4042,18,2
3296002,72806,34985,2495,13,4
3296198,69682,139267,6807,16,0
3296263,38180,16228,8730,22,3
3296293,52330,158119,5665,0,0
3296516,49246,63414,5921,17,1
3296677,60734,17074,2077,21,2
3296770,36016,16585,6586,22,3
3297120,54445,54162,4163,20,4
3297249,26893,73939,3940,24,1
3297281,45220,73805,6313,12,2
3297287,71639,29658,4663,15,0
3297543,51701,16493,1496,0,0
3297760,34264,11460,1461,12,2
3297957,63607,189030,1549,0,0
3297959,50002,164525,9558,22,3
3298080,67195,132416,4930,0,0
3298240,65822,179188,4223,19,3
3298244,44638,128210,3235,17,1
3298401,53050,73863,6371,23,3
3298468,24589,140134,2649,21,2
3298500,59227,16546,1549,0,0
3298659,39964,196153,6154,22,3
3298689,61654,61266,6279,23,3
3298882,48121,54369,4370,19,3
3298977,23228,139346,1860,18,2
3299109,73442,16801,9303,16,0
3299457,36209,82332,2333,22,3
3299617,40301,27011,7012,23,3
3299654,73466,26869,9372,16,0
3299840,47080,86108,8617,24,1
3300101,58126,22524,5027,0,0
3300353,25969,153810,1356,20,4
3300640,46976,199745,9746,15,0
3300679,19334,103807,3808,13,4
3300965,59434,104041,9062,14,0
3300966,37219,124650,7163,22,3
3301218,48634,98210,3229,17,1
3301316,66082,22575,7580,17,1
3301414,72269,186397,8916,18,2
3301447,46903,181253,3772,16,0
3301670,48089,170973,6008,19,3
3301761,68287,142042,2043,19,3
3301795,58865,73635,6143,16,0
3301799,66460,41482,6491,15,0
3301830,21455,197010,7011,16,0
3302087,74174,9797,2298,0,0
3302087,74174,52464,4970,0,0
3302311,23248,46625,6626,16,0
3302400,21679,186990,4545,13,4
3302467,58520,29293,6800,20,4
3302721,1286,150068,5099,12,2
3303042,64369,134888,4889,21,2
3303206,49897,2070,9571,17,1
3303621,73570,26238,8741,16,0
3303810,60449,170614,5649,20,4
3303840,22948,12804,7807,22,3
3303875,36160,91548,9076,19,3
3303937,44620,153198,5714,19,3
3303975,33800,73887,6395,12,2
3304033,62599,66264,3783,15,0
3304419,23752,37079,4589,16,0
3304450,24953,126873,4410,12,2
3304583,71722,56266,1277,0,0
3305062,41926,147286,9801,12,2
3305350,36292,132362,7389,19,3
3305504,63268,76122,6123,14,0
3305537,66854,17746,7747,14,0
3305537,66854,56791,9297,14,0
3305537,66854,184568,2123,14,0
3305605,32119,175166,2718,13,4
3305697,58921,115372,5373,19,3
3305958,52132,188742,8743,18,2
3305991,25400,122133,2134,14,0
3306049,26344,155849,8365,22,3
3306147,45337,97829,2848,22,3
3306210,58993,139640,7180,17,1
3306213,32674,77297,2312,20,4
3306240,28366,48899,6412,0,0
3306369,68107,6123,8624,17,1
3306535,54340,129388,9389,22,3
3307042,71723,75990,5991,13,4
3307044,52025,113873,8896,18,2
3307200,65947,115773,5774,20,4
3307461,41143,69908,2415,14,0
3307553,22463,9315,6816,0,0
3307815,20647,99267,9268,20,4
3307876,60952,179095,4130,14,0
3308198,44401,27086,4593,1,1
3308261,1504,39912,9913,0,0
3308323,67591,72048,2049,14,0
3308450,44266,41972,9485,19,3
3308608,43208,145793,3336,21,2
3308672,28198,24935,7438,16,0
3308677,1636,100562,5583,20,4
3308870,28951,179987,9988,0,0
3308999,67735,105553,5554,17,1
3309024,61648,99982,7510,1,1
3309316,68092,103916,3917,13,4
3309317,66833,127079,2104,16,0
3309478,50885,103557,8578,13,4
3309601,34807,167185,4734,0,0
3309696,19000,79210,4225,18,2
3309825,36301,47603,2612,1,1
3309889,44189,25437,2944,24,1
3310149,64207,157917,5463,16,0
3310466,57379,157315,4861,22,3
3310689,58292,88793,8794,12,2
3310690,56686,14870,9873,19,3
3310788,47044,103051,8072,1,1
3310788,47044,193320,3321,1,1
3310886,51602,117583,2606,19,3
3311073,55388,8812,8813,19,3
3311073,55388,92645,2646,19,3
3311077,30004,156487,1518,23,3
3311111,56062,98148,8149,23,3
3311137,27521,8074,5575,21,2
3311367,40285,6586,4087,12,2
3311396,32239,142838,7867,1,1
3311429,26794,54673,2189,24,1
3311587,21032,125434,5435,20,4
3311616,49661,77383,9891,20,4
3311617,43588,149972,2487,19,3
3311655,55156,112290,4802,12,2
3311681,48611,167110,7111,12,2
3311719,58988,8464,8465,14,0
3311840,37738,176632,9150,14,0
3311972,35419,67702,7703,24,1
3312422,39431,84548,4549,12,2
3312547,49961,60237,7756,19,3
3312641,69146,58641,6157,17,1
3312641,69146,144453,4454,17,1
3312678,23420,25538,3045,19,3
3312705,69553,150620,8166,19,3
3312805,65375,66815,4334,13,4
3312962,70849,183905,8942,18,2
3313024,31442,118645,6179,12,2
3313444,68773,128091,5628,1,1
3313444,68773,134761,4762,1,1
3313957,33995,2583,2584,19,3
3314019,39961,191290,6329,12,2
3314087,69409,64027,4028,13,4
3314119,61492,176818,4370,19,3
3314146,34765,26163,6164,23,3
3314533,19999,12846,7849,23,3
3314624,53434,53917,8928,15,0
3314753,48154,157347,2378,16,0
3314759,55582,120931,3444,19,3
3314882,29129,89199,9200,20,4
3315010,33241,180269,2788,17,1
3315302,43405,156949,1980,17,1
3315333,26359,194231,1789,20,4
3315362,27856,93147,3148,13,4
3315491,52750,74516,2038,14,0
3315558,50083,19575,2077,21,2
3315619,51136,42712,7721,22,3
3315619,51136,144512,2055,22,3
3315654,69787,3082,5583,20,4
3315715,70402,11191,6194,14,0
3315810,32137,166892,1925,20,4
3315842,38666,192177,9735,15,0
3315941,28985,83654,3655,24,1
3316007,29522,167189,2222,14,0
3316068,71335,23817,3818,21,2
3316068,71335,184374,4375,21,2
3316258,22060,86223,8732,24,1
3316581,42592,84490,6999,20,4
3316676,41933,121983,1984,24,1
3316676,41933,140784,3299,24,1
3316708,30250,44485,4486,21,2
3316864,43936,27243,9746,15,0
3316928,61171,51813,6824,20,4
3316961,50680,170855,8407,16,0
3316962,64831,72832,5340,17,1
3317028,39026,80459,2968,19,3
3317093,40096,36303,1310,24,1
3317344,71030,89748,7273,1,1
3317474,42988,163909,1458,24,1
3317504,29120,124106,9131,21,2
3317510,59701,62947,5454,16,0
3317510,59701,101844,9375,16,0
3317731,49145,58795,6311,22,3
3317958,48350,10856,8360,23,3
3318053,29287,134617,7131,20,4
3318144,52078,163728,3729,24,1
3318343,39160,23089,8094,20,4
3318465,45376,103724,3725,12,2
3318469,60859,73115,8130,15,0
3318823,38296,154415,6931,13,4
3318851,71908,99968,9969,12,2
3319044,65440,126959,1984,24,1
3319271,26482,1750,6751,18,2
3319525,69547,42307,7316,15,0
3319715,53599,91448,6467,22,3
3319715,53599,162503,5020,22,3
3320035,48764,199625,9626,21,2
3320071,60673,48638,3647,0,0
3320132,43795,86729,6730,21,2
3320162,61423,63787,6294,13,4
3320352,36064,143010,3011,21,2
3320420,52100,125689,3226,15,0
3320514,34417,173243,5761,15,0
3320644,52001,56,2557,19,3
3320741,36814,109438,6969,18,2
3320897,50155,126656,4193,18,2
3321221,34138,109796,7327,12,2
3321511,50533,31893,4397,13,4
3321634,70358,117974,2997,15,0
3321729,56611,6286,1287,0,0
3321729,56611,199453,1973,0,0
3321858,47212,42778,7787,12,2
3321858,47212,84337,1862,12,2
3322304,70342,39007,1511,20,4
3322403,31033,96812,1831,14,0
3322722,42781,195873,3431,22,3
3322852,39025,173125,3126,24,1
3322853,68050,40416,2921,0,0
3323011,44198,66788,1801,13,4
3323014,69865,33302,8309,21,2
3323140,62701,10001,5004,20,4
3323168,19691,78483,3498,22,3
3323300,52789,103669,3670,19,3
3323458,69083,34240,9247,21,2
3323458,69083,41942,6951,21,2
3323460,47486,166159,6160,16,0
3323490,23371,453,5454,16,0
3323558,35104,80517,5534,19,3
3323584,72694,166616,9133,17,1
3323747,38701,80454,5471,19,3
3323808,41375,82413,7430,24,1
3323846,32797,42517,7526,13,4
3324070,57772,149967,2482,18,2
3324517,39917,154229,9260,23,3
3324675,35941,134465,2005,20,4
3324960,47095,95277,7787,12,2
3324999,27532,158105,8106,13,4
3325120,40315,6775,4276,16,0
3325122,25264,167027,9544,17,1
3325249,39857,137377,4917,17,1
3325282,43432,70449,2957,1,1
3325315,47294,108643,3664,18,2
3325348,24952,124404,4405,0,0
3325701,40438,124977,7490,23,3
3325703,42395,164027,4028,13,4
3325888,64678,9715,2216,12,2
3325990,65498,29748,9749,23,3
3326310,25748,44315,4316,17,1
3326404,26431,94963,9982,15,0
3326503,48653,113414,5926,21,2
3327014,64702,61497,9016,22,3
3327014,64702,148716,8717,22,3
3327015,70310,151556,9102,16,0
3327269,38275,89731,9732,0,0
3327746,55345,172890,2891,20,4
3327970,66995,139836,9837,16,0
3328101,59080,99007,9008,15,0
3328161,41338,77536,5058,17,1
3328161,41338,135906,8420,17,1
3328352,72509,100141,7672,15,0
3328768,47369,151646,1647,1,1
3328774,65431,124965,7478,23,3
3329094,38795,80845,3354,16,0
3329218,29021,162177,9726,17,1
3329440,72778,58035,3046,17,1
3329671,47884,144797,4798,1,1
3329703,71645,131889,1890,12,2
3329703,71645,173226,5744,12,2
3329831,47191,42801,7810,20,4
3329859,48653,94293,1821,21,2
3330117,67142,93904,8923,19,3
3330180,38198,77118,2133,23,3
3330182,62917,118009,8010,13,4
3330310,44950,172307,2308,17,1
3330339,49463,165649,8166,19,3
3330498,47144,144848,2391,17,1
3330561,49288,66627,1640,13,4
3330561,49288,160566,5599,13,4
3330722,66077,155287,5288,16,0
3330855,24104,167071,4620,0,0
3330887,51631,82952,2953,16,0
3331175,32218,13299,5801,13,4
3331302,27893,189250,1769,13,4
3331392,48250,51535,9051,18,2
3331488,37531,49900,4909,1,1
3331590,31306,111106,3618,20,4
3331842,55984,24756,2263,18,2
3331936,22384,140808,3323,19,3
3332195,60178,58305,5821,12,2
3332230,22801,166180,3729,24,1
3332391,1621,139562,4589,16,0
3332966,58861,136306,3846,21,2
3332993,30211,40677,3182,22,3
3332997,1256,165068,5069,15,0
3333031,62842,12815,5317,21,2
3333217,28651,79389,1897,24,1
3333382,55294,138356,3383,13,4
3333633,62695,123560,6073,15,0
3333795,57421,164223,1772,14,0
3333988,71704,89367,9368,13,4
3334407,57856,74349,1871,13,4
3334438,72803,89313,4330,18,2
3334561,61699,19622,7126,1,1
3334562,18941,173014,8049,24,1
3334592,51427,67508,5027,0,0
3334725,33863,102583,5094,0,0
3334758,31901,7604,2605,15,0
3335910,73055,91172,6191,14,0
3335968,38449,168624,3657,17,1
3336096,49714,172820,7855,18,2
3336162,53126,111131,6154,22,3
3336256,31106,174730,9765,23,3
3336354,53677,153232,5748,23,3
3336420,25915,169957,2474,0,0
3336580,27526,145527,5528,12,2
3336608,51469,189488,4525,18,2
3336677,70399,118872,3895,24,1
3336705,64421,93101,8120,24,1
3336839,68680,24497,7000,19,3
3336929,71653,142457,2458,0,0
3336934,62701,9424,1925,20,4
3337156,22361,152410,4926,17,1
3337218,65456,138753,6293,18,2
3337316,34724,12968,2969,23,3
3337601,64256,87140,9649,15,0
3337730,37808,70339,2847,22,3
3337767,61996,11907,9411,18,2
3337957,57008,41480,8993,12,2
3337958,67243,134776,7290,20,4
3337959,38398,83956,3957,15,0
3337986,48527,157753,7754,16,0
3338085,50320,31979,1980,17,1
3338085,50320,131041,8581,17,1
3338180,62743,139280,4307,12,2
3338305,57418,195429,7949,22,3
3338306,45137,97440,7441,20,4
3338470,48325,135253,2793,18,2
3338503,37843,43076,3077,12,2
3338662,33922,38462,5972,1,1
3338662,33922,57077,4593,1,1
3338854,25417,125191,2728,24,1
3338885,74405,101173,8704,21,2
3338912,61078,40183,2688,15,0
3338980,46582,164410,1959,17,1
3339014,68971,163195,5712,24,1
3339073,28909,155372,5373,19,3
3339202,30395,6016,6017,15,0
3339238,40459,139547,7087,15,0
3339299,55075,199645,4684,24,1
3339525,62237,128257,5794,13,4
3339584,33412,47416,7417,20,4
3339714,47504,91255,8783,14,0
3339937,65531,180793,8348,23,3
3339940,23245,131355,1356,20,4
3340195,1516,188226,3263,14,0
3340226,67762,116469,4003,21,2
3340419,67633,79160,6682,20,4
3340581,21754,158269,3300,13,4
3340708,25643,60897,8416,0,0
3340737,37132,149589,9590,15,0
3340804,35098,95610,3138,14,0
3340995,62872,20530,3033,13,4
3341219,41542,11839,4341,21,2
3341223,63955,30007,7517,20,4
3341697,38770,48287,5800,0,0
3341889,72146,107314,2335,24,1
3341923,28003,14321,6823,13,4
3341923,28003,76680,1695,13,4
3342183,68404,124869,2406,24,1
3342370,39071,57793,2804,16,0
3342531,29537,67507,7508,15,0
3342562,25322,126203,8716,12,2
3342563,22114,84434,1959,17,1
3342563,22114,170487,5522,17,1
3342658,23732,50551,5562,22,3
3342689,36454,49575,9576,12,2
3342818,52207,97248,9758,20,4
3342917,39806,49127,1632,14,0
3343107,51892,114525,9548,14,0
3343168,24220,144193,4194,13,4
3343492,37769,76098,3620,14,0
3343713,24707,174173,6691,24,1
3343943,64840,61114,6127,1,1
3344064,32116,42752,2753,13,4
3344101,51793,14725,2229,22,3
3344134,47800,156096,8612,24,1
3344293,42037,8653,6154,22,3
3345184,48454,160722,8271,13,4
3345251,66649,51464,3970,13,4
3345251,66649,97397,2416,13,4
3345283,64378,155933,3479,15,0
3345346,46223,167843,5392,0,0
3345475,43706,83076,3077,12,2
3345477,36818,57163,4679,16,0
3345766,27473,90156,5175,12,2
3345767,24401,116221,3755,24,1
3346048,69290,117914,5448,13,4
3346081,32008,23990,8995,23,3
3346118,38567,79915,4930,0,0
3346599,52981,138494,8495,21,2
3346821,27553,197,7698,1,1
3346980,47785,181324,3843,0,0
3347366,60514,99995,5014,1,1
3347395,24133,83590,8607,22,3
3347525,36598,95823,8333,20,4
3347558,25534,41658,6667,20,4
3347683,72470,121803,9340,14,0
3347782,25526,83359,8376,20,4
3347809,62750,179277,6829,19,3
3347877,72056,44426,6931,13,4
3348129,54049,148542,3571,24,1
3348165,26962,104551,2082,16,0
3348165,26962,125633,3170,16,0
3348261,65599,40832,3337,15,0
3348294,36334,11915,1916,20,4
3348294,36334,131614,1615,20,4
3348546,21622,68023,8024,13,4
3348576,46684,64,2565,16,0
3349124,28661,75788,3310,23,3
3349410,65794,151021,8567,19,3
3350020,28036,32077,7084,21,2
3350020,28036,72091,4599,21,2
3350020,28036,83684,3685,21,2
3350118,56419,162519,2520,21,2
3350208,62929,90663,3173,15,0
3350432,32776,173144,5662,20,4
3350562,42764,81783,9308,18,2
3350631,33820,137555,5095,17,1
3350756,54397,97218,2237,14,0
3350821,53504,17736,2739,22,3
3351143,29761,192104,4624,17,1
3351168,62887,81477,3986,0,0
3351266,65312,55057,2573,13,4
3351331,27913,91095,3605,22,3
3351392,46261,46954,6955,12,2
3351427,65917,119854,2366,14,0
3351456,57070,32177,9687,24,1
3351456,57070,184964,4965,24,1
3351492,19573,182335,7372,23,3
3351523,58423,56377,6378,20,4
3351523,58423,195359,2917,20,4
3351648,49528,172334,9886,16,0
3351719,19021,166962,4511,15,0
3352385,53815,54959,4960,22,3
3352481,63686,111883,9417,16,0
3352736,19454,2856,5357,13,4
3352902,24823,141103,3618,20,4
3353058,43337,157509,2540,20,4
3353120,21892,121895,6920,23,3
3353217,69601,100589,3100,14,0
3353223,63235,4711,9712,13,4
3353223,63235,192710,5230,13,4
3353285,74080,14622,4623,19,3
3353286,31891,179783,9784,16,0
3353347,69491,47538,7539,18,2
3353410,52781,37668,7669,23,3
3353410,52781,144184,6699,23,3
3353476,27626,26974,9477,16,0
3353665,71797,32075,7082,18,2
3354245,19868,179065,1583,14,0
3354629,55357,63717,3718,0,0
3354693,62132,10860,8364,17,1
3354785,41875,3193,8194,22,3
3354848,24416,7487,9988,0,0
3354848,24416,27477,9980,0,0
3354852,40087,13836,8839,12,2
3354947,22277,120252,2765,0,0
3355489,29602,38381,5891,15,0
3355654,70228,52475,9991,13,4
3355715,43417,141442,1443,15,0
3355841,26708,14048,9051,18,2
3355847,39463,59660,4671,21,2
3356070,73027,11314,1315,13,4
3356071,55579,195726,5727,0,0
3356132,38854,122246,2247,18,2
3356230,39667,127372,4909,1,1
3356231,64295,54838,2354,14,0
3356391,55252,119359,1871,13,4
3356484,32800,157201,7202,14,0
3356513,73810,127818,2843,1,1
3357062,54742,161978,7011,16,0
3357090,55697,124034,6547,20,4
3357154,31364,154394,6910,19,3
3357255,26824,82762,2763,13,4
3357347,64027,83482,8499,12,2
3357415,66847,122849,5362,21,2
3357569,25927,97033,2052,1,1
3357856,47449,17200,7201,16,0
3358022,37999,87227,9736,1,1
3358596,71965,35492,3002,23,3
3358660,32440,61770,6783,1,1
3358755,74158,61593,4100,20,4
3359014,32326,112518,7541,22,3
3359174,72563,51853,4359,1,1
3359238,52906,34415,1925,20,4
3359425,56224,111573,1574,13,4
3359431,67318,171561,1562,14,0
3359748,35141,128264,5801,13,4
3359749,58937,171595,4113,19,3
3360103,57850,13471,8474,19,3
3360134,52381,106524,4055,12,2
3360198,37004,14551,9554,17,1
3360352,65062,146351,1380,17,1
3360359,21323,7138,9639,16,0
3360547,30058,181885,6922,0,0
3360771,42983,62760,5267,14,0
3360832,20728,114771,2305,23,3
3360839,41669,184117,4118,23,3
3360896,61211,122666,2667,18,2
3360898,20297,66723,9230,18,2
3361025,37547,20033,2536,23,3
3361095,49849,188890,3927,23,3
3361254,41593,23577,8582,21,2
3361478,41878,82056,9581,0,0
3361952,54907,182042,4561,15,0
3362213,29662,199213,4252,1,1
3362244,59590,42922,7931,1,1
3362274,66481,61301,3808,13,4
3362560,65458,187099,4654,0,0
3362631,43904,134765,2305,23,3
3362947,34159,120810,3323,19,3
3362948,48553,19607,7111,12,2
3362981,47236,25468,5469,20,4
3363238,51280,40649,3154,0,0
3363270,65065,71363,1364,14,0
3363457,25538,67307,9814,19,3
3363553,59329,186620,9139,16,0
3363684,35968,143166,3167,22,3
3363686,19900,136369,1396,13,4
3363877,42508,44359,9368,13,4
3363937,24580,194250,4251,16,0
3364385,22720,84455,4456,16,0
3364451,43099,114553,9576,12,2
3364517,23206,14006,4007,21,2
3364835,38582,76944,1959,17,1
3364870,51643,105876,5877,13,4
3364961,48011,11223,6226,21,2
3364967,46627,26101,6102,1,1
3365059,52747,47222,9727,20,4
3365190,67970,75155,5156,14,0
3365250,43531,133494,6008,19,3
3365282,22384,47498,7499,19,3
3365445,57583,24601,9606,12,2
3365637,46127,90717,8245,14,0
3365761,69064,34960,7464,0,0
3365797,73969,70898,5913,13,4
3365859,61417,71697,6712,15,0
3365859,61417,151442,1443,15,0
3366305,38530,189695,7250,21,2
3366561,67681,188753,8754,20,4
3366630,42526,108300,8301,20,4
3366885,60277,199836,2356,19,3
3366983,20372,188656,8657,12,2
3367108,52969,105062,5063,24,1
3367265,39025,934,5935,24,1
3367265,39025,183575,8612,24,1
3367331,34552,24678,9683,16,0
3367360,1585,142335,2336,22,3
3367364,57481,32226,9736,1,1
3367586,44386,116278,1301,21,2
3367783,57025,38950,3957,15,0
3367814,59141,194117,4118,23,3
3367872,43553,126335,1360,1,1
3369060,27532,70756,8278,13,4
3369091,54791,105291,7802,22,3
3369222,35684,104036,9057,12,2
3369223,24769,164818,7335,16,0
3369440,74563,39356,6866,22,3
3369665,34418,9747,7248,18,2
3369668,46606,70199,7721,22,3
3369670,25927,199626,7184,1,1
3369926,22669,39459,1963,16,0
3370118,40601,186172,6173,21,2
3370146,49990,194346,6866,22,3
3370307,29779,141042,3557,16,0
3370497,50533,51421,8937,13,4
3370501,33226,48960,6473,22,3
3370501,33226,77892,5414,22,3
3370566,57505,26481,3988,24,1
3370566,57505,65114,5115,24,1
3370627,26506,25524,5525,14,0
3370944,47437,8195,8196,15,0
3371205,29464,128777,6314,0,0
3371302,63845,48444,8445,15,0
3371394,38647,13019,5521,1,1
3371523,56183,74339,6847,13,4
3371584,26557,99466,4485,23,3
3372358,1520,51388,1389,24,1
3372640,70795,117968,5502,17,1
3372644,40081,177470,2505,15,0
3373056,50368,135100,5101,16,0
3373254,70862,41684,4189,1,1
3373254,70862,127027,2052,1,1
3373346,59267,67003,7004,16,0
3373638,70997,121734,1735,12,2
3373669,50242,134688,2228,16,0
3373669,50242,160287,2804,16,0
3373798,64288,104674,9695,17,1
3373826,29428,180902,5939,18,2
3374083,26048,13972,1476,21,2
3374247,37874,23258,5761,15,0
3374404,63995,113000,3001,24,1
3374496,72793,135609,5610,22,3
3374530,65561,158127,8128,14,0
3374565,19744,158938,3969,16,0
3374592,27586,186773,6774,18,2
3374630,45278,77799,2814,20,4
3374887,60667,190380,5419,17,1
3375014,59536,128925,6462,23,3
3375079,57400,121413,6438,18,2
3375104,55165,127117,4654,0,0
3375138,69488,124564,2101,18,2
3375204,74443,66096,6097,12,2
3375266,43936,104242,4243,15,0
3375457,72515,154531,4532,19,3
3375463,38018,184137,6656,18,2
3375490,70226,180243,2762,1,1
3375589,43843,104560,7071,15,0
3375748,45842,197747,7748,19,3
3375777,74702,73351,3352,19,3
3375812,37267,127846,7847,20,4
3375844,33784,5750,5751,22,3
3376037,26746,176331,1366,23,3
3376132,42154,189615,7170,21,2
3376355,67534,150292,2808,1,1
3376801,36124,23613,3614,23,3
3376838,32590,183814,1369,14,0
3376929,20443,158239,5785,14,0
3376992,52661,42136,7145,22,3
3377125,67570,195018,7538,16,0
3377185,51685,111777,6800,20,4
3377795,66565,134318,4319,13,4
3377955,57040,14628,2132,12,2
3378016,41827,159686,4717,21,2
3378112,23743,143698,8727,22,3
3378337,31846,41789,6798,16,0
3378338,29800,174324,1876,18,2
3378503,47335,122622,7647,19,3
3378659,27937,113074,5586,17,1
3378784,74060,74510,9525,14,0
3378786,40084,13109,5611,24,1
3378789,59599,121453,3966,19,3
3379010,31079,117288,7289,14,0
3379047,49085,72811,5319,20,4
3379297,20056,112365,2366,14,0
3379364,69182,147595,5138,17,1
3379397,50290,33413,8420,17,1
3379461,19262,169000,6549,16,0
3379492,35023,56145,6146,15,0
3379555,25987,37078,7079,16,0
3379650,60079,93210,3211,24,1
3379745,68749,37050,7051,12,2
3379747,68608,52072,9588,19,3
3379748,24878,171461,3979,19,3
3379751,35903,147197,7198,12,2
3379777,44983,167533,7534,14,0
3380039,59857,114654,7166,22,3
3380066,68986,77103,4625,20,4
3380160,54188,11968,1969,0,0
3380160,54188,121547,9084,0,0
3380320,38249,9967,9968,17,1
3380324,48568,112009,9543,20,4
3380418,66058,107478,7479,23,3
3380448,41197,138595,8596,18,2
3380454,69452,79523,2031,13,4
3380707,36434,28161,8162,21,2
3380903,31663,2330,4831,20,4
3380903,31663,46656,4169,20,4
3381123,60452,124024,6537,20,4
3381123,60452,195290,7810,20,4
3381127,69598,107796,7797,13,4
3381216,50491,93930,1458,24,1
3381216,50491,171503,1504,24,1
3381219,59234,156750,1781,14,0
3381249,46079,26567,1572,20,4
3381249,46079,95755,3283,20,4
3381249,46079,121642,9179,20,4
3381349,21365,21534,9041,0,0
3381412,67156,9290,4291,19,3
3381604,60302,63779,1298,16,0
3382054,50017,37736,7737,17,1
3382145,34732,71168,6183,22,3
3382215,41326,59582,4593,1,1
3382500,46702,139695,7235,24,1
3382852,51430,3986,6487,12,2
3383431,33734,32547,5051,22,3
3383458,73705,50452,5463,16,0
3383654,20072,64390,4391,21,2
3383713,20767,184730,7249,15,0
3383779,36572,35013,5014,1,1
3383781,53794,32129,4633,24,1
3383782,32804,137080,2107,1,1
3383813,64852,60504,8023,1,1
3383906,59419,158756,8757,23,3
3383939,56413,195267,5268,18,2
3383941,51146,3257,3258,19,3
3384358,40892,35017,2527,13,4
3384806,51259,189687,4724,18,2
3384965,58850,111216,6239,23,3
3385095,50722,199080,4119,16,0
3385156,49633,190289,5328,1,1
3385222,40490,44562,2075,24,1
3385570,38756,42412,2413,14,0
3385633,28787,71481,9003,18,2
3385668,36734,111645,1646,23,3
3386082,19975,26048,3555,21,2
3386247,37378,48658,8659,15,0
3386370,37615,176710,6711,12,2
3386531,24503,186621,4176,17,1
3386630,67649,176600,6601,16,0
3386692,42830,18542,8543,21,2
3386821,56951,119477,7011,16,0
3386851,55027,152612,5128,16,0
3387207,23599,10533,8037,1,1
3387330,26588,117406,9918,24,1
3387463,50111,146736,6737,20,4
3387520,64714,180009,2528,12,2
3387584,34673,140782,5811,19,3
3387682,42101,66497,4016,22,3
3387847,44605,131031,8571,19,3
3387911,30694,159052,6598,20,4
3387972,63106,21152,3655,24,1
3388007,32951,78249,5771,22,3
3388486,22114,28007,8008,17,1
3388486,22114,165398,5399,17,1
3388711,52487,58239,3250,24,1
3388800,49747,56518,6519,19,3
3388930,40726,64794,4795,19,3
3388931,29122,28995,4000,24,1
3389025,62329,167254,9771,24,1
3389189,54851,146816,4359,1,1
3389312,28079,102350,4861,22,3
3389440,71953,112494,5006,1,1
3389543,64115,150013,5044,14,0
3389703,61573,121258,3771,0,0
3390112,53854,3031,5532,1,1
3390211,20845,146226,8741,16,0
3390533,61765,115358,5359,23,3
3390693,54511,144,2645,12,2
3390820,64618,3019,5520,22,3
3390823,61876,28405,8406,22,3
3390882,70729,186756,4311,22,3
3391170,22166,54072,6578,24,1
3391296,65440,121705,4218,24,1
3391811,20309,1101,8602,15,0
3391812,69454,143758,1301,21,2
3391904,28139,169882,2399,15,0
3392130,41062,123880,6393,1,1
3392163,65848,39915,7425,19,3
3392356,71542,169690,4723,23,3
3392416,48157,146135,6136,19,3
3392481,32612,40108,2613,15,0
3392481,32612,167974,3007,15,0
3392640,28942,17424,7425,19,3
3392865,53105,50385,7901,13,4
3392901,46726,19012,9013,19,3
3392997,51229,81160,3669,23,3
3393028,60172,196287,6288,24,1
3393090,36481,230,2731,19,3
3393154,51283,48542,3551,18,2
3393157,66377,157663,5209,19,3
3393377,46465,192531,5051,22,3
3393504,34597,76014,8522,22,3
3393506,73063,33598,3599,16,0
3393506,73063,66937,4456,16,0
3393798,50551,34724,7228,20,4
3393893,58342,175460,5461,19,3
3393959,29951,126777,1802,13,4
3394080,36026,47513,7514,17,1
3394178,72079,111051,3563,18,2
3394305,62158,56494,4010,12,2
3394310,24694,119528,9529,22,3
3394337,67879,32031,9541,19,3
3394566,23542,169624,4657,21,2
3394656,70237,54988,7494,20,4
3394977,66001,33430,5934,19,3
3395073,37243,172019,7054,20,4
3395075,27896,146096,8611,15,0
3395107,50296,114824,2358,22,3
3395428,41993,128352,5889,1,1
3395586,28400,194563,7083,18,2
3395749,68786,172918,2919,17,1
3395808,52055,39923,4930,0,0
3395843,32705,105568,5569,18,2
3396261,47402,68222,8223,1,1
3396262,33653,177878,5430,17,1
3396290,31897,154355,1901,24,1
3396324,66358,144839,4840,20,4
3396391,30781,148309,8310,20,4
3396419,64174,22399,7404,17,1
3396423,66721,51167,3673,24,1
3396480,40853,46954,1963,16,0
3396704,36586,94009,9028,14,0
3396805,61849,196117,3675,20,4
3396899,50011,169569,2086,23,3
3396932,72230,48600,8601,18,2
3397254,65587,191129,3649,24,1
3397413,28921,133103,5617,24,1
3397444,58999,23371,3372,20,4
3397504,32686,177452,5004,20,4
3397604,60770,16543,4047,0,0
3397698,43354,63778,8791,15,0
3397762,61366,70012,5027,0,0
3397765,59623,119736,7270,21,2
3397799,62368,29041,4046,18,2
3397826,30686,148268,5811,19,3
3397890,31994,78924,1432,21,2
3398179,26192,66442,1455,12,2
3398275,70231,197671,2710,0,0
3398307,61609,26247,1252,18,2
3398819,31709,113517,6029,1,1
3398854,30434,62282,7295,19,3
3398915,73003,125608,5609,23,3
3398948,47479,31591,1592,0,0
3399076,19807,36707,6708,16,0
3399111,68666,4860,9861,20,4
3399111,68666,99969,7497,20,4
3399233,29476,141849,9392,21,2
3399271,37759,56702,6703,23,3
3399364,70676,45939,5940,21,2
3399424,56845,96249,8759,22,3
3399459,64387,147976,3005,1,1
3399526,31538,108972,8973,22,3
3399526,31538,114633,7145,22,3
3399591,62360,38074,8075,14,0
3399616,22435,130625,8165,17,1
3399745,44141,154495,7011,16,0
3399875,50702,177622,7623,0,0
3399909,23926,88449,8450,24,1
3400000,63541,90707,8235,21,2
3400135,41657,193174,5694,22,3
3400289,33805,102580,2581,14,0
3400322,64075,77532,7533,18,2
3400358,23866,21480,1481,21,2
3400416,22967,118953,6487,12,2
3400516,64348,156900,6901,0,0
3400516,64348,182257,2258,0,0
3400519,30796,49685,4694,16,0
3400672,55579,127305,9818,0,0
3400966,59419,119095,4118,23,3
3401026,71459,3792,6293,18,2
3401095,62095,76508,4030,14,0
3401159,56842,61183,3690,12,2
3401221,34741,32763,5267,14,0
3401319,61079,62464,4971,24,1
3401479,26854,120560,8097,22,3
3401697,29359,29747,2250,1,1
3401697,29359,89588,4605,1,1
3401955,57223,191490,1491,21,2
3402018,22159,6507,9008,15,0
3402181,24200,91484,9012,19,3
3402215,24400,196542,9062,14,0
3402374,29759,174440,1992,14,0
3402534,45548,166549,9066,1,1
3402599,42247,154617,9648,20,4
3402853,38909,19097,6601,16,0
3402945,71107,94658,9677,17,1
3402945,71107,102515,5026,17,1
3403139,28259,59104,1610,18,2
3403269,64052,100587,8118,22,3
3403623,31972,184031,1586,18,2
3403648,47602,172553,5071,12,2
3403750,61087,128346,5883,1,1
3403751,72079,106806,9317,18,2
3403873,32591,79416,4431,18,2
3403971,66608,140267,7810,20,4
3404037,53992,188717,6272,19,3
3404096,64357,141532,1533,1,1
3404131,59113,131043,3557,16,0
3404133,44725,115536,8048,13,4
3404192,51613,182297,4816,13,4
3404227,28148,34743,7247,17,1
3404261,50894,20754,8261,13,4
3404450,38335,156698,9214,24,1
3404512,55774,8606,8607,22,3
3404512,55774,145493,5494,22,3
3404641,26429,43690,6195,0,0
3404646,71758,134610,4611,23,3
3404770,68425,94239,4240,15,0
3404804,28888,93151,8170,19,3
3404898,71956,191750,4270,13,4
3405155,25924,82831,2832,13,4
3405607,60521,112307,7330,17,1
3405767,62329,104065,9086,24,1
3406055,30110,13217,5719,15,0
3406084,69631,29336,4341,21,2
3406432,37253,144949,7464,0,0
3406439,38800,105512,3043,16,0
3406917,40615,72608,7623,0,0
3406917,40615,90558,8086,0,0
3407203,1486,78239,8240,24,1
3407233,1375,186264,8783,14,0
3407236,61669,191622,9180,23,3
3407270,24829,126969,9482,14,0
3407586,43882,23052,8057,24,1
3407620,69463,175514,8032,16,0
3407687,64501,29834,2337,17,1
3407718,56893,70434,5449,21,2
3407970,21094,115330,2864,17,1
3408102,52381,104355,1886,12,2
3408167,40261,175874,3426,1,1
3408192,1637,107830,5361,15,0
3408583,20108,97838,2857,21,2
3408965,43657,29394,1897,24,1
3408992,66467,141959,1960,20,4
3408998,39010,143664,6179,12,2
3409093,53120,166442,1475,17,1
3409152,49030,159476,1992,14,0
3409632,69283,85260,7769,19,3
3409666,46288,71881,1882,21,2
3409668,50641,85241,7750,18,2
3409795,23581,181247,6284,14,0
3409889,38666,113657,3658,15,0
3410279,30896,160444,7993,0,0
3410279,30896,167472,5021,0,0
3410308,49406,60949,5962,14,0
3410406,51259,62067,2068,18,2
3410854,29596,6920,9421,15,0
3410854,29596,84987,7496,15,0
3410881,50147,74156,9171,12,2
3410881,50147,157799,7800,12,2
3411520,46520,46740,9245,15,0
3411553,70624,118489,3512,1,1
3411587,62167,197758,5316,20,4
3411622,70969,42231,4736,12,2
3411909,33716,178734,6286,22,3
3412102,42943,49381,9382,18,2
3412327,61006,126665,9178,23,3
3412352,50281,573,8074,15,0
3412358,23704,8863,8864,16,0
3412387,31516,170856,8408,19,3
3412707,65678,84446,9463,15,0
3412900,64412,6371,1372,22,3
3413062,28654,110048,5071,12,2
3413063,63491,188385,5940,21,2
3413126,21157,171747,1748,19,3
3413287,35419,103858,1389,24,1
3413312,58456,108118,5649,20,4
3413602,51208,19690,7194,19,3
3413924,59939,16634,4138,17,1
3413987,59161,15076,7578,19,3
3414016,50755,95468,5469,20,4
3414082,1433,156935,4481,17,1
3414405,65323,150968,5999,0,0
3414471,41273,87277,4802,12,2
3414532,30191,75037,5038,24,1
3414567,1204,10599,3101,20,4
3414597,21938,26425,3932,23,3
3414597,21938,123857,1394,23,3
3414884,25027,61283,1284,16,0
3414916,47983,53591,8602,15,0
3414945,31547,9398,6899,14,0
3415074,47855,158597,8598,14,0
3415171,41315,193180,3181,14,0
3415298,43795,65676,5677,21,2
3415366,71446,38891,6401,1,1
3415428,42269,124858,9883,23,3
3415552,66740,142068,7097,14,0
3415558,39050,109807,4828,14,0
3415712,34888,157446,9962,18,2
3415712,34888,180011,7566,18,2
3415715,65914,146288,3831,17,1
3415716,43270,160947,5980,19,3
3415810,35629,7646,7647,19,3
3415877,41848,5147,7648,18,2
3416035,1297,84995,2520,21,2
3416228,55358,54494,7000,19,3
3416228,55358,72670,2671,19,3
3416386,45377,188109,8110,13,4
3416518,69382,54876,2392,22,3
3416518,69382,186698,4253,22,3
3416614,74731,104962,2493,1,1
3416674,22015,16930,1933,22,3
3416677,1267,87398,4923,24,1
3416774,1613,166361,8878,19,3
3416965,69398,137420,7421,19,3
3417058,50182,144291,6806,16,0
3417350,51995,150488,5519,12,2
3417473,26488,31262,3766,24,1
3417473,26488,65306,2825,24,1
3417536,61360,29974,9975,17,1
3417568,61988,87530,2547,1,1
3417633,20329,26040,8543,21,2
3417760,45373,50638,3144,0,0
3417831,66038,73253,8268,19,3
3417953,36184,171894,6929,23,3
3418054,70273,92544,5054,1,1
3418114,30859,16543,9045,18,2
3418273,64702,125059,7572,22,3
3418279,33344,118759,8760,19,3
3418529,44626,144396,6911,0,0
3418530,19717,76650,1665,20,4
3418688,32648,65511,8018,21,2
3418759,64502,96957,4485,23,3
3418848,69154,34616,2126,14,0
3418848,69154,172657,7692,14,0
3418914,25553,167648,2681,18,2
3418948,62545,48743,3752,19,3
3419111,69532,130410,7950,20,4
3419111,69532,136681,6682,20,4
3419172,21770,54444,9455,21,2
3419204,28556,122425,9962,18,2
3419204,28556,126913,6914,18,2
3419236,29419,105620,3151,17,1
3419303,64711,156116,6117,15,0
3419428,28735,66773,6774,18,2
3419776,36472,90151,5170,17,1
3420033,49480,89599,2108,15,0
3420164,50185,48020,5533,16,0
3420262,33169,166113,8630,1,1
3420356,67576,80823,8348,23,3
3420421,64045,174792,9827,23,3
3420547,50434,90438,2948,16,0
3420547,50434,169995,7544,16,0
3420645,29908,17041,2044,12,2
3421185,19597,4715,7216,16,0
3421220,58084,12910,5412,14,0
3421249,32647,125042,7555,18,2
3421446,18952,135513,8027,24,1
3421792,26645,66250,8757,23,3
3421856,41146,80047,2556,21,2
3421958,44008,6341,3842,23,3
3422176,21553,135815,8329,0,0
3422279,22291,114333,6845,16,0
3422499,24301,183126,5645,22,3
3422535,30434,10744,5747,19,3
3422565,45329,52677,7688,23,3
3422593,63851,53994,6500,23,3
3422754,35330,34255,1765,19,3
3422757,59230,8892,1393,20,4
3422884,61219,96032,8542,24,1
3422912,43924,62786,2787,24,1
3423366,46268,81823,4332,17,1
3423426,67454,145090,2633,1,1
3423557,74977,168898,3931,0,0
3423586,38035,103113,8134,20,4
3423587,71120,138451,5991,13,4
3423746,37561,174933,9968,17,1
3423810,69827,132523,2524,24,1
3423908,58360,48855,1360,1,1
3423908,58360,136517,1544,1,1
3424131,23599,186634,4189,1,1
3424224,43690,114677,7189,19,3
3424423,62245,50799,3305,21,2
3424514,38894,88249,3266,20,4
3424514,38894,119233,6767,20,4
3424642,36667,120698,8235,21,2
3424871,37985,140770,3285,14,0
3424996,19009,159271,1787,24,1
3425026,38605,527,5528,12,2
3425186,55267,55403,2919,17,1
3425186,55267,86130,8639,17,1
3425479,46396,44699,9708,12,2
3425728,43183,6787,1788,0,0
3425858,69349,33576,3577,12,2
3426178,34306,57415,4931,14,0
3426214,28048,189932,2451,16,0
3426438,25987,89217,9218,16,0
3426726,19573,146489,1518,23,3
3426949,33632,79774,4789,15,0
3426982,27698,140587,3102,19,3
3427010,35327,72743,5251,13,4
3427011,38707,87485,9994,16,0
3427041,28612,96592,1611,0,0
3427079,27133,127307,4844,15,0
3427136,24253,69907,9908,12,2
3427328,27475,73358,8373,13,4
3427491,62587,131110,3624,24,1
3427875,56300,69386,9387,18,2
3428167,58001,26271,6272,19,3
3428452,46426,34906,7410,15,0
3428452,46426,63123,3124,15,0
3428612,46465,174105,9140,22,3
3428839,67928,45802,3315,13,4
3428867,51250,6427,8928,15,0
3428867,51250,99543,4562,15,0
3428900,52340,114074,9097,23,3
3429127,49085,7516,7517,20,4
3429156,46703,65609,3128,24,1
3429189,47554,158057,5603,0,0
3429510,29818,165623,5624,1,1
3429574,46183,59528,2034,12,2
3429893,33175,1458,3959,14,0
3430023,41936,43710,3711,14,0
3430212,73382,179092,1610,18,2
3430273,21932,5162,7663,23,3
3430275,51019,170386,2904,18,2
3430438,61438,89243,6768,0,0
3430566,44560,196950,6951,21,2
3430758,62006,133318,8345,12,2
3430880,51029,49926,7439,19,3
3430917,66281,143611,8640,23,3
3430983,73384,185225,5226,23,3
3431105,55520,4464,6965,18,2
3431105,55520,38770,6280,18,2
3431141,35116,93214,5724,14,0
3431204,46774,74121,6629,20,4
3431298,73220,249,5250,23,3
3431393,63928,161752,1753,23,3
3431462,50489,163608,8641,24,1
3431491,39560,155953,3499,16,0
3431552,52373,158436,8437,22,3
3431554,53765,83350,8367,0,0
3431687,59368,129318,1831,14,0
3431746,48488,36540,6541,15,0
3431907,30548,23565,8570,16,0
3432004,29873,72825,2826,15,0
3432036,34324,92409,9937,21,2
3432226,34723,128158,5695,18,2
3432609,72658,138540,3567,16,0
3432611,47657,142160,7189,19,3
3432615,66373,197317,7318,14,0
3432837,26539,6796,9297,14,0
3433124,48044,83479,3480,13,4
3433153,22514,118897,8898,0,0
3433255,72680,58720,6236,15,0
3433287,1648,138882,6422,23,3
3433315,51988,153593,8624,17,1
3433382,34550,105978,3509,24,1
3433863,52415,116467,4001,13,4
3433922,19634,170578,8130,15,0
3434086,70381,105077,2608,24,1
3434243,31390,53696,6202,13,4
3434243,31390,181726,6763,13,4
3434339,35369,147194,2223,17,1
3434437,68899,86997,6998,21,2
3434592,70127,154439,6955,12,2
3435142,68288,74619,2141,13,4
3435142,68288,156559,4105,13,4
3435296,69766,193564,8603,22,3
3435302,68773,45194,7699,1,1
3435334,19436,135305,7819,22,3
3435334,19436,145240,7755,22,3
3435393,33328,47119,7120,23,3
3435398,24994,53038,8049,24,1
3435526,39400,116954,6955,12,2
3436006,20057,61389,8908,20,4
3436193,55117,13882,8885,14,0
3436260,28108,5434,2935,16,0
3436288,34277,20837,5842,20,4
3436546,70036,167752,2785,14,0
3436645,1837,63502,3503,14,0
3436771,24181,180350,2869,20,4
3436774,27556,110764,5787,23,3
3436865,66409,182869,5388,23,3
3437029,60476,129493,4518,17,1
3437314,36742,89127,4144,12,2
3437474,54547,9721,2222,14,0
3437540,45383,77996,7997,17,1
3437664,42548,136324,8838,13,4
3437703,19690,182996,2997,15,0
3437990,56365,3582,3583,20,4
3438304,48871,88160,8161,21,2
3438307,26350,139415,4442,12,2
3438373,45088,200,7701,1,1
3438464,26479,111917,1918,1,1
3438500,35707,92338,9866,21,2
3438529,37831,47699,2708,12,2
3438595,26816,17192,4696,14,0
3438625,68434,147791,7792,15,0
3438689,1421,3470,8471,12,2
3438852,41872,27577,2582,24,1
3438885,41866,2241,7242,0,0
3438918,46943,120178,5203,1,1
3438918,46943,163380,8413,1,1
3439297,45430,47127,9632,14,0
3439395,53174,103854,3855,12,2
3439398,46478,8121,5622,21,2
3439525,26407,141264,3779,17,1
3439555,52709,186834,4389,16,0
3439654,66376,109042,1553,14,0
3439808,40408,65100,7607,0,0
3439937,57235,66358,6359,21,2
3440005,22588,104070,1601,20,4
3440385,51056,131570,9110,16,0
3440389,28691,92335,4845,16,0
3440448,66937,154279,6795,20,4
3440580,64090,65427,5428,24,1
3440995,60112,37302,2309,16,0
3441090,31690,40237,2742,18,2
3441831,48982,18069,8070,22,3
3441889,43195,144029,4030,14,0
3442018,45019,56205,3721,23,3
3442272,71893,143667,3668,17,1
3442274,43972,116284,3818,21,2
3442562,26626,114342,1876,18,2
3442566,42386,152665,5181,14,0
3442692,50647,79161,4176,17,1
3442948,49543,34325,6829,19,3
3443108,45740,68628,3641,23,3
3443203,66559,126819,6820,12,2
3443271,70054,39581,2085,12,2
3443301,22048,17721,2724,14,0
3443397,48038,80000,2508,12,2
3443586,74272,41357,8870,16,0
3443969,30269,43545,6050,18,2
3443973,54266,22183,9690,23,3
3444005,41503,170089,7641,17,1
3444037,23947,196655,4213,1,1
3444071,55163,13137,3138,14,0
3444129,22600,149941,4970,0,0
3444611,74870,56715,4231,13,4
3444707,29191,51553,9069,17,1
3444834,68848,164824,4825,24,1
3444834,68848,188827,8828,24,1
3444866,72593,58677,3688,16,0
3444866,72593,181698,4217,16,0
3444900,56698,119027,6561,20,4
3445125,20623,61137,6150,16,0
3445383,36526,182066,7103,16,0
3445440,41104,5266,5267,14,0
3445440,41104,97524,2543,14,0
3445473,42247,25633,8136,20,4
3445668,19219,152020,2021,18,2
3445700,59329,86149,6150,16,0
3445826,50332,6917,4418,19,3
3446178,24646,82428,7445,1,1
3446182,53404,121319,8856,16,0
3446403,43334,26315,3822,24,1
3446404,59299,149146,6689,14,0
3446499,62263,109864,7395,12,2
3446567,65308,91013,6032,21,2
3446595,64159,104621,4622,12,2
3446787,30992,7214,9715,21,2
3446817,65059,192735,2736,18,2
3446852,68629,12274,9778,1,1
3446852,68629,78629,8630,1,1
3446884,52532,192188,4708,24,1
3447073,25870,33977,6481,15,0
3447073,25870,54949,2465,15,0
3447074,74908,160088,5121,14,0
3447426,36094,96947,4475,19,3
3447652,26050,141806,4321,20,4
3447846,55078,20090,5095,17,1
3447936,73174,13747,6249,18,2
3448035,1657,108238,5769,12,2
3448197,27758,60367,2874,23,3
3448228,38551,94022,6532,12,2
3448581,31754,57071,2082,16,0
3448610,38747,115871,8383,15,0
3448832,41453,27987,2992,23,3
3449090,26014,102179,9710,12,2
3449602,19993,61113,6126,19,3
3449635,47287,24573,2080,17,1
3449669,38008,29830,2333,22,3
3449892,53735,165860,8377,21,2
3449927,55277,51990,7001,17,1
3450182,33490,18281,5785,14,0
3450629,63919,173117,5635,16,0
3450662,45091,128600,6137,24,1
3450691,73768,29548,7055,15,0
3450916,50047,53404,5910,17,1
3451239,27127,171419,1420,16,0
3451302,46888,117898,7899,15,0
3451619,37117,169694,4727,16,0
3451655,67489,163107,8140,15,0
3451686,65089,143495,3496,14,0
3451748,60490,21528,4031,23,3
3451809,24553,168742,3775,14,0
3451812,46522,109349,1860,18,2
3451971,37924,160034,7583,23,3
3451972,37052,170060,7612,17,1
3452262,21665,139058,6598,20,4
3452293,47024,6160,6161,14,0
3452326,24589,143310,8339,21,2
3452771,25429,38031,5541,18,2
3452771,25429,80252,2761,18,2
3452929,1864,14155,9158,22,3
3452992,24439,49675,9676,15,0
3453220,57313,49649,7162,21,2
3453316,34666,14668,4669,14,0
3453475,28225,4605,9606,12,2
3453542,53146,11527,6530,24,1
3453542,53146,16494,6495,24,1
3453664,32032,178981,1499,12,2
3453732,57953,53710,3711,14,0
3453894,28798,1342,1343,24,1
3454087,50035,1586,9087,23,3
3454145,44320,139762,7302,18,2
3454243,63551,69089,9090,19,3
3454278,24682,196935,4493,24,1
3454311,34069,4959,9960,19,3
3454311,34069,143666,3667,19,3
3454530,43546,89435,1944,20,4
3454561,53179,5068,5069,15,0
3454593,70621,167375,2408,15,0
3454599,51337,106193,3724,12,2
3454692,23251,83633,3634,22,3
3454694,44288,94032,9051,18,2
3455139,66805,135071,5072,19,3
3455299,52709,21728,9235,16,0
3455523,74071,183642,8679,21,2
3455680,72370,190028,7586,18,2
3455778,70771,56315,1326,0,0
3455939,19441,170293,5328,1,1
3456007,73216,22485,7490,23,3
3456614,1597,120286,7823,22,3
3456673,29875,65183,7690,18,2
3456708,69182,101852,6873,17,1
3456773,42715,186648,9167,17,1
3456833,47344,19958,7462,13,4
3456835,72238,169560,2077,21,2
3457030,46255,83058,3059,14,0
3457095,61795,183678,8715,19,3
3457122,47884,143049,5564,1,1
3457219,52057,159041,1557,18,2
3457345,62344,99329,9330,0,0
3457668,67375,7891,5392,0,0
3458150,53920,110000,5021,0,0
3458151,72047,128481,3506,0,0
3458372,32137,101905,9436,20,4
3458501,68722,130317,5344,17,1
3458823,27029,123974,6487,12,2
3458979,27458,189896,2415,14,0
3459335,62968,58787,6303,21,2
3459461,28888,82329,7346,19,3
3459648,41593,140035,2550,21,2
3459872,42235,141276,1277,0,0
3459905,24653,125428,5429,21,2
3460098,33967,30879,8389,17,1
3460167,21931,49167,6680,15,0
3460192,43637,151771,9317,18,2
3460198,26354,166313,3862,21,2
3460261,55966,159660,2176,16,0
3460453,42230,177288,9806,13,4
3460580,43211,141109,3624,24,1
3460677,26624,2415,9916,13,4
3460805,69001,37834,5344,17,1
3461028,51277,7329,7330,17,1
3461185,71881,95106,2634,12,2
3461219,57991,18913,3916,1,1
3461379,49801,179874,2392,22,3
3461540,51947,78452,8453,1,1
3461601,58304,1308,6309,18,2
3461639,33416,120621,3134,17,1
3461639,33416,161262,3779,17,1
3461957,69562,141656,6685,0,0
3462049,24190,6034,3535,1,1
3462305,67537,190374,5413,20,4
3462306,28930,55097,5098,1,1
3462436,70894,68993,8994,14,0
3462436,70894,101343,6364,14,0
3462469,53599,174492,7010,22,3
3462496,62993,19834,9835,20,4
3462502,69865,174253,9288,21,2
3462598,42394,148319,3348,15,0
3462626,57121,151340,1341,22,3
3462690,43463,21401,1402,1,1
3462695,28042,92712,7731,22,3
3462822,46327,87755,2772,15,0
3462849,42229,93334,3335,20,4
3462849,42229,111519,9053,20,4
3462855,58315,66531,1544,1,1
3462976,41728,9794,9795,13,4
3463072,35866,100396,7927,17,1
3463264,56897,33475,8482,12,2
3463335,69562,114167,6679,0,0
3463590,61051,23755,8760,19,3
3463812,60979,150846,8392,16,0
3463876,52747,191878,9436,20,4
3464259,54589,114015,6527,16,0
3464260,67576,38525,3532,23,3
3464678,57679,6699,6700,21,2
3464770,62081,61690,9209,23,3
3464805,27985,49036,9037,19,3
3464805,27985,64851,7358,19,3
3464805,27985,109601,2112,19,3
3465190,43672,14718,9721,20,4
3465415,38179,189435,4472,20,4
3465792,55945,65066,7573,16,0
3465792,55945,70227,2735,16,0
3465893,52024,124197,1734,1,1
3466055,69295,94980,2508,12,2
3466117,58570,76726,1741,12,2
3466309,61876,59339,6855,22,3
3466529,67180,168091,5640,15,0
3466657,22159,94097,4098,15,0
3466816,63097,35633,5634,1,1
3466980,39281,18268,5772,18,2
3467111,23426,165565,3114,22,3
3467428,72740,41720,4225,18,2
3467462,65168,104702,7213,21,2
3467591,33188,126137,3674,14,0
3467648,64616,2210,2211,16,0
3467686,29509,144277,6792,22,3
3467750,29864,87257,4782,16,0
3467937,58345,71217,8739,20,4
3467937,58345,141967,6996,20,4
3467938,50849,124892,9917,1,1
3468038,40180,168301,5850,24,1
3468231,30440,44353,4354,14,0
3468258,66400,156544,1575,13,4
3468518,70552,97974,5502,17,1
3468614,22168,3014,3015,21,2
3468961,64802,51126,8642,21,2
3469157,66277,33850,3851,16,0
3469664,57202,169416,9417,16,0
3469799,66391,164352,1901,24,1
3469860,35891,38276,3283,20,4
3470084,53380,198925,8926,24,1
3470208,21992,929,8430,13,4
3470373,32134,186959,6960,14,0
3470755,67864,21346,1347,20,4
3470820,59573,102610,5121,14,0
3471043,58757,93486,5996,14,0
3471298,60259,162389,4906,17,1
3471361,35593,91211,8739,20,4
3471461,41396,93080,5590,24,1
3471779,73607,157209,7210,13,4
3471781,54406,70438,7960,17,1
3472038,41182,153553,8584,23,3
3472102,70507,193784,1342,0,0
3472197,45785,141528,4043,13,4
3472257,30476,35130,5131,15,0
3472353,69808,21136,6141,13,4
3472353,69808,79794,9795,13,4
3472384,72322,12846,2847,22,3
3472549,42152,73069,5577,24,1
3472707,66485,81932,1933,22,3
3472803,70171,59423,4434,1,1
3473121,27953,65928,5929,14,0
3473121,27953,79075,1583,14,0
3473414,30512,9806,4807,15,0
3473414,30512,70684,3192,15,0
3473414,30512,175225,7743,15,0
3473540,42226,104026,6537,20,4
3473607,72703,67588,2601,0,0
3473664,28516,99643,9644,1,1
3473828,39029,194376,9415,12,2
3473889,21544,158744,3775,14,0
3474182,72643,111608,6631,14,0
3474209,56365,12384,7387,20,4
3474275,32167,188979,4016,22,3
3474432,27731,50423,5434,19,3
3474530,34603,69261,1768,22,3
3474595,69575,101012,6033,13,4
3474599,61094,47784,2793,18,2
3474817,38623,103123,5634,1,1
3475107,36736,77681,5203,1,1
3475234,23468,59879,7395,12,2
3475361,55753,3242,5743,21,2
3475366,23041,120765,8302,16,0
3475554,28103,64683,4684,24,1
3475554,28103,113239,3240,24,1
3475617,56348,98602,8603,22,3
3475651,57161,132113,7140,1,1
3475681,22720,193455,3456,16,0
3475815,53110,86367,6368,14,0
3475878,74161,119007,4030,14,0
3475937,59245,47403,7404,17,1
3476129,44162,119908,7442,21,2
3476262,74773,134357,1897,24,1
3476323,34484,126875,1900,23,3
3476482,51226,166878,9395,16,0
3476515,41309,159887,9888,21,2
3476545,60053,118897,8898,0,0
3476582,48652,59627,2133,23,3
3476930,73333,184847,9884,21,2
3477223,38492,167884,5433,16,0
3477479,64103,194119,6639,17,1
3477507,47515,152436,9982,15,0
3477537,67277,39430,1934,23,3
3477537,67277,98066,5594,23,3
3477572,54749,7057,2058,1,1
3477828,50599,186199,8718,20,4
3477888,44237,189852,2371,23,3
3478082,28297,35351,5352,13,4
3478178,49759,135361,5362,21,2
3478599,29588,29168,1671,23,3
3478624,19451,142300,2301,20,4
3478624,19451,190061,7619,20,4
3478659,21365,151821,1822,0,0
3478689,45605,84480,4481,17,1
3478787,51979,189245,4282,1,1
3478917,53905,184330,4331,16,0
3478947,31157,94675,4676,14,0
3479202,63239,176505,4057,17,1
3479300,43871,146814,1843,18,2
3479524,45412,89641,4658,0,0
3479555,65066,6881,1882,21,2
3479555,65066,39441,6951,21,2
3479590,35294,198284,5842,20,4
3479749,47378,162198,2199,1,1
3480066,42581,40877,8390,20,4
3480226,58333,67954,2967,18,2
3480256,20455,82422,7439,19,3
3480258,68567,149261,9262,16,0
3480582,28838,191858,1859,0,0
3480833,51010,52653,7664,14,0
3480833,51010,199927,9928,14,0
3480929,20210,94682,9701,15,0
3481088,58937,5400,2901,19,3
3481442,68290,51902,4408,22,3
3481444,45350,61597,6610,24,1
3481478,36476,104874,9895,18,2
3481509,26564,22142,2143,1,1
3481541,52871,123364,5877,13,4
3481605,50827,66725,4244,19,3
3481761,64706,106326,3857,17,1
3481889,49597,168704,6253,20,4
3481955,68341,33632,6136,19,3
3482023,61351,120709,8246,0,0
3482086,34906,58561,6077,24,1
3482114,68836,166753,6754,14,0
3482279,64252,142141,2142,21,2
3482884,72245,88020,3037,22,3
3482977,20680,187182,9701,15,0
3482977,20680,194091,9130,15,0
3483106,42079,98835,1345,12,2
3483620,65990,169236,1753,23,3
3483745,46627,106070,3601,1,1
3483872,74743,52367,7378,16,0
3483975,49616,162859,2860,15,0
3484066,51395,21570,1571,23,3
3484132,64298,28479,3484,17,1
3484132,64298,53959,1475,17,1
3484133,41698,58469,8470,23,3
3484323,50996,57488,9994,16,0
3484515,1297,98063,8064,21,2
3484579,32539,62194,9713,12,2
3484678,48679,3750,8751,17,1
3484839,68168,198767,1287,0,0
3484903,46004,23100,3101,20,4
3485026,24191,42113,9626,21,2
3485088,19307,139514,4541,24,1
3485217,60322,198492,8493,15,0
3485344,31748,83381,3382,17,1
3485506,32717,36466,6467,22,3
3485697,28562,69413,4426,13,4
3485926,35321,78553,8554,0,0
3486018,28024,15913,8415,17,1
3486179,24829,184427,1982,14,0
3486373,50926,165971,5972,1,1
3486375,35290,140925,3440,23,3
3486533,27811,7148,9649,15,0
3486566,48490,191508,4028,13,4
3486657,46894,29781,7288,12,2
3486913,23906,23262,5765,18,2
3487109,57461,131911,9451,17,1
3487109,57461,138457,3484,17,1
3487264,60866,2334,4835,23,3
3487395,35857,4570,7071,15,0
3487395,35857,193497,6017,15,0
3487713,25934,186371,8890,19,3
3487845,46702,43263,8272,24,1
3488263,46117,106842,1863,17,1
3488352,62648,74213,6721,0,0
3488416,41644,169613,9614,17,1
3488615,43669,131673,6700,21,2
3488646,40520,158245,8246,0,0
3488837,30061,18775,1277,0,0
3488897,61997,27275,4782,16,0
3488965,42574,5524,5525,14,0
3489763,51854,83029,5538,1,1
3489766,35029,10951,8455,18,2
3489924,68921,53107,5613,20,4
3489924,68921,139260,6800,20,4
3490019,25867,19771,2273,19,3
3490086,42526,32690,5194,20,4
3490469,30020,97169,2188,17,1
3490661,63383,65829,3348,15,0
3490724,64091,186122,8641,24,1
3490786,65710,164204,6721,0,0
3490820,73738,16662,1665,20,4
3490849,50332,7980,2981,19,3
3490880,74665,22650,2651,18,2
3490884,64297,25767,3274,24,1
3491044,60170,78354,8355,24,1
3491044,60170,160557,5590,24,1
3491044,60170,164580,9613,24,1
3491175,35771,81893,4402,21,2
3491201,31508,102979,5490,13,4
3491328,60769,155559,8075,14,0
3491392,20456,161654,4171,22,3
3491494,41296,150502,8048,13,4
3491557,51631,12535,7538,16,0
3491651,46304,52640,2641,24,1
3491651,46304,121509,4022,24,1
3491685,26503,58401,8402,19,3
3491809,72920,125930,5931,16,0
3491809,72920,187995,3032,16,0
3491811,37295,128755,6292,23,3
3491814,71743,47140,4653,15,0
3491814,71743,79724,7246,15,0
3491974,37895,162875,2876,24,1
3492198,59266,24682,2189,24,1
3492198,59266,197373,7374,24,1
3492226,64705,186789,6790,13,4
3492291,25139,27307,4814,19,3
3492454,30659,156240,1271,12,2
3492677,40484,2473,2474,0,0
3492775,68326,156873,9389,22,3
3492994,59179,173664,6182,17,1
3493062,47264,76779,1794,16,0
3493189,50254,137899,2926,20,4
3493280,23759,96888,1907,20,4
3493474,52621,131582,1583,14,0
3493505,23230,90567,3077,12,2
3493728,69736,117695,2718,13,4
3493732,19807,54954,4955,16,0
3493732,19807,113434,8457,16,0
3493829,70337,6395,1396,13,4
3493890,70582,91569,1570,12,2
3494019,38786,89723,7248,18,2
3494019,38786,161107,8656,18,2
3495328,52366,61502,6515,19,3
3495618,56155,3404,3405,16,0
3495781,33611,119950,9951,17,1
3495808,48578,181450,6487,12,2
3496196,65164,171084,3602,19,3
3496390,20644,1251,1252,18,2
3496416,62231,115653,8165,17,1
3496518,46918,183722,8759,22,3
3496549,68002,70806,5821,12,2
3496805,23716,129112,4137,15,0
3496867,44173,123942,1479,12,2
3496899,58388,133246,8273,17,1
3497217,30730,21908,9415,12,2
3497345,48802,23534,8539,19,3
3497345,48802,121948,6973,19,3
3497440,47828,45183,2696,21,2
3497569,68783,159007,6553,12,2
3497701,43606,184111,6630,12,2
3497830,31645,7382,7383,24,1
3497922,51371,53748,8759,22,3
3497954,65512,78790,8791,15,0
3498274,50987,41895,6904,17,1
3498308,62371,155294,5295,17,1
3498339,59453,173900,8935,22,3
3498371,64234,90764,3274,24,1
3498406,66080,49156,1661,12,2
3498471,38561,88911,3928,14,0
3498723,68201,122317,2318,24,1
3499654,62485,2006,2007,19,3
3499655,21124,157382,9898,20,4
3499783,29434,134696,4697,21,2
3499877,47582,198898,1418,0,0
3499936,27623,148930,8931,23,3
3500004,68554,160493,5526,22,3
3500194,66422,63542,3543,22,3
3500194,66422,79864,7386,22,3
3500384,20242,10127,7631,0,0
3500386,50000,145033,5034,23,3
3500391,35680,18396,3399,16,0
3500451,39488,57131,2142,21,2
3500513,49828,187095,2132,12,2
3500676,70606,68260,5779,12,2
3500805,35080,115472,7984,14,0
3501217,64298,68391,5910,17,1
3501218,45404,172727,2728,24,1
3501220,42538,68091,8092,1,1
3501318,74800,124704,9729,16,0
3501344,47410,99815,2325,18,2
3501635,18994,110682,3194,1,1
3501703,25724,8952,8953,22,3
3501830,72961,81456,8981,24,1
3501858,71707,11447,8951,20,4
3501859,58951,138347,3374,20,4
3501889,29687,84308,6817,24,1
3501921,66773,96950,1969,0,0
3501985,52037,154862,4863,1,1
3502016,71351,108318,8319,22,3
3502115,47845,110272,5295,17,1
3502115,47845,164623,4624,17,1
3502148,38828,36498,1505,18,2
3502208,59536,129922,9923,23,3
3502304,49627,148477,8478,21,2
3502340,56272,156192,3738,16,0
3502467,51482,94361,1889,19,3
3502595,70807,81033,6050,18,2
3502753,56579,183368,8405,14,0
3502948,41867,88351,8352,0,0
3503169,41009,68423,5942,22,3
3503201,50734,144390,4391,21,2
3503302,37121,170497,8049,24,1
3503526,1624,38012,5522,17,1
3503616,33559,66929,6930,13,4
3503750,47227,167401,9918,24,1
3503810,65671,164546,4547,18,2
3503814,61165,139864,2378,16,0
3503943,34097,36766,6767,20,4
3504066,24946,115636,8148,0,0
3504193,54776,77062,9570,1,1
3504290,65770,70758,3266,20,4
3504293,28799,58157,8158,24,1
3504515,66671,143860,8889,24,1
3504551,71441,154244,9275,24,1
3504582,46885,111378,6401,1,1
3504609,37855,51461,6472,22,3
3504609,37855,92293,2294,22,3
3504673,51019,182045,7082,18,2
3504803,50806,199218,4257,12,2
3504804,63322,5926,3427,23,3
3504898,71725,56808,4324,12,2
3505030,35702,128115,3140,21,2
3505248,20270,49477,6990,15,0
3505862,52328,147781,5324,1,1
3505895,27776,107826,7827,12,2
3506018,54332,194761,4762,1,1
3506369,65245,52875,5381,14,0
3506406,26068,107537,7538,16,0
3506502,32834,24893,4894,17,1
3506599,27253,163786,6303,21,2
3506854,60920,178082,8083,16,0
3506918,47134,103336,3337,15,0
3506976,36232,90947,3457,13,4
3506976,36232,124042,4043,13,4
3506978,25493,111954,6977,19,3
3507143,58649,92997,8016,1,1
3507238,30218,129018,9019,14,0
3507457,66238,158513,3544,24,1
3507810,22178,10593,8097,22,3
3507810,22178,161481,9030,22,3
3507874,60695,26782,1787,24,1
3507968,59056,193931,3932,23,3
3508289,30656,103644,3645,20,4
3508289,30656,142595,2596,20,4
3508483,72727,109822,2333,22,3
3508549,44002,194804,4805,24,1
3508549,44002,199766,4805,24,1
3508739,59209,73512,8527,20,4
3508739,59209,183361,8398,20,4
3508833,41629,176601,9119,22,3
3508995,52429,35069,7573,16,0
3509253,49987,139323,1837,24,1
3509413,30551,66249,8756,19,3
3509510,69544,52912,2913,14,0
3509761,55339,65170,5171,19,3
3509824,32912,699,5700,18,2
3509890,64454,37416,4926,17,1
3510022,29239,9835,2336,22,3
3510080,60070,97200,9710,12,2
3510080,60070,194548,4549,12,2
3510272,66910,4118,9119,22,3
3510277,58631,21831,1832,12,2
3510432,46222,114429,6941,18,2
3510629,35591,141921,6950,13,4
3510691,22381,21698,6703,23,3
3510880,48425,6719,6720,18,2
3510882,70595,194584,4585,19,3
3511139,28993,186173,6174,15,0
3511266,26495,110159,2671,19,3
3511396,32971,3986,3987,24,1
3511428,35758,28481,8482,12,2
3511430,35129,187177,2214,21,2
3511620,71293,5435,5436,20,4
3511620,71293,138133,8134,20,4
3511713,46034,86757,6758,24,1
3511780,64556,165163,5164,23,3
3511813,24553,118830,6364,14,0
3511969,26449,84815,9832,21,2
3512229,48883,96829,6830,22,3
3512641,32677,168903,3936,23,3
3512800,42058,70268,7790,22,3
3512837,24779,144018,9047,14,0
3512901,54629,183173,8210,20,4
3513152,24679,3016,5517,22,3
3513187,19024,97612,7613,24,1
3513187,19024,157755,2786,24,1
3513189,48307,118946,3969,16,0
3513189,48307,122207,7232,16,0
3514112,34801,19935,7439,19,3
3514113,25699,108358,8359,0,0
3514118,40042,169307,1824,13,4
3514182,70418,144016,6531,14,0
3514306,44017,127773,5310,16,0
3514465,26561,190920,3440,23,3
3514754,71998,46145,6146,15,0
3514852,40840,24754,2261,21,2
3515046,37490,58155,8156,14,0
3515136,33934,76434,8942,18,2
3515140,32821,120753,5778,21,2
3515175,68738,34348,1858,15,0
3515271,48532,126910,6911,0,0
3515363,41590,75385,7893,22,3
3515556,32738,104150,6661,12,2
3515718,41117,43653,3654,14,0
3515779,45460,179490,4525,18,2
3515809,72034,98969,3988,24,1
3515879,61492,118884,3907,19,3
3515939,65638,148668,8669,20,4
3515940,62266,153164,5680,23,3
3515969,32576,49012,6525,23,3
3515971,32506,159050,9051,18,2
3516069,58178,58774,1280,1,1
3516192,66221,114489,4490,15,0
3516257,42961,133785,8812,15,0
3516288,56686,3357,8358,19,3
3516289,64369,143933,1476,21,2
3516352,72323,85207,7716,13,4
3516679,1498,1478,3979,19,3
3516768,45430,136700,6701,14,0
3516770,60206,195615,3173,15,0
3516960,60080,97943,2962,0,0
3517217,46732,159622,4653,15,0
3517221,48785,143876,1419,22,3
3517281,45304,111977,4489,20,4
3517574,54680,53503,3504,0,0
3517766,26945,189658,2177,0,0
3517922,58045,80088,2597,24,1
3518146,67369,62189,9708,12,2
3518529,60940,160205,2722,19,3
3518662,54241,24203,1710,21,2
3518789,35584,131793,6820,12,2
3518881,73046,116544,9056,22,3
3519078,30914,168333,3366,13,4
3519142,70949,109633,2144,14,0
3519238,74158,34515,2025,20,4
3519457,51404,103056,8077,12,2
3519552,31978,114001,6513,22,3
3519652,42002,53731,3732,17,1
3519809,61255,149360,6903,24,1
3519812,39896,9804,2305,23,3
3520001,48268,155995,5996,14,0
3520068,22615,89729,7254,1,1
3520165,21667,54529,2045,14,0
3520513,19523,155631,8147,20,4
3520582,1357,145890,5891,15,0
3520739,65053,34685,2195,18,2
3521028,57868,190436,2956,13,4
3521126,66967,8266,3267,20,4
3521249,32392,16910,6911,0,0
3521313,20672,55162,7668,20,4
3521313,20672,144482,2025,20,4
3521345,39133,61156,6169,14,0
3521667,61516,53026,5532,1,1
3521730,49784,26181,3688,16,0
3521730,49784,121370,3883,16,0
3521828,69407,128646,6183,22,3
3522275,72755,164511,9544,17,1
3522469,64174,44331,4332,17,1
3522499,19330,39350,9351,19,3
3522598,43783,170970,8522,22,3
3522791,35078,36084,6085,19,3
3522820,27415,103513,8534,21,2
3522851,32323,149669,2184,18,2
3523076,64667,32233,9743,13,4
3523171,48629,35114,7618,22,3
3523171,48629,42797,7806,22,3
3523333,62384,129716,4741,24,1
3523587,55336,148716,6259,20,4
3523717,29677,40216,5225,24,1
3523968,35380,155278,5279,17,1
3524389,20000,389,2890,15,0
3524389,20000,1920,9421,15,0
3524960,64712,110640,8174,13,4
3525126,19531,103856,8877,17,1
3525188,31582,74839,4840,20,4
3525378,70486,121850,4363,0,0
3525412,36788,68833,3846,21,2
3525669,27946,135290,2830,14,0
3525859,29332,74976,4977,0,0
3525954,72998,8819,3820,24,1
3525958,41296,89152,6677,13,4
3526177,33694,124329,9354,16,0
3526209,37891,13115,8118,22,3
3526213,64774,116067,3601,1,1
3526374,33529,56312,6313,12,2
3526400,54524,29398,4403,16,0
3526401,28487,182045,7082,18,2
3526471,52756,53894,3895,24,1
3526662,60493,130914,5941,17,1
3526690,56683,74367,9382,18,2
3527168,57185,135775,3315,13,4
3527426,43853,197134,2173,14,0
3527558,44878,193455,8494,24,1
3528004,43105,190895,5934,19,3
3528037,57244,159955,7501,13,4
3528099,36490,148255,5798,13,4
3528135,27896,155719,3265,15,0
3528195,53608,131364,3878,17,1
3528355,69463,33910,1420,16,0
3528551,21365,164273,1822,0,0
3528645,55597,57532,5048,12,2
3528645,55597,146288,6289,12,2
3528865,37937,94237,1765,19,3
3528933,59135,70195,7717,14,0
3529095,41689,74908,2430,13,4
3529316,41293,143599,3600,13,4
3529345,66040,111028,3540,23,3
3529476,22828,14320,4321,20,4
3529568,52255,22321,2322,20,4
3529601,21709,24099,4100,20,4
3529665,47521,189655,2174,1,1
3529831,25550,151143,8689,23,3
3529927,41438,183598,3599,16,0
3529987,51958,78506,3521,20,4
3530368,24031,51823,1824,13,4
3530498,47861,75300,5301,15,0
3530693,72395,131948,9488,12,2
3530756,69152,17511,2514,17,1
3530820,46669,151420,1421,24,1
3531009,62203,81972,6989,16,0
3531040,41534,120865,3378,24,1
3531109,29332,181886,4405,0,0
3531172,67553,26598,9101,14,0
3531426,74303,106987,4518,17,1
3531525,55292,14300,4301,1,1
3531586,73981,54519,4520,0,0
3531714,31843,101514,9045,18,2
3531970,64628,105145,5146,23,3
3532066,1399,192023,2024,0,0
3532166,46153,79796,7318,14,0
3532481,42337,20707,3210,1,1
3532483,33671,184658,9695,17,1
3532582,35864,61120,8639,17,1
3532611,23500,51228,8744,22,3
3532647,26893,54602,9613,24,1
3532678,38569,74650,2172,13,4
3532770,27286,75778,5779,12,2
3533282,27460,85825,5826,12,2
3533379,25867,126234,6235,19,3
3533383,57028,98886,6414,19,3
3533573,39878,15042,2546,20,4
3533920,56192,79425,9426,23,3
3534566,60025,67907,2920,22,3
3534983,66079,195812,5813,15,0
3535139,62482,173557,3558,12,2
3535201,69757,25942,8445,15,0
3535201,69757,47540,5053,15,0
3535298,70639,60746,8265,24,1
3535521,54667,22022,9529,22,3
3535525,61316,55107,7613,24,1
3535650,1795,152182,7213,21,2
3535744,28069,124458,4459,13,4
3535748,56384,11923,9427,0,0
3536292,54209,14006,4007,21,2
3536327,61066,5578,8079,19,3
3536742,66268,9381,1882,21,2
3536772,36169,8505,3506,0,0
3536865,54185,130036,5063,24,1
3536960,55579,145454,7969,0,0
3537413,46346,145705,5706,17,1
3537445,38122,81137,3646,20,4
3537506,43949,7482,9983,18,2
3537603,33893,9741,7242,0,0
3537665,31510,119461,1973,0,0
3537825,38156,195325,7845,21,2
3537857,45739,143818,8847,0,0
3537893,1520,197398,4956,24,1
3537952,56501,8082,5583,20,4
3538214,52969,119375,9376,24,1
3538277,31933,45876,8381,12,2
3538407,60394,63366,8379,0,0
3538563,72601,175288,5289,21,2
3538755,53077,195837,5838,0,0
3538823,47503,169979,9980,0,0
3538855,65987,80123,2632,23,3
3539175,72982,55955,5956,21,2
3539271,26986,53990,6496,1,1
3539360,60796,3226,3227,15,0
3539460,37807,180111,5148,19,3
3539488,54278,96514,4042,18,2
3539520,68602,59201,4212,17,1
3539650,1792,42435,9948,1,1
3539652,74632,59511,2017,1,1
3539655,61054,62766,2767,0,0
3539655,61054,136586,9100,0,0
3539783,73051,184861,7380,1,1
3539878,33302,116204,8716,12,2
3539904,33866,5785,3286,14,0
3540131,43243,159813,4844,15,0
3540163,37099,21581,6586,22,3
3540291,40177,97044,7045,21,2
3540320,22450,86884,4409,24,1
3540354,63589,186805,1842,16,0
3540451,63530,92938,2939,12,2
3540512,42992,193399,3400,19,3
3540580,40942,11582,9086,24,1
3540582,29275,4770,9771,24,1
3540801,21103,148925,3954,23,3
3540966,45350,106997,4528,24,1
3541024,53407,120147,7684,0,0
3541217,65053,185096,2651,18,2
3541349,71626,113180,8203,19,3
3541350,34850,88325,5850,24,1
3541409,37921,137165,9679,12,2
3541572,44578,134447,4448,18,2
3541635,57433,158547,3578,21,2
3541697,33907,48029,8030,20,4
3541795,49991,159813,4844,15,0
3541799,22135,158024,3055,18,2
3541825,55922,87369,7370,20,4
3541895,36025,74187,1709,15,0
3541926,30352,96650,1669,16,0
3541954,62947,160536,5569,18,2
3542084,47707,159992,7538,16,0
3542374,51253,195574,8094,20,4
3542469,56086,40671,8184,23,3
3542470,25204,77023,4545,13,4
3542503,63925,72987,5495,15,0
3542565,48802,40574,3079,19,3
3542626,59869,111597,9131,21,2
3542689,58294,36216,8720,22,3
3543011,31525,136656,4196,13,4
3543072,74017,191634,6673,13,4
3543076,34510,61415,3922,22,3
3543458,67844,107364,4895,24,1
3543488,31106,36893,1900,23,3
3543488,31106,158520,6066,23,3
3543489,44794,89124,9125,21,2
3543527,28892,133684,3685,21,2
3543684,42664,176431,8949,23,3
3543685,45710,3773,1274,20,4
3543685,45710,61352,1353,20,4
3543715,67138,190506,3026,19,3
3543749,43966,127501,7502,18,2
3543778,20893,21580,6585,15,0
3544357,74108,16906,4410,12,2
3544386,23338,34753,2263,18,2
3544704,73591,91787,1788,0,0
3544710,24383,142758,2759,19,3
3544899,42832,66004,6005,15,0
3544997,49280,53484,3485,14,0
3544997,49280,58603,6119,14,0
3545095,44857,92930,7949,22,3
3545157,52969,23260,8265,24,1
3545157,52969,70089,2597,24,1
3545445,27523,27632,5139,0,0
3545510,58738,894,5895,18,2
3545510,58738,110735,5758,18,2
3545765,51325,81673,6690,23,3
3545830,61345,124659,4660,13,4
3545985,27790,137942,5482,1,1
3546115,39146,110046,2558,24,1
3546209,27157,126329,6330,22,3
3546593,58655,13609,3610,22,3
3546661,55922,82202,9727,20,4
3546663,43490,53479,8490,20,4
3546691,31240,94599,4600,12,2
3546720,73501,88870,6395,12,2
3547203,31556,135534,5535,14,0
3547367,69038,17985,7986,13,4
3547393,67286,58620,6136,19,3
3547458,36961,166328,1361,15,0
3547523,66286,106999,4530,16,0
3547622,50911,68450,8451,17,1
3547651,21308,113179,8202,13,4
3548162,28768,96341,6342,20,4
3548229,51575,77712,5234,16,0
3548290,65993,67835,5354,17,1
3548323,46859,59711,9712,13,4
3548577,64426,135594,8108,19,3
3548803,21152,77209,2224,13,4
3548835,41197,50398,2904,18,2
3548994,23527,10626,8130,15,0
3549121,34906,168320,5869,24,1
3549538,29659,141795,6824,20,4
3549575,29332,24714,7217,0,0
3549601,30049,66388,1401,23,3
3549601,30049,143371,5886,23,3
3549829,30842,117850,5384,14,0
3550055,48397,131127,6154,22,3
3550114,1232,144669,9698,18,2
3550278,18760,51996,4502,12,2
3550305,24490,171137,6172,16,0
3550372,55723,35090,7594,13,4
3550407,62341,166932,6933,0,0
3550597,63151,170827,3345,24,1
3550753,63673,104905,9926,15,0
3550758,37543,189286,6841,15,0
3550784,68644,190862,3382,17,1
3550819,65836,150719,8265,24,1
3550855,55822,120842,5867,0,0
3550978,52720,149965,7508,15,0
3551202,34391,75737,8245,14,0
3551330,26692,24761,4762,1,1
3551367,20938,61176,3683,12,2
3551393,56425,11228,6231,0,0
3551393,56425,88530,6055,0,0
3551618,67345,4747,7248,18,2
3551620,20986,104180,9201,17,1
3551654,48397,148193,8194,22,3
3551747,74854,1333,3834,20,4
3552326,46976,120685,8222,15,0
3552451,27095,69949,2456,15,0
3552578,71500,195106,7626,20,4
3552838,1531,95578,5579,21,2
3552899,30625,153947,1493,0,0
3553154,32266,123665,3666,21,2
3553571,71980,154946,9977,18,2
3553795,57040,56433,1444,12,2
3553894,18946,186189,6190,14,0
3554179,68752,169393,4426,13,4
3554534,62713,104684,2215,21,2
3554722,54140,170550,8102,0,0
3554786,40192,105566,8077,12,2
3555009,23776,92146,7165,0,0
3555013,19816,128995,4020,19,3
3555105,48979,154716,7232,16,0
3555138,66004,94644,7154,23,3
3555138,66004,153935,3936,23,3
3555297,19474,84438,6947,16,0
3555458,41050,96724,4252,1,1
3555458,41050,183858,3859,1,1
3555493,19993,26129,8632,19,3
3555618,35290,89048,9049,23,3
3555844,24679,26207,6208,22,3
3555844,24679,120004,7541,22,3
3556225,34670,199859,9860,22,3
3556487,65671,19237,9238,18,2
3556579,30643,111728,9262,16,0
3556737,50950,81301,8826,15,0
3556897,69572,36773,6774,18,2
3556900,45638,179008,6560,17,1
3556998,65332,164646,2195,18,2
3557089,70546,143342,5857,24,1
3557186,59363,166327,6328,19,3
3557346,50371,126434,8947,21,2
3557346,50371,189402,9403,21,2
3557476,56206,158948,8949,23,3
3557574,54970,46877,1886,12,2
3557699,37166,89275,9276,22,3
3557760,47605,151301,6332,19,3
3557892,67199,128796,8797,22,3
3558147,45635,60074,5087,13,4
3558339,45673,29867,7374,24,1
3558339,45673,168345,3378,24,1
3558789,38017,67907,7908,21,2
3559105,1637,105844,5845,15,0
3559588,62365,95452,5453,19,3
3559588,62365,103694,8715,19,3
3559684,53386,46086,3599,16,0
3559846,36143,86452,1469,16,0
3559904,62296,31017,3521,20,4
3559942,56497,37231,4741,24,1
3560064,22420,121229,8766,0,0
3560194,49853,71610,1611,0,0
3560357,48028,30259,5266,15,0
3560609,35773,189384,6939,20,4
3561088,22672,77787,7788,22,3
3561094,68482,166808,6809,22,3
3561155,40901,161663,9212,24,1
3561413,47686,42810,7819,22,3
3561473,21772,72237,4745,1,1
3561796,27926,37230,7231,23,3
3561862,39652,106370,1391,21,2
3561925,19508,57433,9939,18,2
3561991,34154,18180,3183,22,3
3562021,70037,101877,1878,0,0
3562180,34549,78912,1420,16,0
3562212,48316,20610,5615,24,1
3562373,29806,74624,9639,16,0
3562503,61609,17479,2482,18,2
3562567,25970,108316,3337,15,0
3562661,63349,47201,9706,14,0
3562752,58852,157612,7613,24,1
3562918,64159,73916,1438,12,2
3563171,31090,72499,2500,18,2
3563490,67102,148501,8502,17,1
3563553,74722,154366,1912,15,0
3563654,73289,160972,6005,15,0
3563680,48467,72909,7924,13,4
3563748,34387,147547,5090,24,1
3563810,23023,104302,9323,12,2
3563939,54988,41692,6701,14,0
3563940,29873,197602,5160,15,0
3564038,19585,102406,9937,21,2
3564071,32917,60606,5619,20,4
3564097,26612,58852,1358,16,0
3564225,71284,168970,8971,17,1
3564519,50278,154206,9237,12,2
3564672,39793,36357,3867,0,0
3564707,70591,151677,1678,16,0
3564738,63722,83094,5603,0,0
3564772,69157,144564,2107,1,1
3564803,59053,41659,6668,14,0
3564803,59053,144747,7262,14,0
3564865,73507,127746,7747,14,0
3564897,19183,62444,9963,14,0
3564898,52135,189440,6995,23,3
3564901,34531,129268,4293,17,1
3565059,69013,85318,5319,20,4
3565059,69013,160298,7847,20,4
3565157,70489,94033,9052,0,0
3565285,42052,136244,8758,24,1
3565344,70253,138818,8819,0,0
3565796,42370,105426,5427,18,2
3565826,45832,138542,3569,17,1
3565857,63419,132221,2222,14,0
3565857,63419,181382,6419,14,0
3565890,38828,102061,7082,18,2
3566148,64543,13414,5916,0,0
3566150,47609,40730,5739,1,1
3566210,73738,185193,5194,20,4
3566374,24583,62293,2294,22,3
3566374,24583,90498,5517,22,3
3566464,69112,119909,9910,17,1
3566501,38825,54809,7315,22,3
3566629,66548,126810,1835,0,0
3567136,51436,21928,9435,20,4
3567333,69254,142842,7871,19,3
3567526,23122,6140,6141,13,4
3567558,66415,62416,4923,24,1
3567717,48940,125006,5007,12,2
3567750,53396,127901,5438,16,0
3567815,54500,119397,9398,21,2
3567840,67859,85938,5939,18,2
3567937,31928,186609,1646,23,3
3568101,56702,114470,4471,18,2
3568290,69242,107379,7380,1,1
3568358,41326,190325,5364,1,1
3568614,69667,55874,3390,19,3
3568643,73570,36678,1685,16,0
3568644,33742,168012,5561,12,2
3568738,44095,123514,8539,19,3
3568900,30652,162129,4646,1,1
3568932,68783,67378,7379,12,2
3569031,53060,34455,1965,1,1
3569251,50242,120986,3499,16,0
3569251,50242,121075,6100,16,0
3569283,56057,122006,9543,20,4
3569317,41461,100640,3151,17,1
3569668,70120,179260,9261,23,3
3569824,56083,12161,4663,15,0
3570021,34822,117803,5337,22,3
3570049,66895,45534,5535,14,0
3570147,65360,176739,9257,17,1
3570340,40114,40944,8457,16,0
3570340,40114,72876,2877,16,0
3570437,26614,183536,6055,0,0
3570501,39544,185253,2808,1,1
3570595,49675,72172,2173,14,0
3570599,64184,18751,1253,0,0
3570758,49114,162618,5135,22,3
3570918,70706,63608,8621,1,1
3571040,48620,179289,9290,16,0
3571078,19385,115517,5518,0,0
3571171,37798,152241,4757,18,2
3571171,37798,161571,6604,18,2
3571201,72133,98892,8893,19,3
3571234,58324,101796,6817,24,1
3571330,30865,196540,6541,15,0
3571844,21520,49816,4825,24,1
3572355,71818,194242,4243,15,0
3572417,63511,22187,4690,15,0
3572516,37177,137749,5289,21,2
3572550,18934,167771,2804,16,0
3572960,67621,173650,8685,15,0
3572993,47254,70293,5308,21,2
3572999,38980,54282,6788,1,1
3573319,67003,182199,9754,0,0
3573377,20185,20890,8397,1,1
3573380,64825,172318,7353,12,2
3573539,38329,124698,4699,19,3
3573634,53095,47855,5368,23,3
3573634,53095,118930,8931,23,3
3573826,68893,198831,8832,0,0
3573922,20845,119506,7040,16,0
3573986,69382,39598,9599,22,3
3574054,70520,149498,7041,1,1
3574210,54362,134786,4787,24,1
3574309,33484,101260,3771,0,0
3574693,72775,19303,1805,19,3
3574693,72775,21814,1815,19,3
3575013,29842,80443,5460,12,2
3575143,50600,89765,7290,20,4
3575234,73469,39991,2495,13,4
3575520,43153,187259,7260,1,1
3575586,29113,61574,9093,1,1
3575586,29113,145643,5644,1,1
3575684,62798,79848,2356,19,3
3575684,62798,195351,7871,19,3
3575686,19430,133689,8716,12,2
3575781,34973,61572,4079,16,0
3575939,71749,188202,8203,19,3
3576069,34792,63034,5541,18,2
3576323,22831,171382,3900,24,1
3576325,1387,101871,9402,19,3
3576326,35477,75324,2846,20,4
3576451,32017,90695,8223,1,1
3576483,19483,14314,6816,0,0
3576576,23671,177566,2601,0,0
3576676,22654,24663,7166,22,3
3577094,63812,52926,2927,21,2
3577508,36517,157845,2876,24,1
3577797,53683,183543,8580,21,2
3577924,46837,86586,1603,0,0
3577924,46837,97417,7418,0,0
3578213,37528,54301,9312,1,1
3578243,47080,185538,8057,24,1
3578434,49258,61333,1334,15,0
3578500,23674,189190,4227,1,1
3578535,33412,171344,6379,20,4
3578562,20704,51958,6969,18,2
3578624,58603,153742,3743,1,1
3578722,74944,93083,5593,18,2
3578791,19123,125013,7526,13,4
3578817,39970,19746,7250,21,2
3578818,49085,62381,4888,20,4
3578913,60727,26244,8747,0,0
3578979,31523,195293,2851,17,1
3579111,56320,122822,7847,20,4
3579140,47033,55423,2939,12,2
3579751,29230,61449,3956,17,1
3579911,57896,105216,5217,23,3
3580001,32638,72558,2559,12,2
3580001,32638,112621,2622,12,2
3580069,37075,52466,2467,16,0
3580069,37075,174024,4025,16,0
3580166,59887,197083,2122,1,1
3580194,47995,145248,7763,15,0
3580291,40780,128891,8892,12,2
3580320,39517,24893,4894,17,1
3580320,39517,133515,3516,17,1
3580578,40399,137825,5365,24,1
3580608,46117,40073,2578,17,1
3580837,60142,1358,1359,13,4
3581025,69922,132223,7250,21,2
3581314,67874,77890,2905,12,2
3581317,70951,151931,4447,0,0
3581376,73013,6276,1277,0,0
3581473,25045,63650,8663,12,2
3581508,36317,21872,4375,21,2
3581569,59773,75860,8368,1,1
3581729,20965,65519,3038,21,2
3581826,59273,58702,6218,16,0
3581826,59273,197514,2553,16,0
3582405,66460,102258,7279,15,0
3582690,53099,27568,5075,15,0
3582945,40619,29385,6892,20,4
3582945,40619,168330,8331,20,4
3582950,66013,118240,3263,14,0
3583072,27542,148812,3841,1,1
3583106,21781,124475,4476,19,3
3583235,45550,115419,7931,1,1
3583271,49966,98988,4007,21,2
3583302,22883,25757,3264,14,0
3583618,38482,148879,6422,23,3
3583683,22273,35387,5388,23,3
3583845,22010,160996,6029,1,1
3583973,66920,164314,1863,17,1
3584033,38717,194124,4125,13,4
3584225,51110,13880,6382,15,0
3584229,48883,179373,4408,22,3
3584642,66106,32907,5411,1,1
3584807,49528,44466,9475,16,0
3584960,52045,91299,6318,19,3
3585027,57632,30049,5056,16,0
3585126,52963,156309,6310,12,2
3585349,66835,192442,2443,16,0
3585380,59710,154179,9210,24,1
3585509,40363,28863,8864,16,0
3585511,71339,163447,5964,24,1
3585634,55003,61552,9071,19,3
3585669,21310,84931,9948,1,1
3586055,57733,46744,1753,23,3
3586145,58879,23290,3291,22,3
3586146,20644,174153,4154,18,2
3586146,20644,174377,6895,18,2
3586209,23401,29772,7279,15,0
3586406,40567,100868,3379,24,1
3586468,49906,32612,2613,15,0
3586631,74941,1792,4293,17,1
3586631,74941,82112,2113,17,1
3586880,53825,146861,1890,12,2
3587046,51928,108997,6528,19,3
3587173,21368,6799,1800,0,0
3587302,45910,49273,9274,23,3
3587392,53854,81883,1884,1,1
3587399,21358,26095,8598,14,0
3587425,42046,164871,9904,1,1
3587748,40339,18022,3025,18,2
3587782,66890,181795,4314,19,3
3588167,44149,84891,7400,21,2
3588262,32420,160262,5295,17,1
3588353,23465,195517,5518,0,0
3588544,24367,18289,3292,0,0
3588833,66802,92534,2535,24,1
3589126,74362,4730,2231,18,2
3589156,59998,13891,6393,1,1
3589156,59998,69691,9692,1,1
3589251,44326,169754,4787,24,1
3589441,62581,185020,2575,21,2
3589444,71017,111479,9013,19,3
3589603,32872,107338,2359,1,1
3589792,20605,135398,5399,17,1
3589825,43583,81346,6363,0,0
3589895,67481,144083,6598,20,4
3590087,71033,764,8265,24,1
3590149,24265,169145,9146,24,1
3590374,32500,151398,3914,22,3
3590403,34049,123645,3646,20,4
3590438,64553,90738,3248,20,4
3590438,64553,190110,7668,20,4
3590561,60548,64950,2469,13,4
3590629,62477,195826,8346,17,1
3590690,58802,102136,2137,23,3
3590947,71008,180142,5179,13,4
3591076,69740,113442,8465,14,0
3591265,48889,106476,1497,18,2
3591392,70097,114802,4803,1,1
3591522,26186,185491,3046,17,1
3591655,67717,54076,4077,18,2
3591686,45731,166102,6103,21,2
3591778,74224,21107,3610,22,3
3591778,74224,46451,8956,22,3
3591813,39065,78371,3386,24,1
3591874,26587,28469,3474,23,3
3591874,26587,77784,5306,23,3
3591905,71962,194180,1738,15,0
3592069,35794,54883,9894,15,0
3592192,20324,157154,7155,12,2
3592420,71320,177329,7330,17,1
3592487,45622,89829,2338,22,3
3592550,57734,585,5586,17,1
3592677,67582,60147,2654,17,1
3592677,67582,143528,8557,17,1
3592775,61072,52890,2891,20,4
3593057,21536,100992,8523,21,2
3593187,32767,142108,7137,19,3
3593281,63799,196471,1510,14,0
3593347,44834,84137,4138,17,1
3593348,72124,63623,3624,24,1
3593891,41551,124778,7291,17,1
3594336,22957,87478,9987,12,2
3594337,31597,94583,9602,16,0
3594694,59269,6485,8986,23,3
3595652,26515,116540,9052,0,0
3596132,45898,116466,1489,15,0
3596291,26555,194292,9331,14,0
3596321,42694,20888,5893,24,1
3596455,35087,68259,5778,21,2
3596704,48859,166847,4396,17,1
3596705,70252,12150,7153,1,1
3596708,56056,124893,2430,13,4
3596897,29167,97322,9832,21,2
3596992,40714,181762,6799,18,2
3597029,28360,21613,1614,12,2
3597089,1462,170401,2919,17,1
3597189,21737,9760,2261,21,2
3597249,40628,176902,4454,17,1
3597635,67607,45746,5747,19,3
3597767,58124,67935,2948,16,0
3597798,69074,63839,1358,16,0
3597894,30512,127747,5284,15,0
3598180,20287,76026,3548,20,4
3598212,73109,103843,3844,13,4
3598625,66653,192700,7739,12,2
3598885,48140,104394,4395,21,2
3598912,26110,4023,1524,12,2
3599396,52747,169948,7497,20,4
3599398,40180,97167,4695,24,1
3599398,40180,104685,4686,24,1
3599426,53617,72512,2513,19,3
3599463,69407,46386,8891,22,3
3599494,21925,63483,5990,23,3
3599590,31934,150689,8235,21,2
3599781,72365,80921,5938,22,3
3600513,54664,15956,5957,12,2
3600548,73213,48265,5778,21,2
3600806,39149,30369,5376,20,4
3600838,58271,78343,5865,23,3
3600868,53947,197958,2997,15,0
3601031,70862,124219,9244,1,1
3601031,70862,134200,6714,1,1
3601093,25522,26104,6105,18,2
3601220,44867,130391,7931,1,1
3601444,40756,14277,6779,0,0
3601506,19757,104117,6628,13,4
3601668,30365,38875,8876,20,4
3601668,30365,157522,7523,20,4
3601669,31765,74096,1618,17,1
3601728,50701,25327,2834,12,2
3601894,60046,11273,1274,20,4
3602019,59491,26602,9105,12,2
3602051,63670,155818,3364,16,0
3602180,45353,56899,1910,21,2
3602436,28513,933,5934,19,3
3602436,28513,68202,8203,19,3
3602595,57305,70303,2811,19,3
3602595,57305,131485,1486,19,3
3602883,31336,159249,6795,20,4
3603008,24095,190992,8550,1,1
3603429,52390,197454,5012,0,0
3603494,20326,180148,5185,19,3
3603521,38578,108291,3312,13,4
3603811,68218,156929,1960,20,4
3603813,48908,150831,5862,14,0
3604391,67951,51806,6817,24,1
3604869,29779,93598,3599,16,0
3605187,29111,197774,7775,16,0
3605344,74086,176177,8695,20,4
3605474,27916,42964,2965,19,3
3605543,64450,119083,1595,20,4
3605570,59273,114429,1963,16,0
3605892,64522,177602,5154,17,1
3605955,59710,35976,5977,24,1
3606048,22618,142885,5400,23,3
3606048,22618,146334,6335,23,3
3606118,74596,36915,6916,24,1
3606118,74596,50696,8212,24,1
3606118,74596,70207,7729,24,1
3606404,58459,166846,6847,13,4
3606754,73796,165445,2994,18,2
3606850,67393,88560,6085,19,3
3606852,38486,29759,7266,18,2
3607072,29182,166723,9240,14,0
3607332,73645,75091,2613,15,0
3607492,46348,54278,6784,13,4
3607586,72745,78285,3300,13,4
3607650,71362,166438,3987,24,1
3607778,18806,136863,1890,12,2
3607844,19034,180731,8286,1,1
3607846,51829,155883,8399,12,2
3608384,25772,184532,4533,19,3
3608737,67615,139846,4873,20,4
3608867,68392,45306,2819,13,4
3609120,62761,31054,3558,12,2
3609284,51529,194183,1741,12,2
3609376,53416,158030,5576,0,0
3609605,74203,107526,2547,1,1
3609794,27856,129439,1952,13,4
3609831,55660,40532,5541,18,2
3609831,55660,79924,4939,18,2
3609856,55960,184932,9969,12,2
3609861,59824,60924,8443,13,4
3609893,36223,130770,8310,20,4
3609924,24130,150277,5308,21,2
3610018,55222,159588,7134,17,1
3610151,34583,33429,5933,23,3
3610309,48946,59303,1809,20,4
3610310,23278,50665,5676,21,2
3610373,23977,94431,1959,17,1
3610433,61961,73766,3767,16,0
3610464,25847,71054,3562,16,0
3610535,20020,15793,3297,17,1
3610661,63686,127377,7378,16,0
3611041,33601,187527,2564,0,0
3611078,72656,62074,9593,17,1
3611106,55415,191709,1710,21,2
3611362,49805,47561,2570,15,0
3611393,34336,101572,6593,1,1
3611460,19915,62229,7242,0,0
3611649,33373,89872,2381,15,0
3611649,33373,149996,9997,15,0
3611936,20830,38069,5579,21,2
3612386,72368,164853,9886,16,0
3612514,18862,15938,3442,0,0
3613092,42250,159364,6910,19,3
3613251,66376,44845,7350,14,0
3613376,34201,62693,7706,23,3
3613413,69796,30768,8278,13,4
3613537,25927,147219,4762,1,1
3613893,20963,15213,7715,21,2
3613985,27166,46338,3851,16,0
3614083,61234,17144,7145,22,3
3614272,48125,41513,9026,16,0
3614305,67633,128023,3048,20,4
3614338,52928,17710,5214,1,1
3614595,21634,38837,3844,13,4
3614660,41956,124857,9882,15,0
3614694,66479,89509,4526,17,1
3614849,71254,177412,7413,13,4
3615136,66556,61137,8656,18,2
3615136,66556,99223,4242,18,2
3615141,64645,168000,5549,0,0
3615174,59761,1638,4139,14,0
3615330,38876,47491,5004,20,4
3615555,61655,80041,7566,18,2
3615558,53383,113786,6298,23,3
3615751,73831,28924,6431,24,1
3615943,63235,90607,5626,13,4
3615943,63235,161415,1416,13,4
3616128,32839,146802,1831,14,0
3616128,32839,199402,6960,14,0
3616611,50522,68620,3633,24,1
3616644,19883,114572,7084,21,2
3616806,56437,63270,8283,20,4
3616932,57263,110746,3258,19,3
3617089,32008,177153,4705,23,3
3617220,46954,71590,4098,15,0
3617250,23464,5878,3379,24,1
3617312,32755,179426,4461,24,1
3617474,41257,141643,4158,19,3
3617568,44591,142454,2455,16,0
3617570,45803,15713,5714,19,3
3617637,24395,94399,6909,20,4
3617667,63712,113769,1303,12,2
3617824,42124,18109,5613,20,4
3617922,32609,41974,6983,14,0
3618086,52360,120414,2927,21,2
3618119,59945,36921,4431,18,2
3618406,70348,2856,5357,13,4
3619044,49832,156335,1366,23,3
3619653,28732,34068,1578,24,1
3619653,28732,123072,3073,24,1
3619712,52018,159155,1671,23,3
3620164,40372,170832,8384,15,0
3620353,66640,122585,2586,19,3
3620738,47752,59770,9771,24,1
3621089,25559,59617,2123,14,0
3621318,62059,88442,8443,13,4
3621508,74537,34474,1984,24,1
3621510,51578,54985,7491,20,4
3621796,44374,69008,6527,16,0
3621888,49105,106078,8589,0,0
3621927,19295,36789,9293,16,0
3621956,51601,90045,2555,22,3
3621956,51601,172820,5338,22,3
3622083,21887,61517,6530,24,1
3622211,25306,149015,9016,22,3
3622246,49639,117785,5319,20,4
3622277,42748,142307,2308,17,1
3622306,52342,59584,2090,13,4
3622565,43327,185034,2589,12,2
3622720,28213,41487,1488,23,3
3622823,36223,11352,1353,20,4
3623076,47098,16743,6744,0,0
3623079,33344,92098,4608,19,3
3623109,67222,188550,8551,20,4
3623394,51253,64211,9224,20,4
3623424,74917,29474,6981,0,0
3623431,37697,99667,2177,0,0
3623622,34397,84243,6752,18,2
3623745,36512,37064,7065,15,0
3623749,48793,113687,3688,16,0
3623875,47092,17263,9765,23,3
3623877,45661,181161,6198,16,0
3624003,37855,68001,5520,22,3
3624004,45649,69618,4631,17,1
3624166,54847,106995,4526,17,1
3624353,57014,81433,6450,20,4
3624356,19589,139124,4151,14,0
3624421,29317,70401,7923,16,0
3624517,54574,149467,1982,14,0
3624582,69865,67277,4796,21,2
3624673,68623,78250,3265,15,0
3625056,33811,163593,8626,17,1
3625093,38753,151772,6803,17,1
3625222,40330,88048,3065,1,1
3625222,40330,104927,9948,1,1
3625254,36841,21335,3838,16,0
3625254,36841,105862,3393,16,0
3625254,36841,135510,5511,16,0
3625316,72745,7831,2832,13,4
3625348,49424,168898,1415,16,0
3625443,19615,99589,9590,15,0
3625510,60589,114569,9592,18,2
3625798,69539,87557,2574,17,1
3625894,69043,117684,5218,18,2
3626021,61172,34350,1860,18,2
3626146,56425,35460,7964,0,0
3626500,45695,133012,5526,22,3
3626913,28810,119411,6945,15,0
3626945,36490,13499,3500,13,4
3627141,69565,27746,7747,14,0
3627168,23902,51606,6617,20,4
3627201,38315,197444,2483,20,4
3628131,57151,156246,1277,0,0
3628292,1660,82439,7456,21,2
3628545,43142,19737,4740,21,2
3628832,63943,180341,7896,20,4
3628898,43615,9231,1732,18,2
3628996,40132,197695,2734,1,1
3628998,33790,59921,4932,15,0
3629191,21169,5936,8437,22,3
3629282,24101,178738,3773,21,2
3629315,36488,169792,4825,24,1
3629348,31097,154561,2107,1,1
3629443,28372,105967,5968,15,0
3629505,24310,196372,1411,14,0
3629927,73390,175751,5752,24,1
3629956,24089,169965,7514,17,1
3630021,63392,53125,8136,20,4
3630434,50155,167529,2562,18,2
3630630,58894,61571,9090,19,3
3631143,59998,190458,8016,1,1
3631395,47998,54894,7400,21,2
3631782,71971,72036,4544,19,3
3631782,71971,145810,5811,19,3
3631911,53410,16328,6329,12,2
3631911,53410,18860,8861,12,2
3632037,1780,199628,7186,17,1
3632038,39475,173826,1378,18,2
3632356,67448,190571,3091,14,0
3632449,56842,125177,2714,12,2
3632577,58981,106624,1645,13,4
3632833,54350,129982,5007,12,2
3632864,28519,106293,3824,0,0
3632928,73094,92237,9765,23,3
3633027,36232,79304,4319,13,4
3633030,20351,70017,7539,18,2
3633063,27052,61961,9480,14,0
3633092,58354,148067,5610,22,3
3633155,34861,122791,5304,20,4
3633189,69854,162478,7511,20,4
3633281,66011,117685,2708,12,2
3633312,20434,67893,5412,14,0
3633315,73456,62851,2852,19,3
3633317,62863,158802,3833,17,1
3633796,62321,48186,8187,18,2
3633889,26353,31914,1915,13,4
3633889,26353,129135,4160,13,4
3633955,41405,37058,2065,0,0
3634336,40421,139990,9991,13,4
3634402,36431,31654,9164,20,4
3634404,27931,88479,3496,14,0
3634468,42523,363,5364,1,1
3634723,28016,84122,4123,12,2
3634850,30568,44097,4098,15,0
3635136,73051,169337,1854,1,1
3635296,1648,98485,8486,23,3
3635395,60221,95392,7902,12,2
3635398,44564,45768,3281,13,4
3635494,67312,43728,3729,24,1
3635525,35263,24142,4143,19,3
3635559,55504,118348,5882,17,1
3635812,50446,29835,4840,20,4
3635872,31906,98000,8001,0,0
3635970,50375,128936,6473,22,3
3636005,18778,85097,5098,1,1
3636103,45407,66650,6651,0,0
3636130,41206,82066,9591,23,3
3636321,19234,10648,5651,13,4
3636519,68321,150424,7970,19,3
3636545,64838,81871,6888,21,2
3636646,64354,6479,1480,23,3
3636646,64354,172293,4811,23,3
3636676,63937,162693,5210,0,0
3636837,40939,73441,8456,19,3
3636871,72904,137147,9661,22,3
3636930,41309,153935,1481,21,2
3636993,69017,85547,5548,21,2
3636998,24358,51715,6726,23,3
3637280,29570,108312,3333,24,1
3637378,58532,130028,5055,21,2
3637410,1237,48500,6013,20,4
3637440,68846,12360,9864,23,3
3637475,26866,58502,8503,0,0
3637504,47503,78143,5665,0,0
3637505,54094,47859,2868,16,0
3637639,42887,33425,3426,1,1
3637731,55144,49617,7130,24,1
3637860,59161,169478,9479,19,3
3638052,70985,146991,6992,18,2
3638177,72859,3738,8739,20,4
3638535,29849,11710,9214,24,1
3638596,36736,152331,2332,1,1
3638753,53206,187774,5329,14,0
3638790,66067,117333,9845,1,1
3638951,46658,198406,8407,16,0
3639300,23254,139979,2493,1,1
3639458,72232,27450,9953,12,2
3639687,36904,159259,9260,23,3
3639714,39424,111862,9396,16,0
3639840,26557,79003,6525,23,3
3639905,73796,178905,6457,18,2
3639907,51242,6379,3880,21,2
3639971,46048,109752,4773,1,1
3640097,54127,14435,4436,15,0
3640288,46567,73912,3913,23,3
3640451,68960,124636,9661,22,3
3640546,62488,99170,4189,1,1
3640999,50164,33600,8607,22,3
3641088,29434,50646,8162,21,2
3641091,73796,30260,7770,18,2
3641379,40849,193765,6285,16,0
3641607,52255,162595,2596,20,4
3641856,21394,42788,7797,13,4
3641990,37655,159587,9588,19,3
3642084,51287,13804,6306,22,3
3642245,24542,72045,7060,16,0
3642277,28393,184167,6686,16,0
3642339,71915,16712,4216,22,3
3642339,71915,73965,6473,22,3
3642434,58618,144409,9438,0,0
3642723,31498,84462,9479,19,3
3642755,36461,153565,8596,18,2
3642756,40853,1832,1833,16,0
3642882,53635,126226,1251,20,4
3642916,74296,36756,1763,18,2
3642947,56894,44479,1992,14,0
3643012,28490,121947,4460,22,3
3643073,23479,51685,9201,17,1
3643107,37390,24919,4920,19,3
3643425,61546,58998,8999,18,2
3643430,72442,55033,7539,18,2
3643683,46355,52310,4816,13,4
3644259,68863,76908,6909,20,4
3644261,39050,71550,9072,14,0
3644324,23137,49402,4411,23,3
3644356,41323,133669,6183,22,3
3644452,31315,128761,6298,23,3
3644577,70651,32357,4861,22,3
3644579,40177,33336,8343,21,2
3645344,21286,126873,9386,13,4
3645415,31333,51815,4321,20,4
3645798,65473,138554,3581,1,1
3646048,30199,168067,8068,23,3
3646081,51344,17500,5004,20,4
3646176,51982,98973,6501,24,1
3646279,59875,111900,9434,18,2
3646562,50159,99281,6809,22,3
3646597,44101,15174,7676,0,0
3646624,62380,163346,3347,23,3
3646659,70739,17712,2715,18,2
3647143,54140,130619,5646,0,0
3647234,30206,79588,9589,15,0
3647301,71816,141590,9133,17,1
3647429,40198,82044,2045,14,0
3647520,54671,19467,1969,0,0
3647520,54671,42219,9732,0,0
3647520,54671,85947,5948,0,0
3647584,61213,132046,4560,19,3
3647717,51958,19449,1951,20,4
3647975,66085,147649,7650,18,2
3648192,22555,27553,2558,24,1
3648228,66799,191758,6797,13,4
3648294,20057,124624,4625,20,4
3648294,20057,196914,4472,20,4
3648419,71824,166471,6472,22,3
3648483,55436,191254,1255,14,0
3648515,51472,14205,1709,15,0
3648613,72437,9180,4181,19,3
3648867,23803,56663,1674,18,2
3649283,45202,41010,6019,22,3
3649731,55411,74631,7139,0,0
3649765,38225,41621,6630,12,2
3650051,59858,90059,5078,0,0
3650535,56615,186715,9234,22,3
3650564,61525,5398,7899,15,0
3650754,41501,48759,3768,19,3
3650754,41501,172075,2076,19,3
3650818,61147,113926,6438,18,2
3650822,68798,116095,8607,22,3
3651042,41584,159086,9087,23,3
3651042,41584,166172,8689,23,3
3651301,27200,116084,8596,18,2
3651301,27200,184620,9657,18,2
3651366,52559,69372,1879,13,4
3651459,24983,132715,7742,23,3
3651558,46186,57157,7158,13,4
3651904,20971,112587,5099,12,2
3651907,66508,71712,9234,22,3
3651937,23731,124293,4294,24,1
3651975,34549,76634,9142,16,0
3652002,74320,114359,4360,21,2
3652039,50785,136535,1562,14,0
3652070,21770,48801,3810,21,2
3652167,45220,122142,9679,12,2
3652615,23737,72469,9991,13,4
3652736,47993,20317,7824,1,1
3652768,21178,186095,6096,18,2
3652865,59419,93238,5748,23,3
3652928,41056,64883,9896,20,4
3652928,41056,72614,2615,20,4
3653122,48292,37484,4994,20,4
3653153,51221,43203,8212,24,1
3653510,54073,110591,5614,19,3
3653540,68030,24290,1797,15,0
3653667,25045,132167,2168,12,2
3653761,47063,68250,5769,12,2
3653767,42548,140597,5626,13,4
3653986,68386,141169,3684,23,3
3654178,67048,193691,8730,22,3
3654179,59296,130001,2515,1,1
3654342,30272,184442,4443,12,2
3654470,27644,47177,4690,15,0
3654471,60307,97626,5154,17,1
3654496,22609,75719,8227,15,0
3654660,46015,16446,3950,17,1
3654689,28174,197726,5284,15,0
3654790,60070,140390,2905,12,2
3654883,28546,104142,6653,12,2
3654912,27323,190743,3263,14,0
3654948,69778,90450,5469,20,4
3655012,66005,19369,4372,21,2
3655012,66005,118641,6175,21,2
3655012,66005,118963,8964,21,2
3655074,28084,111408,6431,24,1
3655236,74257,128250,5787,23,3
3655650,68209,80096,5113,0,0
3655941,61060,153439,8470,23,3
3655974,41722,121944,4457,1,1
3656100,55877,28799,8800,14,0
3656416,63497,89459,4476,19,3
3656421,53173,173751,8786,22,3
3656544,55205,98229,3248,20,4
3656613,53257,179477,9478,23,3
3656902,19174,946,8447,23,3
3656902,19174,20782,5787,23,3
3656902,19174,78789,8790,23,3
3657223,43730,85904,8413,1,1
3657345,43699,69709,9710,12,2
3657411,67312,93126,3127,24,1
3657413,19796,35488,5489,0,0
3657472,74735,176094,6095,17,1
3657475,47521,132671,7698,1,1
3657475,47521,190458,8016,1,1
3657762,24280,22282,9789,22,3
3658083,38018,27166,2171,18,2
3658178,33832,178396,3431,22,3
3658243,72887,90029,5048,12,2
3658276,41950,179151,4186,17,1
3658437,49576,122613,5126,1,1
3658564,44206,43193,5698,16,0
3658624,33419,22754,2755,23,3
3658688,43852,39312,6822,12,2
3658822,42694,98224,5752,24,1
3658947,33700,124992,2529,21,2
3659011,65080,178827,3862,21,2
3659044,42346,81057,6074,23,3
3659104,59236,142805,2806,23,3
3659265,47479,80784,3293,0,0
3659269,68704,153770,8801,1,1
3659399,20621,73602,6110,12,2
3659460,41200,14687,2191,14,0
3659460,41200,147982,5525,14,0
3659489,35200,10893,5896,20,4
3659489,35200,56704,6705,20,4
3659522,67336,189872,2391,17,1
3659937,27970,66758,9265,0,0
3660550,68356,68897,8898,0,0
3660608,29915,131684,1685,16,0
3660615,55685,44466,9475,16,0
3660640,38836,158548,6094,0,0
3660771,52991,194491,4492,22,3
3660838,60034,78896,3911,14,0
3660865,57313,124608,9633,21,2
3660994,42862,105861,8372,0,0
3661155,66803,93532,8551,20,4
3661251,47464,117619,5153,23,3
3661476,38266,140452,7995,17,1
3661505,53635,80632,5649,20,4
3661890,36872,189649,4686,24,1
3662149,26038,187071,2108,15,0
3662208,71098,61708,1709,15,0
3662311,45055,32142,7149,16,0
3662466,44065,156915,4461,24,1
3662535,60631,50871,8387,22,3
3662853,69727,150039,5070,13,4
3662913,56437,179965,2483,20,4
3662983,72128,121364,8901,24,1
3663076,62573,160597,5630,18,2
3663207,42076,43905,6410,22,3
3663235,71599,11736,4238,0,0
3663654,24781,191593,4113,19,3
3663680,40445,67128,4647,19,3
3663814,74995,155403,2949,20,4
3664323,39412,15073,5074,17,1
3664416,55858,76988,4510,12,2
3664416,55858,137215,2242,12,2
3664613,18922,105919,8430,13,4
3664774,57058,76152,8660,24,1
3664901,68074,146792,4335,23,3
3665414,70553,51450,3956,17,1
3665568,23545,70550,8072,1,1
3665605,56371,99835,9836,22,3
3665767,19501,20335,5340,17,1
3665890,60905,2856,5357,13,4
3665893,43684,104991,7502,18,2
3666021,26215,21068,3571,24,1
3666118,24334,86275,1292,13,4
3666244,23909,173472,8507,17,1
3666244,23909,181575,4094,17,1
3666273,51418,131842,9382,18,2
3666279,23798,69586,4599,21,2
3666465,58411,193885,6405,1,1
3666470,74218,121180,8717,22,3
3666597,60598,132028,2029,14,0
3666691,24764,112344,4856,19,3
3666693,59113,34869,4870,16,0
3667072,30097,28325,5832,18,2
3667333,43165,170073,7625,23,3
3667458,41873,127696,5233,12,2
3667522,37202,82722,2723,23,3
3667650,58324,113210,3211,24,1
3667650,58324,135427,7941,24,1
3667682,18907,173143,3144,0,0
3667712,49354,38400,5910,17,1
3667745,64760,118326,8327,15,0
3667973,30238,95237,2765,0,0
3668069,52270,82120,7137,19,3
3668131,62563,169868,7417,20,4
3668131,62563,171399,8951,20,4
3668192,30782,74292,6800,20,4
3668260,59773,134580,4581,1,1
3668384,50647,100902,3413,17,1
3668455,28958,14921,9924,23,3
3668549,60403,180236,2755,23,3
3668738,40651,121018,3531,15,0
3668867,51535,122130,7155,12,2
3668896,45460,82338,7355,18,2
3668964,67402,112060,9594,21,2
3668967,54319,56887,4403,16,0
3669219,23539,137890,5430,17,1
3669255,48424,89204,1713,12,2
3669282,27292,96869,9379,22,3
3669287,58276,183767,6286,22,3
3669312,74357,115166,2700,15,0
3669347,22457,10237,2739,22,3
3669350,65047,160845,8394,20,4
3669377,47266,20146,7653,22,3
3669733,59173,85120,5121,14,0
3669829,45787,116425,8937,13,4
3669857,19861,6296,8797,22,3
3669860,55162,125378,5379,21,2
3669922,60727,64658,7165,0,0
3670467,20383,79095,1603,0,0
3670533,57184,136298,3838,16,0
3670564,53552,1943,9444,17,1
3670598,47701,39130,9131,21,2
3670755,36004,43099,8108,19,3
3670788,33715,81788,6805,12,2
3671104,57733,88957,3974,23,3
3671141,36808,65673,3192,15,0
3671683,48049,199968,5007,12,2
3671877,67649,120429,5454,16,0
3672002,53788,174349,6867,18,2
3672034,74686,21519,6524,19,3
3672037,53569,194045,6565,24,1
3672167,24787,102419,4930,0,0
3672167,24787,151192,8738,0,0
3672228,26555,63710,3711,14,0
3672291,52078,199454,4493,24,1
3672449,36412,119189,1701,15,0
3672800,55096,117378,7379,12,2
3672896,41099,66802,1815,19,3
3672899,67585,161781,1782,14,0
3673024,36446,44928,9937,21,2
3673219,59509,72392,9914,1,1
3673254,70868,29799,9800,13,4
3673477,46124,179950,9951,17,1
3673926,72832,110686,8220,13,4
3674178,34261,159506,9507,1,1
3674209,31657,195312,2870,17,1
3674564,37031,189072,4109,20,4
3674725,48692,144418,6933,0,0
3674752,66520,16227,3731,23,3
3674755,25957,53545,8556,22,3
3674946,72472,78806,6328,19,3
3674976,61150,158886,1402,1,1
3675142,68777,190599,5638,1,1
3675233,40444,45475,7980,22,3
3675492,66286,63845,8858,16,0
3675585,23710,171196,3714,23,3
3675623,62194,180519,5556,13,4
3675747,32977,41560,6569,20,4
3676068,24011,84902,7411,18,2
3676069,39530,94991,2519,1,1
3676069,39530,166790,1823,1,1
3676454,18973,199511,9512,14,0
3676544,26407,174379,6897,17,1
3676578,57160,82062,7079,16,0
3676803,62971,135933,8447,23,3
3676832,64618,78217,3232,22,3
3676838,50374,45391,5392,0,0
3676839,25948,109214,4235,14,0
3676865,56636,170673,5708,16,0
3677188,74428,113684,8707,16,0
3677188,74428,173899,1451,16,0
3677218,25870,117613,5147,15,0
3677220,24308,56658,4174,21,2
3677223,60307,51935,9451,17,1
3677253,47032,116896,9408,23,3
3677382,47914,20016,7523,20,4
3677665,57772,69894,9895,18,2
3677699,22838,170809,5844,12,2
3677830,55843,148928,1443,15,0
3678021,20579,42262,9775,18,2
3678021,20579,89589,2098,18,2
3678051,55108,44916,2429,1,1
3678081,35828,92809,5319,20,4
3678210,55378,179619,2137,23,3
3678214,61720,164838,4839,23,3
3678215,49078,108552,3573,21,2
3678215,49078,115918,3452,21,2
3678279,37606,81335,8860,19,3
3678435,63839,181876,4395,21,2
3678912,24937,175215,5216,17,1
3678946,30904,94842,9861,20,4
3679009,24670,168950,3983,18,2
3679172,45497,17468,4972,16,0
3679236,48718,53131,3132,0,0
3679238,71344,24126,4127,21,2
3679394,31460,152376,7407,23,3
3679623,29623,89958,7483,17,1
3679973,24566,50886,8402,19,3
3680000,63593,139755,9756,18,2
3680517,53515,92957,5467,0,0
3680645,42991,171688,9240,14,0
3680678,38335,70791,3299,24,1
3680737,27377,111190,6213,14,0
3680868,24742,43317,3318,17,1
3680868,24742,134627,7141,17,1
3680896,28330,23861,1368,21,2
3680896,28330,60771,8290,21,2
3681030,22339,191072,6111,14,0
3681126,27205,105294,2825,24,1
3681255,55502,188720,3757,23,3
3681638,50182,90689,5708,16,0
3681667,31606,161703,4220,21,2
3681988,64204,21296,1297,14,0
3681988,64204,108404,8405,14,0
3682053,41107,177074,9592,18,2
3682114,31474,28224,8225,0,0
3682272,35783,186928,4483,17,1
3682338,42058,91679,9207,22,3
3682341,19084,149131,1646,23,3
3682369,61384,26766,4273,15,0
3682406,19093,42488,1,17,1
3682432,40075,165838,3387,17,1
3682471,71230,144733,4734,0,0
3682631,47827,73371,8386,21,2
3682851,25036,22194,2195,18,2
3682880,61984,49884,4893,0,0
3682912,48461,26325,3832,14,0
3682918,36542,58547,3558,12,2
3682982,68863,126891,1916,20,4
3683362,34171,122887,2888,21,2
3683749,40150,199061,4100,20,4
3683908,34490,77485,5007,12,2
3684197,56908,19179,9180,23,3
3684420,51884,81223,3732,17,1
3684512,1666,187791,5346,22,3
3684546,63155,110027,5050,14,0
3684646,19126,63282,5789,21,2
3684836,35809,16653,9155,17,1
3685124,69799,130402,5429,21,2
3685378,38566,193987,9026,16,0
3685447,39929,57213,7214,1,1
3685447,39929,89193,4210,1,1
3685570,28349,134046,1586,18,2
3685605,65117,81027,8552,23,3
3686215,73052,193172,3173,15,0
3686310,63778,24519,7022,17,1
3686403,36332,147280,9795,13,4
3686403,36332,197260,9780,13,4
3686530,22511,48741,6254,21,2
3686625,72716,189486,7041,1,1
3686629,48712,171287,8839,12,2
3686658,22960,91010,6029,1,1
3686759,67034,14255,4256,13,4
3686848,55078,109699,4720,17,1
3686881,74722,71825,9347,15,0
3686915,60170,83679,8696,24,1
3687585,71353,110839,5862,14,0
3687588,36311,154417,9448,1,1
3687907,30079,6529,9030,22,3
3687911,57979,50826,5837,23,3
3687911,57979,137011,7012,23,3
3688068,27742,128347,5884,1,1
3688102,32675,102269,2270,21,2
3688391,70979,138837,1351,21,2
3688452,41272,136828,6829,19,3
3688513,49340,3831,3832,14,0
3688514,43277,186793,4348,15,0
3688673,40421,41221,3726,13,4
3688673,40421,144492,2035,13,4
3689248,58013,135447,2987,22,3
3689249,23531,65714,8221,17,1
3689440,29989,38798,8799,24,1
3689509,74969,122317,2318,24,1
3689824,22966,58072,3083,18,2
3690050,29773,126515,9028,14,0
3690087,54751,134239,4240,15,0
3690114,53851,170760,3278,0,0
3690117,31756,76571,1586,18,2
3690210,46678,68272,5791,19,3
3690338,70531,104608,7119,12,2
3690501,45223,75602,3124,15,0
3690560,25864,138238,3265,15,0
3690629,21799,136147,8661,22,3
3690725,58288,165334,7851,23,3
3690758,64462,51892,1893,14,0
3690758,64462,170738,5773,14,0
3690788,33763,98825,6353,23,3
3691009,56816,138414,8415,17,1
3691047,69554,93093,5603,0,0
3691264,35327,80930,5947,13,4
3691297,29924,13099,8102,0,0
3691494,65671,94569,4570,18,2
3691619,35471,165364,2913,14,0
3691780,26236,29535,4540,16,0
3691780,26236,189456,7011,16,0
3691783,59030,36808,6809,22,3
3691904,20308,38771,6281,20,4
3692417,55639,145885,8400,18,2
3692518,50800,67746,7747,14,0
3692738,53443,159125,6671,1,1
3692870,19499,194808,2366,14,0
3692995,46270,165391,5392,0,0
3693025,69211,13239,5741,13,4
3693125,50425,61201,6214,23,3
3693218,55321,19386,9387,18,2
3693223,20644,184242,9279,18,2
3693378,58309,131428,1429,21,2
3693410,38011,13920,8923,19,3
3693508,59833,129200,4225,18,2
3693795,20369,164581,2130,13,4
3693797,29077,110443,2955,19,3
3693955,38797,26404,3911,14,0
3694021,20596,160938,5971,23,3
3694307,67819,29981,7488,0,0
3694534,22840,46928,9433,18,2
3694594,49063,30180,7690,18,2
3694626,41030,124126,1663,13,4
3694821,19330,133310,5824,19,3
3694948,50861,157315,7316,15,0
3695079,50375,170957,8509,22,3
3695330,45583,14866,7368,14,0
3695489,38887,18886,6390,13,4
3695621,19705,102241,7262,14,0
3695714,54850,414,7915,20,4
3695747,42055,174996,7514,17,1
3695875,42958,30521,5528,12,2
3695943,72637,13809,6311,22,3
3696005,22498,19481,4484,22,3
3696070,42319,53516,3517,20,4
3696197,44515,15233,5234,16,0
3696416,56305,159875,2391,17,1
3696418,1318,188637,3674,14,0
3696453,41248,146127,8642,21,2
3696550,32969,171461,3979,19,3
3696642,25063,105257,2788,17,1
3696835,20296,147625,7626,20,4
3696903,48238,29887,9888,21,2
3697127,44479,116811,9323,12,2
3697345,31927,68353,3366,13,4
3697345,31927,180910,5947,13,4
3697414,72571,189707,7262,14,0
3697697,70240,170074,7626,20,4
3697794,38182,119974,9975,17,1
3698051,31904,81354,6371,23,3
3698084,66823,8395,8396,20,4
3698242,32734,36650,4160,13,4
3698242,32734,177095,2130,13,4
3698272,71752,95825,3353,16,0
3698272,71752,114340,1874,16,0
3698342,30769,8484,3485,14,0
3698373,71440,44524,2037,12,2
3698659,51901,150658,3174,1,1
3698662,38578,107176,4707,13,4
3698693,49399,124260,6773,24,1
3698855,28657,11344,1345,12,2
3699111,1864,122288,2289,22,3
3699714,21560,196560,9080,14,0
3699783,32248,198514,8515,19,3
3699840,40225,109424,6955,12,2
3699844,43783,183457,5976,22,3
3699907,65098,175890,5891,15,0
3700035,38083,35905,3415,17,1
3700480,26066,79421,1929,22,3
3700833,29095,73689,8704,21,2
3700964,19565,12492,2493,1,1
3701062,39970,135935,3475,21,2
3701284,74227,162738,5255,0,0
3701796,43603,45104,7609,17,1
3702115,32234,185037,7556,23,3
3702183,31501,33053,8060,16,0
3702241,73636,132129,7156,0,0
3702436,48391,154169,4170,18,2
3702468,42826,175261,2813,14,0
3702592,46579,15227,2731,19,3
3702624,57514,105225,2756,17,1
3702624,57514,135000,7514,17,1
3702656,46903,113404,3405,16,0
3702656,46903,181705,1706,16,0
3702723,38515,11655,6658,23,3
3702753,26683,172293,9845,1,1
3702949,22528,133147,8174,13,4
3703140,34069,1036,3537,19,3
3703172,47527,197981,3020,19,3
3703298,49213,122347,4860,17,1
3703587,48005,1168,8669,20,4
3703587,48005,117868,2891,20,4
3703713,1645,135333,5334,16,0
3703719,65494,193640,8679,21,2
3703875,63497,109539,4560,19,3
3703909,25157,18781,3784,19,3
3704001,67619,121840,9377,13,4
3704161,64162,36775,1782,14,0
3704225,19498,155063,5064,21,2
3704320,60394,137212,2239,0,0
3704322,34315,138433,8434,13,4
3704385,39562,164193,1742,21,2
3704642,62968,49756,2261,21,2
3704645,30139,92528,2529,21,2
3704930,46586,169541,2058,1,1
3704994,42760,95608,5609,23,3
3705090,60539,166706,6707,13,4
3705605,43700,156680,4226,12,2
3705605,43700,165882,8399,12,2
3706244,40736,2898,5399,17,1
3706278,20296,119757,9758,20,4
3706721,64840,16006,3510,1,1
3706788,73999,166799,4348,15,0
3706852,30157,12143,4645,18,2
3707072,47897,104180,6691,24,1
3707269,24448,1312,6313,12,2
3707366,19961,123748,6261,13,4
3707399,53557,78972,3987,24,1
3707553,22897,32811,2812,21,2
3708326,63367,61807,4314,19,3
3708451,71249,63731,8744,22,3
3708451,71249,120756,3269,22,3
3708487,50366,19048,9049,23,3
3709094,40219,155337,5338,22,3
3709187,55882,40321,5330,15,0
3709569,69641,74823,2345,22,3
3709761,55603,158625,8626,17,1
3709824,18913,21750,9257,17,1
3709921,21404,172583,5101,16,0
3710213,21443,121376,3889,14,0
3710306,66509,78308,5830,0,0
3710309,38650,84315,9332,21,2
3710498,59509,14682,7184,1,1
3710498,59509,69512,7031,1,1
3710692,50305,36046,6047,19,3
3710721,70685,54795,4796,21,2
3710753,28924,17303,4807,15,0
3710787,27094,18656,6160,16,0
3710851,65270,77319,2334,21,2
3710853,66775,79243,4258,23,3
3711008,29125,76538,6539,18,2
3711040,1352,70705,5720,20,4
3711041,59533,106506,6507,22,3
3711041,59533,183178,3179,22,3
3711074,60469,44953,9962,18,2
3711332,32774,14098,6600,1,1
3711586,20051,86611,1628,14,0
3711781,44953,47788,5301,15,0
3711781,44953,195223,7743,15,0
3711815,55984,123671,3672,18,2
3712003,56461,93649,8668,16,0
3712481,25666,49891,4900,17,1
3712481,25666,156192,8708,17,1
3712515,52301,166554,4103,24,1
3712737,45859,127064,7065,15,0
3712960,74462,39566,4573,1,1
3712995,60959,102010,9541,19,3
3713216,31531,43290,8299,1,1
3713536,34879,70314,7836,16,0
3713536,34879,144668,2211,16,0
3713728,43895,74506,7014,19,3
3713888,41704,77386,2401,13,4
3714023,51850,164415,1964,14,0
3714048,64330,112834,5346,22,3
3714148,51221,157117,2148,24,1
3714211,51610,187857,5412,14,0
3714274,59246,82925,5434,19,3
3714371,47914,31403,8913,20,4
3714373,72391,46761,4274,20,4
3714727,47786,81387,8912,17,1
3714819,59422,34355,9362,14,0
3715011,69814,125763,3300,13,4
3715047,56296,142122,7151,17,1
3715079,68812,158499,3530,18,2
3715169,28795,167158,2191,14,0
3715457,43451,178380,3415,17,1
3715491,67726,51974,9490,19,3
3715493,72643,18923,8924,14,0
3715557,69013,131513,9053,20,4
3715683,59998,8367,8368,1,1
3715684,74267,93829,1357,24,1
3715906,57910,50901,8417,13,4
3716097,35500,1418,1419,22,3
3716129,61456,173378,3379,24,1
3716423,46786,125086,2623,23,3
3716483,34327,29465,4470,23,3
3716485,41404,120780,5805,14,0
3716513,24982,114028,1562,14,0
3716608,57845,98557,6085,19,3
3716615,30446,54158,4159,24,1
3717220,62507,30564,8074,15,0
3717255,50968,101120,3631,17,1
3717284,38603,188189,5744,12,2
3717313,66073,139222,9223,1,1
3717348,43720,199766,9767,1,1
3717504,39014,115594,8106,13,4
3717504,39014,159990,9991,13,4
3717605,21997,193892,6412,0,0
3717697,42482,49679,2184,18,2
3717701,59123,161649,6682,20,4
3717728,22874,80869,5886,23,3
3717761,58660,43015,3016,17,1
3717765,1298,132880,2881,15,0
3718177,48307,127996,5533,16,0
3718369,55469,90592,8120,24,1
3718499,25601,149476,1991,1,1
3718530,56717,23569,3570,1,1
3718566,26533,186218,8737,21,2
3718695,50750,41667,4172,13,4
3718977,36019,78610,6132,1,1
3719110,32227,36775,1782,14,0
3719138,62572,20401,5406,22,3
3719138,62572,72773,7788,22,3
3719204,23551,99961,9962,18,2
3719266,22252,100512,8043,17,1
3719303,20779,171748,6783,1,1
3719520,39442,53024,8035,22,3
3719523,36340,187040,7041,1,1
3719878,71018,140226,7769,19,3
3720166,70558,96910,1929,22,3
3720193,24991,138178,3205,20,4
3720224,23251,18020,3023,22,3
3720228,63082,139130,9131,21,2
3720322,49745,191109,3629,18,2
3720643,52867,26077,8580,21,2
3720644,69608,164284,4285,20,4
3720896,30703,149307,6850,15,0
3720901,25420,192563,5083,18,2
3720960,46603,78195,5717,18,2
3721089,36842,23309,8314,22,3
3721094,27107,30677,3181,14,0
3721506,67511,74459,6967,20,4
3721568,54596,109103,6634,18,2
3721733,38626,69121,4134,24,1
3722051,65608,25622,8125,0,0
3722081,20509,74521,2043,19,3
3722244,22090,89235,1744,19,3
3722434,46604,16988,9490,19,3
3722944,22195,3256,3257,18,2
3722976,39506,115005,7517,20,4
3723042,66877,186847,6848,18,2
3723303,45098,84357,6866,22,3
3723331,58436,141074,6103,21,2
3723777,20905,166494,4043,13,4
3723808,59572,100708,3219,24,1
3723943,43672,189890,9891,20,4
3724034,45098,16749,4253,22,3
3724133,23698,130342,5369,0,0
3724226,21973,103432,8453,1,1
3724579,68543,42325,7334,21,2
3724673,55726,157379,4925,20,4
3724838,59525,152784,7815,12,2
3725344,34438,130568,8108,19,3
3725377,48382,6468,1469,16,0
3725415,67756,56707,4223,19,3
3725477,31768,9415,1916,20,4
3725574,40618,95373,5374,22,3
3725605,30532,102544,5055,21,2
3725702,27053,109874,2385,17,1
3726084,60463,123191,3192,15,0
3726113,39340,47110,4623,19,3
3726177,23386,5139,2640,12,2
3726182,37618,193693,6213,14,0
3726273,51119,182465,7502,18,2
3726309,55144,44869,7374,24,1
3726723,1202,92290,4800,0,0
3726853,73957,124318,6831,15,0
3726978,22172,41158,8671,20,4
3727014,46919,96352,8862,24,1
3727047,59677,15844,3348,15,0
3727169,22525,174376,9411,18,2
3727266,69476,45760,8265,24,1
3727302,42271,139931,7471,22,3
3727333,31151,174313,4314,19,3
3727395,21529,10048,7552,12,2
3727395,21529,111998,4510,12,2
3727522,52960,175891,8409,0,0
3727651,68812,9998,4999,18,2
3727712,40790,58723,8724,16,0
3727749,19706,3101,8102,0,0
3728032,51571,97450,2469,13,4
3728258,35917,112067,2068,18,2
3728263,37528,90447,2957,1,1
3728353,43552,169217,6766,12,2
3728420,69760,154257,9288,21,2
3728482,21124,52799,7810,20,4
3728581,43603,167626,2659,17,1
3728611,27130,181584,4103,24,1
3728640,71689,6788,9289,24,1
3728706,26980,73282,8297,14,0
3728867,21781,193094,5614,19,3
3728868,49202,157754,7755,22,3
3729190,34205,176169,3721,23,3
3729221,64867,156465,8981,24,1
3729316,35212,83779,8796,13,4
3729316,35212,162570,5087,13,4
3729536,19018,54010,1526,22,3
3729765,34502,36697,9201,17,1
3730311,47714,181487,6524,19,3
3730402,52597,84141,6650,22,3
3730529,38854,143250,5765,18,2
3730595,30202,88109,3126,24,1
3730631,44294,66390,6391,12,2
3730754,70250,155861,8377,21,2
3730817,24307,121846,4359,1,1
3731014,74840,94419,6929,23,3
3731234,51551,57006,7007,12,2
3731234,51551,103707,3708,12,2
3731298,36146,85780,3305,21,2
3731393,72901,68299,3312,13,4
3731488,33995,121402,6427,19,3
3731556,53315,65931,3450,22,3
3731585,27883,120983,3496,14,0
3731622,64631,159768,7314,16,0
3731843,31184,94781,4782,16,0
3731941,67772,5531,8032,16,0
3732032,59992,22037,9544,17,1
3732485,68929,92840,2841,23,3
3732707,67486,80854,8379,0,0
3732835,40609,33635,8642,21,2
3732899,37429,98628,8629,17,1
3732931,52726,59557,4568,23,3
3733159,25823,163140,3141,15,0
3733351,55172,24372,1879,13,4
3733377,37282,72162,2163,13,4
3733536,38440,186521,1558,16,0
3733536,38440,194069,9108,16,0
3733766,40328,164347,1896,20,4
3733795,24523,184300,4301,1,1
3733895,74800,95550,8060,16,0
3733895,74800,101722,9253,16,0
3734049,32887,189653,4690,15,0
3734400,74777,91626,4136,22,3
3734531,64393,29208,9209,23,3
3734980,29794,51084,6095,17,1
3735104,38051,183426,3427,23,3
3735361,71428,27552,2557,19,3
3735396,52151,25954,8457,16,0
3735461,67790,128282,3307,13,4
3735905,42328,137843,2870,17,1
3736135,65696,189447,7002,20,4
3736389,19813,121454,3967,19,3
3736389,19813,147910,5453,19,3
3736549,60760,181937,9492,17,1
3736609,69811,69887,2394,14,0
3736710,48674,184131,1686,18,2
3736738,42491,106558,1579,22,3
3736769,50071,109999,5020,22,3
3736933,41884,13763,6265,1,1
3736963,55690,157004,2035,13,4
3736994,55973,9622,4623,19,3
3737411,38914,169230,4263,24,1
3737575,27004,5300,5301,15,0
3737606,62470,83598,3599,16,0
3737634,28417,167358,7359,21,2
3737799,52948,129262,6799,18,2
3738117,37120,188393,5948,0,0
3738244,39499,44563,7068,12,2
3738343,37568,56273,1284,16,0
3738368,42466,78212,5734,0,0
3738436,56537,186548,6549,16,0
3738438,47755,94143,6653,12,2
3738498,55822,121314,3827,0,0
3739012,57796,116061,8573,1,1
3739078,31316,52392,7403,19,3
3739142,23293,10017,5020,22,3
3739335,74599,41197,6206,13,4
3739364,58405,147485,2514,17,1
3739489,26500,176021,8539,19,3
3739620,31636,32481,9991,13,4
3739623,25973,29111,6618,1,1
3739751,28126,103289,8310,20,4
3739905,40084,99170,1680,24,1
3740135,50257,44723,7228,20,4
3740163,40264,139285,9286,18,2
3740354,45328,95866,5867,0,0
3740354,45328,148351,5894,0,0
3740420,55472,13430,3431,22,3
3740482,53311,33141,5645,22,3
3740519,52991,118816,6350,22,3
3740768,63760,28295,8296,0,0
3741925,72568,49322,9323,12,2
3742020,73169,97777,2796,20,4
3742434,46612,182232,4751,15,0
3742535,50741,165611,5612,13,4
3742691,36197,157442,4988,14,0
3742756,35153,102663,7684,0,0
3743364,44104,51916,1917,16,0
3743459,71488,78957,6479,12,2
3743938,62209,124755,9780,13,4
3743942,51931,150376,5407,23,3
3744163,53474,57496,7497,20,4
3744454,26779,128099,3124,15,0
3744641,37070,2072,9573,14,0
3744645,35875,46158,8663,12,2
3744672,60595,176718,9236,13,4
3745764,48440,115157,7669,23,3
3745794,1186,4826,9827,23,3
3745859,56740,11835,9339,23,3
3745859,56740,123224,3225,23,3
3746049,44122,24928,2435,21,2
3746305,40936,83826,1351,21,2
3746464,24898,90022,5041,15,0
3746464,24898,188687,6242,15,0
3746535,38639,130190,5217,23,3
3746560,51341,70737,3245,22,3
3746562,40012,22357,4860,17,1
3746593,58012,89924,2433,22,3
3746756,39823,149983,7526,13,4
3746880,19669,114621,4622,12,2
3746919,62461,29983,7490,23,3
3746979,37921,56730,1741,12,2
3747204,51548,99327,1837,24,1
3747297,44668,131126,8666,12,2
3747364,37286,101125,8656,18,2
3747399,67160,96848,9358,0,0
3747428,47959,129098,1611,0,0
3747810,29419,6637,4138,17,1
3748002,59465,53787,3788,16,0
3748064,64006,64710,7217,0,0
3748101,27835,45319,2832,13,4
3748390,65648,65643,3162,0,0
3748704,20557,139031,1545,13,4
3748960,71362,1385,3886,24,1
3748999,72353,27047,2052,1,1
3749026,43211,113135,8158,24,1
3749249,59875,84269,9286,18,2
3749379,33886,158225,5771,22,3
3749379,33886,193786,6306,22,3
3749542,72703,41919,1920,0,0
3749605,54805,195411,5412,14,0
3749699,47845,122513,2514,17,1
3749799,24662,195667,5668,21,2
3749856,58951,21830,9337,20,4
3749856,58951,177440,7441,20,4
3749952,32080,116239,8751,17,1
3750055,23888,137570,2597,24,1
3750083,72508,6465,3966,19,3
3750275,36064,59968,7484,21,2
3750304,44302,23186,8191,0,0
3750338,34273,11854,9358,0,0
3750631,55849,139642,9643,20,4
3750849,36694,157663,2694,15,0
3750919,52627,163624,6141,13,4
3751010,55822,9159,9160,0,0
3751014,51910,69402,6921,23,3
3751207,62962,32431,2432,15,0
3751367,34016,183331,8368,1,1
3751394,36878,134575,9602,16,0
3751650,41515,164818,7335,16,0
3751776,65155,90611,5630,18,2
3751808,48097,9761,7262,14,0
3751815,57281,58494,8495,21,2
3752385,45358,100727,5748,23,3
3752451,20456,19574,4577,22,3
3752485,1276,59402,1908,16,0
3752549,29516,25576,3083,18,2
3752706,21001,141521,6550,16,0
3752771,52081,24033,6536,22,3
3752896,72637,84935,9952,22,3
3752932,65494,188963,8964,21,2
3753152,35125,167334,2367,0,0
3753217,29224,48876,8877,17,1
3753858,54026,79360,6882,22,3
3754048,20846,67021,4540,16,0
3754180,28993,55130,5131,15,0
3754306,68245,72466,4974,15,0
3754307,60538,40518,3023,22,3
3754406,53006,150086,7632,21,2
3754471,30539,174278,9313,24,1
3754564,47503,151169,6200,0,0
3754819,43387,132249,9789,22,3
3755075,72215,7033,2034,12,2
3755136,33995,170174,5209,19,3
3755333,53822,54707,7213,21,2
3755397,65092,165849,5850,24,1
3755585,74449,86772,1789,20,4
3755686,48221,128650,3675,20,4
3755747,50441,125479,3016,17,1
3755808,36232,66788,1801,13,4
3755876,59677,130987,3501,15,0
3756005,52249,43085,8094,20,4
3756007,31748,114345,6857,17,1
3756103,55411,130889,5916,0,0
3756135,60961,47071,4584,1,1
3756224,35722,194726,4727,16,0
3756288,41908,148851,6394,20,4
3756386,30232,7885,2886,1,1
3756481,39377,23009,8014,17,1
3756516,46117,181602,6639,17,1
3756678,52486,66482,6483,12,2
3756678,52486,104982,4983,12,2
3756966,22364,41175,3680,12,2
3756966,22364,185354,5355,12,2
3757152,48953,169469,9470,17,1
3757157,24688,177503,2538,21,2
3757350,48727,115253,2787,24,1
3757383,44062,129921,4946,13,4
3757444,52999,90777,8305,12,2
3757444,52999,110025,5048,12,2
3757446,30523,47989,2998,17,1
3757573,43174,28650,6157,17,1
3757669,29167,83697,3698,21,2
3757760,60436,125839,8352,0,0
3757892,54734,172023,4541,24,1
3758309,73678,169887,7436,22,3
3758373,21197,47103,7104,17,1
3758501,40634,48277,8278,13,4
3758501,40634,94967,2495,13,4
3758631,53809,58234,3245,22,3
3758691,59164,114045,1579,22,3
3758695,53431,6831,6832,24,1
3758850,68197,128521,8522,22,3
3758912,37900,187490,7491,20,4
3759011,34837,15208,2712,15,0
3759014,41230,50171,5182,0,0
3759076,47813,144860,7375,17,1
3759143,60631,129836,2349,22,3
3759171,32197,102441,7462,13,4
3759398,29461,115340,5341,1,1
3759429,46004,174538,4539,20,4
3759456,66232,123703,3704,24,1
3759554,27692,93934,8953,22,3
3759718,57575,134371,1911,17,1
3760166,44755,132512,7539,18,2
3760293,46658,55876,8382,16,0
3760355,38176,124930,4931,14,0
3760423,20492,171862,9414,0,0
3760710,41996,87364,9873,19,3
3760711,64387,34086,6590,1,1
3760930,64270,18905,1407,0,0
3760995,24034,42713,2714,12,2
3760998,37573,116202,8714,22,3
3761254,67318,91161,6180,14,0
3761441,32438,136363,1390,20,4
3761607,72650,199919,4958,13,4
3761764,57035,24615,4616,16,0
3761767,72092,104534,7045,21,2
3762145,46577,171785,9337,20,4
3762214,27310,54880,9891,20,4
3762469,30571,106552,1573,1,1
3762562,45913,73446,8461,16,0
3762563,52948,183313,5832,18,2
3762625,53077,192197,9755,0,0
3762853,31262,155563,8079,19,3
3763201,34732,5117,7618,22,3
3763233,62069,103843,8864,16,0
3763937,38719,121027,3540,23,3
3764355,22207,141328,8871,0,0
3764452,26149,114801,4802,12,2
3764705,31645,58008,8009,24,1
3764705,31645,89724,4741,24,1
3764769,23627,184588,2143,1,1
3764772,18754,102897,5408,24,1
3764866,31978,71264,8786,22,3
3764903,46240,142807,7836,16,0
3764928,1619,10022,7526,13,4
3765028,44266,166514,6515,19,3
3765410,49957,49122,6635,17,1
3765440,43810,183191,8228,12,2
3765444,57214,71168,6183,22,3
3765543,21724,143375,3376,23,3
3765569,19217,123819,6332,19,3
3765667,58951,41113,3618,20,4
3765863,62581,146127,8642,21,2
3766048,63289,44488,6993,0,0
3766087,34256,57184,2195,18,2
3766212,33869,117006,7007,12,2
3766339,53326,171831,6866,22,3
3766470,52178,14434,4435,17,1
3766500,46366,17283,2286,15,0
3766529,20347,119586,2098,18,2
3766694,71231,63793,8806,18,2
3766758,63493,174553,4554,13,4
3767303,70246,75022,5023,13,4
3767462,57253,109127,4148,17,1
3767524,44614,122334,2335,24,1
3767718,37804,156478,6479,12,2
3767748,68452,168701,8702,20,4
3767783,36268,2576,5077,0,0
3767908,63851,62345,9864,23,3
3767939,36880,95549,3077,12,2
3768098,22069,51488,9004,18,2
3768161,67969,135698,8212,24,1
3768261,74242,87463,7464,0,0
3768711,20131,163458,8491,15,0
3768803,53962,130321,5348,12,2
3768868,52627,25020,2527,13,4
3768932,59060,66539,4058,12,2
3768960,60074,125006,7519,1,1
3769316,47845,32379,4883,17,1
3769411,61049,106802,6803,17,1
3769600,48043,108234,8235,21,2
3769634,36611,199214,1734,1,1
3769671,72736,5727,3228,19,3
3769894,34720,156211,6212,22,3
3769957,42229,49267,9268,20,4
3770052,28006,103015,3016,17,1
3770081,47999,159018,6564,15,0
3770371,53353,159691,9692,1,1
3770499,38092,122548,5061,20,4
3770629,71890,77735,2750,16,0
3770852,37627,20665,5670,24,1
3770852,37627,98087,5615,24,1
3771045,60178,14054,4055,12,2
3771137,58631,66730,9237,12,2
3771137,58631,118987,4010,12,2
3771527,51004,5517,8018,21,2
3771779,64819,104133,4134,24,1
3771810,37895,129301,1814,24,1
3772032,36310,33706,6210,20,4
3772032,36310,69726,9727,20,4
3772231,63383,22922,2923,15,0
3772290,30583,95205,2733,1,1
3772641,40061,158183,8184,23,3
3772643,58576,6007,3508,24,1
3772772,58876,138920,6460,15,0
3772775,47164,165430,5431,24,1
3772869,21073,82345,9870,22,3
3772964,24427,97225,2244,15,0
3773058,57799,55263,7769,19,3
3773060,32371,6118,6119,14,0
3773184,45319,60045,2552,23,3
3773602,28198,171706,6741,16,0
3773664,41030,54171,4172,13,4
3773664,41030,190628,8186,13,4
3773825,42461,134734,7248,18,2
3773830,25154,188490,8491,15,0
3773985,66352,20518,5523,23,3
3773985,66352,165249,5250,23,3
3773986,69032,139743,7283,18,2
3774119,24326,31055,3559,1,1
3774179,49120,55166,2682,12,2
3774274,60595,11138,6141,13,4
3774279,20960,66853,4372,21,2
3774306,48058,1700,6701,14,0
3774374,44122,183591,8628,21,2
3774404,47270,68964,6483,12,2
3774432,72581,135512,8026,19,3
3774438,30967,115661,5662,20,4
3774660,41428,19592,9593,17,1
3774660,41428,71072,8594,17,1
3774818,60832,136256,6257,15,0
3774852,26713,14258,9261,23,3
3775043,50320,139970,9971,17,1
3775043,50320,171533,6568,17,1
3775204,51595,47593,2602,24,1
3775427,25517,99143,6671,1,1
3775554,56041,100703,3214,24,1
3775716,21512,84687,7196,0,0
3775717,35632,155358,5359,23,3
3775843,33124,69288,6807,16,0
3776098,44383,133353,3354,16,0
3776131,24691,115139,2673,16,0
3776448,58465,52851,5357,13,4
3776577,59359,83791,3792,12,2
3776675,33260,173761,1313,12,2
3776897,31288,23691,8696,24,1
3776897,31288,143728,3729,24,1
3777029,24697,56515,4031,23,3
3777056,44122,22561,5064,21,2
3777062,39719,171412,3930,24,1
3777157,71563,110182,2694,15,0
3777378,72854,119527,7061,20,4
3777476,45464,135882,5883,1,1
3777730,38041,9761,4762,1,1
3777923,36154,114245,6757,20,4
3777927,34879,1752,9253,16,0
3777958,1237,160029,2546,20,4
3778016,58213,108944,3965,23,3
3778051,58478,29164,4169,20,4
3778087,61468,182879,5398,17,1
3778277,46183,161508,9057,12,2
3778304,63139,124790,2327,17,1
3778341,74080,69801,4814,19,3
3778370,28555,26446,6447,24,1
3778439,66586,50761,8277,18,2
3778630,53177,145710,5711,14,0
3778631,32029,189956,9957,23,3
3778663,25405,62373,7386,22,3
3778688,55459,70603,8125,0,0
3778694,55459,57506,5022,0,0
3778721,43246,36670,9174,13,4
3778852,47200,10339,5342,1,1
3778977,20863,180016,2535,24,1
3779079,59950,99852,2362,14,0
3779617,73252,13375,3376,23,3
3779713,64673,8697,6198,16,0
3779779,61327,148675,6218,16,0
3779841,70517,99737,9738,21,2
3779874,33292,50873,3379,24,1
3780160,69427,59408,1914,13,4
3780192,21791,123525,8550,1,1
3780450,52381,197601,2640,12,2
3780644,46150,197276,2315,18,2
3780902,56725,115296,2830,14,0
3780963,54724,186570,4125,13,4
3781095,61007,56035,8541,16,0
3781121,18791,68921,8922,14,0
3781506,42124,18518,3521,20,4
3781632,40655,126740,4277,1,1
3781635,60163,61335,1336,20,4
3781700,1570,22153,7158,13,4
3781764,41579,172090,9642,0,0
3781862,46012,96345,8855,1,1
3781924,32518,100177,2688,15,0
3782018,37325,163044,5561,12,2
3782055,56911,61649,1650,18,2
3782151,41914,159258,6804,19,3
3782214,41422,33728,3729,24,1
3782242,43429,158330,8331,20,4
3782563,32485,139220,4247,0,0
3782594,27269,126294,3831,17,1
3782629,60154,16163,6164,23,3
3782629,60154,161261,8810,23,3
3782631,67318,110711,8245,14,0
3782658,39199,64394,4395,21,2
3782752,74548,186180,6181,15,0
3782945,22978,119093,4116,17,1
3782981,36296,166769,6770,17,1
3783172,73343,144349,4350,1,1
3783201,39785,111083,8617,24,1
3783334,69811,134968,7482,14,0
3783360,19513,34644,4645,18,2
3783520,72178,26646,1651,21,2
3783682,63602,90829,3339,0,0
3783810,45452,9702,9703,17,1
3783908,36026,23872,8877,17,1
3783908,36026,67895,2908,17,1
3783974,72725,36733,4243,15,0
3784293,66097,53770,3771,0,0
3784513,41551,46628,9133,17,1
3784576,44260,76611,9119,22,3
3784646,69128,125581,8094,20,4
3784673,33223,43598,8607,22,3
3784832,34532,54633,9644,1,1
3784869,47140,126145,6146,15,0
3784994,64795,12561,5063,24,1
3785122,22993,7064,4565,13,4
3785315,62221,129777,7314,16,0
3785348,74503,189435,9436,20,4
3785415,22310,88515,6040,0,0
3785476,68897,98689,8690,19,3
3785536,54943,109702,4723,23,3
3785536,54943,151116,3632,23,3
3785538,56504,59455,4466,1,1
3785633,74873,92074,4584,1,1
3785666,63431,23127,5630,18,2
3785762,67984,81077,6094,0,0
3785793,71881,17752,7753,12,2
3785796,65447,57638,7639,15,0
3786087,51442,180284,2803,1,1
3786438,20738,32786,5290,14,0
3786626,52865,137211,7212,1,1
3786852,58720,90685,8213,13,4
3787072,21769,182976,5495,15,0
3787111,29848,112928,7951,18,2
3787427,64420,78836,1344,21,2
3787427,64420,195457,3015,21,2
3787462,74623,78445,8446,19,3
3787872,67451,75021,7529,15,0
3787908,49063,75422,7930,18,2
3788034,58871,86163,6164,23,3
3788128,29489,122862,7887,19,3
3788198,69784,139591,2105,16,0
3788289,39382,40024,5033,22,3
3788295,20111,69253,9254,19,3
3788480,1217,106640,1661,12,2
3788675,39181,161585,6618,1,1
3788804,30886,146027,3570,1,1
3788837,34589,185218,7737,17,1
3788902,41384,187809,2846,20,4
3789286,59074,75399,5400,23,3
3789315,46160,92307,9835,20,4
3789571,68291,31826,4330,18,2
3789795,33010,51255,6266,13,4
3789920,46349,16422,8924,14,0
3790081,49822,174399,6917,13,4
3790246,65270,90981,6000,21,2
3790278,70478,180386,5423,12,2
3790368,55372,116142,6143,16,0
3790369,32992,179142,9143,0,0
3790595,57829,99257,4276,16,0
3790598,30682,23976,8981,24,1
3790693,47257,96606,4134,24,1
3790720,22330,152542,7573,16,0
3790720,22330,184883,2438,16,0
3790753,55789,150985,3501,15,0
3790756,23488,9642,7143,24,1
3790884,41698,35673,8177,23,3
3790886,63265,136922,4462,19,3
3790945,24694,199908,7466,22,3
3791008,53635,173204,3205,20,4
3791010,39835,108126,3147,23,3
3791044,39124,24855,9860,22,3
3791300,19945,4225,6726,23,3
3791329,55960,101856,1857,12,2
3791393,60971,40502,3007,15,0
3791526,66073,28093,5600,1,1
3791650,59209,12623,7626,20,4
3791879,46994,146726,4269,16,0
3791971,66016,7214,4715,0,0
3792228,56684,52517,5023,13,4
3792231,65017,56354,3870,23,3
3792386,74134,39189,6699,23,3
3792514,40735,99584,4603,23,3
3792609,61250,112818,2819,13,4
3792770,26431,41229,6238,15,0
3792832,48401,156889,4435,17,1
3792836,60856,148232,8233,12,2
3792866,51085,153046,5562,22,3
3792963,54412,165997,5998,20,4
3792964,71569,164253,1802,13,4
3793221,28457,49568,7081,13,4
3793350,23216,151318,6349,17,1
3793415,31424,199644,2164,17,1
3793893,59245,17091,9593,17,1
3794375,74191,159079,1595,20,4
3794528,23923,95265,7775,16,0
3794595,39787,119411,4434,1,1
3794787,31213,147870,2899,1,1
3795014,40916,162200,9749,23,3
3795044,46180,159025,9026,16,0
3795105,53815,35830,8334,22,3
3795392,71818,177158,9676,15,0
3795425,45016,163698,3699,0,0
3795940,68356,164232,9265,0,0
3795970,65072,54494,2010,0,0
3796198,25643,181858,1859,0,0
3796293,59749,196345,3903,15,0
3796385,22079,22205,4708,24,1
3797095,19111,138777,3804,1,1
3797445,62302,163727,8760,19,3
3797477,35171,111964,4476,19,3
3797477,35171,169921,7470,19,3
3797600,26990,95308,2836,18,2
3797698,43330,197246,7247,17,1
3797761,74917,48358,8359,0,0
3797762,1237,93161,8180,20,4
3797767,23998,129208,9209,23,3
3797827,30781,178921,1439,20,4
3797892,22061,108274,5805,14,0
3797923,54685,195164,7684,0,0
3797957,71419,6426,8927,0,0
3797957,71419,115413,2947,0,0
3797957,71419,161042,8591,0,0
3798148,45214,125171,7684,0,0
3798310,44053,141553,9096,16,0
3798592,19354,142348,2349,22,3
3798917,69899,176220,1255,14,0
3799075,68983,113912,3913,23,3
3799076,30571,143878,8907,1,1
3799908,66160,44802,2315,18,2
3800320,56543,148677,6220,24,1
3800326,50896,67035,4554,13,4
3800326,50896,71662,1663,13,4
3800486,53437,131116,8656,18,2
3800967,43211,3819,3820,24,1
3801127,26017,70830,8352,0,0
3801318,20212,10751,5754,13,4
3801604,72190,120990,8527,20,4
3801667,68983,82942,5451,23,3
3801702,33295,145749,5750,19,3
3801794,24407,881,5882,17,1
3801922,68603,180491,5528,12,2
3802016,27320,112790,7813,24,1
3802150,51313,117789,2812,21,2
3802306,56104,122477,4990,18,2
3802342,33157,162274,4791,21,2
3802500,41959,171997,7032,13,4
3802532,50281,4152,4153,15,0
3802627,25742,9730,2231,18,2
3802661,54529,64121,1640,13,4
3802882,27499,152794,7825,24,1
3802945,73810,46351,1360,1,1
3803077,26735,154919,7435,1,1
3803105,65590,176314,6315,22,3
3803492,59344,8028,5529,12,2
3803495,32719,128855,3880,21,2
3803841,73945,91408,8936,0,0
3803878,74267,51792,1793,24,1
3803937,66199,169298,9299,14,0
3804704,73733,50353,7869,14,0
3804708,55357,28475,8476,0,0
3804708,55357,143819,1362,0,0
3805152,65021,98310,8311,1,1
3805187,55093,45351,5352,13,4
3805252,59641,21552,4055,12,2
3805508,61126,22727,5230,13,4
3805665,31060,174496,9531,17,1
3805703,49534,198928,6486,12,2
3805828,74587,61484,9003,18,2
3805862,56257,147543,5086,12,2
3805924,21920,41418,3923,15,0
3805952,63302,46763,9268,20,4
3806020,45901,196357,8877,17,1
3806275,45400,183942,1497,18,2
3806530,46595,131362,6389,0,0
3806821,31213,159804,2320,1,1
3806822,29413,169937,4970,0,0
3806949,37909,35713,5714,19,3
3807174,60985,111266,8800,14,0
3807297,62359,159342,6888,21,2
3807366,64489,152830,5346,22,3
3807559,43664,129699,7236,24,1
3807589,53881,99852,7380,1,1
3807718,43315,30849,3353,16,0
3807937,71950,187242,7243,1,1
3808065,71476,181777,4296,15,0
3808225,56557,38304,8305,12,2
3808387,28720,123300,5813,15,0
3808517,20557,38849,3856,13,4
3808613,52715,57720,2731,19,3
3808998,25553,172909,5427,18,2
3809219,34672,54869,2385,17,1
3809766,73433,35709,8213,13,4
3809766,73433,187280,2317,13,4
3809798,54262,97698,2717,20,4
3809824,35297,37879,2886,1,1
3810016,51397,44675,4676,14,0
3810020,50320,177829,2864,17,1
3810400,30157,77468,4990,18,2
3810628,22615,160291,5324,1,1
3810946,36704,115833,5834,23,3
3811269,61970,35795,3305,21,2
3811328,37741,94379,9398,21,2
3811361,42616,80143,7668,20,4
3811458,36970,8336,3337,15,0
3811554,32386,25637,5638,1,1
3811715,38737,87519,5044,14,0
3811719,62608,99657,9658,19,3
3811779,73558,67534,7535,23,3
3812231,26674,133968,8995,23,3
3812258,53662,181643,4162,14,0
3812327,24643,108606,6137,24,1
3812452,69649,184137,6656,18,2
3812483,33790,190865,3385,15,0
3812517,26905,121945,6970,1,1
3812517,26905,131045,3559,1,1
3812548,60212,181134,8689,23,3
3812642,24289,43452,3453,1,1
3812832,30509,183186,8223,1,1
3812995,28973,110392,5415,12,2
3813186,54868,169314,1831,14,0
3813250,20419,120008,7545,17,1
3813574,42910,81815,6832,24,1
3813696,62876,124848,9873,19,3
3813798,19564,199217,6775,24,1
3813920,40702,74532,2054,23,3
3813959,21283,106665,4196,13,4
3814081,52960,136690,1717,0,0
3814183,42694,19383,9384,24,1
3814183,42694,146070,8585,24,1
3814240,35513,53022,5528,12,2
3814311,33053,33816,1326,0,0
3814340,42748,52913,5419,17,1
3814820,20530,71684,9206,14,0
3814885,54655,114076,1610,18,2
3814885,54655,157023,4569,18,2
3815013,31819,172385,2386,22,3
3815015,53953,171569,9121,24,1
3815270,37747,107861,7862,17,1
3815364,37030,36300,1307,17,1
3815492,45929,110117,7651,23,3
3815494,65926,73413,5921,17,1
3815521,42176,87683,2700,15,0
3815719,19034,159426,4457,1,1
3815781,62305,123289,8314,22,3
3815843,43171,42885,5390,20,4
3815907,30332,101786,9317,18,2
3816389,29269,39639,9640,17,1
3816647,28807,26425,8928,15,0
3816707,66946,115756,8268,19,3
3816740,71053,5278,7779,19,3
3816775,39014,51599,4105,13,4
3816899,21332,2547,5048,12,2
3816993,26236,181309,8864,16,0
3817219,27418,120551,5576,0,0
3817349,51931,125413,2950,23,3
3817472,46346,34489,9496,17,1
3817477,68761,145265,5266,15,0
3817826,62362,194177,4178,22,3
3817922,36086,60253,7772,23,3
3817924,47755,109085,4106,12,2
3817955,56501,85271,2796,20,4
3818018,38782,16449,6450,20,4
3818084,52295,158636,3667,19,3
3818342,32569,40202,7715,21,2
3818466,67972,13842,3843,0,0
3818466,67972,26882,1887,0,0
3818690,57119,155356,2902,23,3
3818818,25432,93022,5532,1,1
3818882,69179,15760,8262,18,2
3819042,64603,131761,6788,1,1
3819042,64603,132989,8016,1,1
3819202,25678,113711,3712,22,3
3819271,51542,25486,2993,20,4
3819360,62398,11508,9012,19,3
3819361,72748,119298,6832,24,1
3819460,48190,79428,1936,1,1
3819523,25187,116583,9095,23,3
3819718,45556,28502,6009,17,1
3819750,30266,71134,6149,19,3
3820131,19768,125404,5405,24,1
3820192,66517,175693,5694,22,3
3820228,27562,39662,4669,14,0
3820354,19090,69639,9640,17,1
3820357,58279,176472,6473,22,3
3820423,64768,175479,5480,24,1
3820548,31087,73357,5865,23,3
3820578,21466,181693,9248,0,0
3820707,71608,127517,2542,22,3
3820805,65492,26847,6848,18,2
3820805,65492,96728,9238,18,2
3821219,39511,60362,2869,20,4
3821286,65549,40487,2992,23,3
3821376,61679,102870,5381,14,0
3821414,43162,176721,4273,15,0
3822244,33277,134616,7130,24,1
3822407,30941,76690,9198,15,0
3822753,41704,13489,5991,13,4
3822887,72079,181811,6848,18,2
3823109,49351,12038,4540,16,0
3823206,33058,112578,7601,20,4
3823361,54410,42413,4918,16,0
3823363,55765,4425,1926,22,3
3823365,32615,120220,7757,16,0
3823365,32615,139795,2309,16,0
3823651,19100,131180,8720,22,3
3823712,26243,54271,1787,24,1
3823779,65206,4665,9666,15,0
3823779,65206,156614,9130,15,0
3824227,58871,12235,4737,23,3
3824358,44539,2646,5147,15,0
3824384,32174,114641,9664,0,0
3824421,45244,16129,3633,24,1
3824452,37450,139381,9382,18,2
3824775,69881,46163,8668,16,0
3824932,48725,97478,7479,23,3
3825383,43910,90869,8397,1,1
3825603,53558,34929,4930,0,0
3825669,64883,36963,9467,18,2
3825956,50972,164345,9378,0,0
3825989,23527,106563,6564,15,0
3826086,37741,52068,9584,21,2
3826213,67546,89671,9672,18,2
3826371,54482,37919,7920,22,3
3826983,35953,28026,5533,16,0
3827462,61552,76285,6286,22,3
3827591,71170,126442,3979,19,3
3827652,69094,126399,8912,17,1
3827744,20593,36489,8993,12,2
3827904,64496,34980,7484,21,2
3828227,20680,42536,5041,15,0
3828324,26161,18110,5614,19,3
3828549,37808,112183,7206,22,3
3828864,65002,73824,6332,19,3
3828870,22661,88137,3154,0,0
3828967,70306,13365,8368,1,1
3829024,46288,78478,6000,21,2
3829191,48196,56131,3647,0,0
3829313,39133,25909,8412,14,0
3829602,44174,77823,2838,17,1
3829602,44174,164056,4057,17,1
3829958,25085,58667,6183,22,3
3830118,59797,126402,1427,21,2
3830243,66553,143725,3726,13,4
3830277,47665,14895,7397,21,2
3830853,22813,58650,6166,13,4
3830914,69715,59901,7417,20,4
3831011,56168,154611,9642,0,0
3831526,35425,138893,1407,0,0
3831558,47350,133573,6087,20,4
3831559,28090,99947,9948,1,1
3831619,43858,154076,4077,18,2
3831779,28070,38658,3665,19,3
3831907,58948,94189,4190,12,2
3832198,58679,64711,9724,0,0
3832226,27419,60063,2570,15,0
3832391,26023,179942,4977,0,0
3832451,34600,129961,9962,18,2
3832581,37148,171389,8941,0,0
3832644,44033,134653,2193,19,3
3832772,45904,105681,3212,20,4
3832867,20101,89214,4231,13,4
3833282,26830,131140,3654,14,0
3833799,29395,172315,7350,14,0
3833799,29395,194033,9072,14,0
3834081,43429,17222,2225,20,4
3834081,43429,47381,7382,20,4
3834081,43429,125412,2949,20,4
3834086,62981,16340,3844,13,4
3834145,47732,18838,6342,20,4
3834276,29077,75746,5747,19,3
3834433,50104,125497,5498,13,4
3834629,49409,108049,3070,22,3
3834657,72047,191092,3612,0,0
3834819,70021,92661,5171,19,3
3834886,28264,7194,9695,17,1
3835047,47683,11546,6549,16,0
3835200,57011,181336,3855,12,2
3835297,61877,170301,7853,0,0
3835398,55172,126620,1645,13,4
3835587,22273,127628,2653,23,3
3835587,22273,148951,3980,23,3
3835620,20305,63577,3578,21,2
3835655,71053,24271,1778,19,3
3835716,47317,95348,5349,0,0
3835744,68653,116371,1394,23,3
3835812,60257,119918,7452,13,4
3835911,26113,31683,4187,0,0
3835937,27197,2194,7195,23,3
3836193,35704,91188,6207,24,1
3836224,44893,124282,1819,15,0
3836358,46519,171285,8837,22,3
3836385,36065,87606,7607,0,0
3836642,42746,191724,4244,19,3
3836962,74636,97710,5238,21,2
3836994,35078,134816,2356,19,3
3837090,62056,13281,3282,12,2
3837410,42170,30664,8174,13,4
3837474,65473,108298,8299,1,1
3837760,52846,127253,7254,1,1
3838112,18779,73987,1509,1,1
3838112,18779,182284,4803,1,1
3838208,37442,168911,8912,17,1
3838211,53066,146160,3703,15,0
3838243,23062,94047,9066,1,1
3838529,37870,119722,4745,1,1
3838567,47654,111490,4002,0,0
3838657,45353,158348,8349,21,2
3838881,66004,110814,5837,23,3
3839073,36850,173274,8309,21,2
3839175,22645,38464,8465,14,0
3839328,62248,155331,7847,20,4
3839398,39460,87433,9942,12,2
3839456,31726,25733,5734,0,0
3839616,54757,53989,1505,18,2
3839623,67123,88836,8837,22,3
3839938,31904,147276,2305,23,3
3840260,31396,35802,3312,13,4
3840294,18997,61125,3632,23,3
3840384,40615,96204,6205,0,0
3841024,66253,74893,2415,14,0
3841383,25337,92832,5342,1,1
3841639,37289,50977,3483,1,1
3841893,63463,110212,2724,14,0
3842119,26980,21196,6201,14,0
3842119,26980,196593,4151,14,0
3842180,64060,6282,3783,15,0
3842246,26335,3425,3426,1,1
3842405,35455,62235,9754,0,0
3842466,60760,60152,2659,17,1
3842599,52333,81816,9341,21,2
3842689,49633,70789,8311,1,1
3842950,71300,198556,8557,17,1
3843203,44567,123397,5910,17,1
3843365,36194,198852,6410,22,3
3843554,41698,47797,2806,23,3
3843653,22927,166704,4253,22,3
3843682,20899,34559,2069,21,2
3844005,68131,7092,9593,17,1
3844065,55588,3022,5523,23,3
3844066,37867,181490,9045,18,2
3844260,43550,13391,8394,20,4
3844743,73688,115701,3235,17,1
3844770,41314,115353,5354,17,1
3844803,35456,169138,4171,22,3
3844962,63340,156789,6790,13,4
3844964,54181,90608,8136,20,4
3845031,26071,146251,1280,1,1
3845185,49252,118791,3814,23,3
3845254,61552,184674,2229,22,3
3845380,53458,78939,6461,0,0
3845603,54970,145679,3222,12,2
3845636,20165,198563,8564,1,1
3845732,39517,34688,9695,17,1
3845765,51302,45525,3038,21,2
3845824,53992,28503,6010,19,3
3846114,72790,89338,4355,16,0
3846306,55796,171059,8611,15,0
3846405,67223,23969,3970,13,4
3846467,37354,184491,7010,22,3
3846470,49406,126372,8885,14,0
3846628,55780,195462,5463,16,0
3847234,24601,102555,2556,21,2
3847235,68158,44969,4970,0,0
3847267,44308,149714,9715,21,2
3847427,69064,177410,2445,0,0
3847521,64315,120259,5284,15,0
3847655,60079,131550,6577,24,1
3847937,45646,94439,4440,0,0
3848038,37243,73119,5627,20,4
3848196,48355,95206,2734,1,1
3848256,54995,60348,5361,15,0
3848320,33520,97010,4538,12,2
3848417,54451,11634,4136,22,3
3848480,69322,157692,5238,21,2
3848545,51166,179388,6940,24,1
3848548,70300,176068,8586,12,2
3848677,62563,196151,8671,20,4
3848838,66413,39112,1616,14,0
3849060,27139,183837,6356,1,1
3849088,71602,196414,8934,17,1
3849127,59998,134049,4050,1,1
3849222,19600,91580,9108,16,0
3849282,20017,79100,9101,14,0
3849411,50036,44597,4598,23,3
3849447,71593,198537,6095,17,1
3849569,73729,23081,3082,23,3
3849569,73729,28688,8689,23,3
3849636,36320,101314,6335,23,3
3849664,31384,38743,6253,20,4
3850215,41740,173095,8130,15,0
3850561,67789,164260,1809,20,4
3850629,68413,160900,5933,23,3
3850658,67946,184470,2025,20,4
3850785,21560,163851,6368,14,0
3850976,58844,198272,3311,1,1
3851142,49393,96031,3559,1,1
3851142,49393,149809,9810,1,1
3851296,22760,23412,8417,13,4
3851296,22760,68798,3811,13,4
3851334,63484,79368,6890,14,0
3851622,31055,2191,9692,1,1
3851841,34798,63550,3551,18,2
3852065,49567,112055,9589,15,0
3852194,24289,127183,7184,1,1
3852229,66410,13053,5555,15,0
3852352,24307,189245,4282,1,1
3852450,38914,116089,3623,24,1
3852516,38551,91538,6557,12,2
3852579,53963,176498,6499,18,2
3852609,62579,77183,7184,1,1
3853056,31613,176267,3819,12,2
3853123,21140,166005,3554,1,1
3853190,30983,39990,9991,13,4
3853252,20351,20859,3362,18,2
3853254,73499,72476,2477,14,0
3853319,55141,184712,9749,23,3
3853504,1264,13196,5698,16,0
3853668,25574,10363,2865,22,3
3853797,42520,144672,7187,15,0
3853825,65320,137840,2867,17,1
3854018,48110,158074,8075,14,0
3854112,34556,151501,6532,12,2
3854114,59912,174771,2323,20,4
3854242,23285,192934,2935,16,0
3854342,33136,121701,6726,23,3
3854403,29006,3315,8316,19,3
3854567,31585,91030,3540,23,3
3854660,32651,98144,5672,17,1
3854692,26530,33397,8404,14,0
3854881,41174,95765,5766,13,4
3854976,49840,74530,2052,1,1
3855141,67373,199077,6635,17,1
3855143,48208,25276,7779,19,3
3855655,29854,32855,5359,23,3
3855846,25297,144901,4902,0,0
3855905,68338,139274,1788,0,0
3855905,68338,162371,9920,0,0
3856229,45316,6548,9049,23,3
3856290,38764,7205,7206,22,3
3856320,52469,105663,8174,13,4
3856325,54832,22474,4977,0,0
3856325,54832,104867,4868,0,0
3856482,58643,14372,9375,16,0
3856609,68279,191531,1532,12,2
3856643,23029,161083,3600,13,4
3856838,69794,121800,6825,20,4
3856996,32638,174855,7373,12,2
3857028,48292,138925,1439,20,4
3857189,27800,91162,3672,18,2
3857222,54901,60518,3025,18,2
3857222,54901,121649,1650,18,2
3857223,43604,180250,5287,13,4
3857252,65888,152007,4523,17,1
3857344,31097,177922,2957,1,1
3857700,72649,196991,6992,18,2
3858115,40486,166160,6161,14,0
3858180,61928,31313,6320,22,3
3858497,43972,58134,8135,21,2
3858534,41552,110975,8509,22,3
3858628,41548,92613,2614,18,2
3858755,69800,123775,8800,14,0
3858880,63008,184956,9993,0,0
3859046,26071,11237,6240,1,1
3859072,72895,117184,2207,17,1
3859110,44339,183505,3506,0,0
3859235,59081,194246,1804,0,0
3859330,51395,66739,4258,23,3
3859365,46868,165484,3033,13,4
3859394,70789,5885,5886,23,3
3859427,47032,67158,4677,23,3
3859491,19493,33201,8208,18,2
3859655,31978,188309,5864,22,3
3859847,48998,198554,3593,15,0
3859909,54272,125016,2553,16,0
3859909,54272,157920,7921,16,0
3859936,54329,109267,6798,16,0
3859941,33527,106474,8985,19,3
3859971,39163,21648,9155,17,1
3860005,64198,44807,2320,1,1
3860032,72442,142273,7302,18,2
3860128,23824,3963,8964,21,2
3860295,48241,79518,2026,14,0
3860517,18889,193980,6500,23,3
3860610,68368,98594,3613,23,3
3860614,37094,64757,7264,16,0
3860800,51985,32213,9723,13,4
3861093,65554,176855,6856,18,2
3861127,20761,97011,7012,23,3
3861184,68587,186641,9160,0,0
3861443,50120,106993,2014,13,4
3861443,50120,159536,4567,13,4
3861474,59243,33475,8482,12,2
3861600,30190,96413,6414,19,3
3861638,55046,161646,1647,1,1
3861698,55076,38875,6385,17,1
3861794,66772,95873,3401,15,0
3861798,30989,3196,5697,20,4
3861827,70702,151755,4271,18,2
3861891,30049,5305,5306,23,3
3862052,21604,127976,3001,24,1
3862086,32672,150173,2689,17,1
3862113,28499,167831,2864,17,1
3862117,22126,171304,6339,22,3
3862183,48838,99287,9288,21,2
3862212,38233,109585,9586,19,3
3862247,69068,163916,8949,23,3
3862502,56479,35248,2758,14,0
3862502,56479,158632,3663,14,0
3862593,48689,34278,4279,22,3
3863171,47776,67506,2519,1,1
3863207,47435,116550,9062,14,0
3863302,59219,870,3371,24,1
3863328,69082,90421,7949,22,3
3863489,22159,30935,8445,15,0
3863587,33059,179805,9806,13,4
3863877,44272,5010,7511,20,4
3864004,33649,166182,3731,23,3
3864131,70804,136249,8763,1,1
3864228,24868,11635,4137,15,0
3864228,24868,133981,9008,15,0
3864519,60904,107936,5467,0,0
3864577,38243,162175,7208,15,0
3864707,45848,41264,6273,18,2
3864836,57247,129736,9737,1,1
3864900,19471,78492,8493,15,0
3864931,30598,64421,1940,21,2
3864994,56669,97393,9903,13,4
3864998,50660,87189,9698,18,2
3864998,50660,175415,2967,18,2
3865191,70031,90999,8527,20,4
3865250,22739,196670,9190,20,4
3865379,21772,47379,4892,1,1
3865411,38260,50767,8283,20,4
3865444,22292,101389,6410,22,3
3865477,58967,177854,5406,22,3
3865506,26866,58775,3786,0,0
3865605,73285,76273,8781,16,0
3865606,46117,152929,7960,17,1
3865793,31369,86690,4215,0,0
3865862,53470,122923,7948,17,1
3865921,73991,72273,2274,14,0
3865985,31780,139217,6757,20,4
3866021,31853,194580,4581,1,1
3866147,38695,193428,5948,0,0
3866151,43837,156925,4471,18,2
3866690,36091,105853,5854,18,2
3866753,58897,33298,3299,24,1
3866758,34772,59423,1929,22,3
3866784,33341,28829,3834,20,4
3866784,33341,190351,7909,20,4
3866982,45136,169631,2148,24,1
3867366,51445,186915,9434,18,2
3867843,56791,18937,3940,24,1
3867910,47665,176347,6348,21,2
3868006,22069,70064,7586,18,2
3868038,20929,192894,7933,14,0
3868102,56410,172022,7057,0,0
3868359,1,68383,8384,15,0
3868385,66020,111642,4154,18,2
3868386,35632,114117,4118,23,3
3868417,37039,8799,6300,0,0
3868515,48371,114627,9650,14,0
3868582,45131,3335,8336,23,3
3868704,67415,20513,3016,17,1
3868832,44788,198708,6266,13,4
3868834,65164,43909,8918,19,3
3868899,61634,94927,4928,19,3
3868928,68659,141815,4330,18,2
3869249,72793,2160,9661,22,3
3869571,37199,132157,4671,21,2
3869602,53126,81137,6154,22,3
3869668,57850,76868,1883,19,3
3869858,42835,137384,7385,19,3
3869957,27535,104465,4466,1,1
3870117,70558,12541,2542,22,3
3870119,49600,62451,4958,13,4
3870305,28043,50044,5055,21,2
3870439,65410,183169,5688,19,3
3870466,67660,37714,7715,21,2
3870821,24634,6467,1468,23,3
3870887,73531,168913,3946,15,0
3870887,73531,196747,9267,15,0
3870916,1657,56565,4081,12,2
3871204,71375,66184,6185,16,0
3871365,40717,12861,5363,15,0
3871463,42667,70057,2565,16,0
3871749,61874,154164,6680,15,0
3871974,56204,188882,8883,16,0
3872065,22207,146243,3786,0,0
3872065,22207,170369,5404,0,0
3872416,65456,4961,9962,18,2
3872515,25393,16977,1980,17,1
3872515,25393,173715,1267,17,1
3873159,28412,3752,1253,0,0
3873283,40015,121002,8539,19,3
3873410,1267,92331,9859,24,1
3873537,72206,3680,6181,15,0
3873859,21790,95078,2606,19,3
3873923,30796,188828,3865,16,0
3874468,55418,35375,5376,20,4
3874468,55418,74887,4888,20,4
3874563,62914,106792,6793,18,2
3874630,35776,170211,2729,19,3
3875073,53861,89232,1741,12,2
3875424,68212,11655,4157,17,1
3875553,70354,74281,9296,21,2
3875557,39308,175146,5147,15,0
3875683,57829,38650,6160,16,0
3875751,44479,106714,1735,12,2
3875842,65833,33557,8564,1,1
3876069,73768,84931,2456,15,0
3876737,48923,124898,7411,18,2
3876834,68681,75291,5292,0,0
3876931,59035,49816,4825,24,1
3877377,50779,143761,8790,23,3
3877443,19054,120356,7893,22,3
3877893,40129,175197,7715,21,2
3877952,69055,131956,1957,1,1
3878087,65782,75465,5466,23,3
3878115,36950,29618,9619,21,2
3878144,53881,199626,9627,1,1
3878177,51688,26977,9480,14,0
3878243,36424,196619,4177,12,2
3878375,70717,139803,2317,13,4
3878723,21916,16513,4017,24,1
3878723,21916,110382,5405,24,1
3878791,25283,196871,4429,23,3
3878950,59275,148415,3444,19,3
3878978,45313,166633,4182,18,2
3879042,41146,11300,6303,21,2
3879042,41146,141775,4290,21,2
3879235,45428,146342,1371,17,1
3879587,53422,29065,1568,12,2
3880196,25870,79778,2286,15,0
3880196,25870,195812,5813,15,0
3880294,41110,193000,5520,22,3
3880326,42493,126103,6104,15,0
3880448,62519,122034,2035,13,4
3880577,19175,67850,5369,0,0
3880612,60934,109816,4837,21,2
3880614,25192,34458,4459,13,4
3880646,69322,198539,3578,21,2
3880707,52190,185506,8025,21,2
3880803,58099,129491,9492,17,1
3881127,59543,42109,2110,13,4
3881249,34003,79097,1605,13,4
3881377,41740,156569,6570,15,0
3881382,47173,27196,7197,12,2
3881383,59083,135981,3521,20,4
3881413,54619,46623,4136,22,3
3881413,54619,177805,7806,22,3
3881442,20881,164748,7265,12,2
3881536,56717,140491,3006,1,1
3881540,37075,14239,6741,16,0
3881826,47764,170098,7650,18,2
3881957,52793,164934,4935,16,0
3881991,47605,153275,3276,19,3
3882084,47524,10424,7928,0,0
3882208,39241,34286,6790,13,4
3882371,51451,39779,7289,14,0
3882402,55510,48401,5914,24,1
3883238,27535,116680,4214,1,1
3883238,27535,196492,4050,1,1
3883395,22498,99730,4749,22,3
3883585,66079,66173,6174,15,0
3883587,72346,170424,2942,13,4
3883649,60521,115252,7764,17,1
3883718,32071,86656,4181,19,3
3883815,54862,60302,7821,24,1
3883841,44722,152103,7134,17,1
3884102,57748,53579,8590,24,1
3884320,54307,75099,7607,0,0
3884451,70972,10153,5156,14,0
3884577,71062,24019,9024,13,4
3884644,23461,152944,5460,12,2
3884679,22075,155016,7532,20,4
3885063,40891,11117,3619,23,3
3885253,21757,114116,9139,16,0
3885414,39775,58723,8724,16,0
3885702,67633,72683,2684,20,4
3885826,44372,89174,6699,23,3
3885863,65642,40984,3489,19,3
3885920,26174,14283,1787,24,1
3885924,69926,13314,5816,15,0
3885985,63056,188924,8925,1,1
3886112,22471,55962,5963,1,1
3886179,73214,102033,2034,12,2
3886209,53917,101340,8871,0,0
3886340,30355,178257,3292,0,0
3886400,19706,143387,8416,0,0
3886406,29920,186199,3754,22,3
3886692,69373,52075,9591,23,3
3886757,37565,196122,3680,12,2
3886759,20875,11956,1957,1,1
3886848,27746,183083,8120,24,1
3886918,74746,169771,2288,23,3
3886948,60692,14354,4355,16,0
3887111,56818,148646,3675,20,4
3887172,59224,133665,3666,21,2
3887428,21757,145302,5303,16,0
3887682,20017,150065,2581,14,0
3887685,44329,102542,2543,14,0
3887875,28232,99159,6687,12,2
3887971,45556,110426,7960,17,1
3887975,45409,91978,4488,14,0
3888002,20845,182875,7912,16,0
3888167,40766,33816,6320,22,3
3888356,39718,191326,3846,21,2
3888455,29386,155183,5184,18,2
3888615,59590,3298,8299,1,1
3888741,26959,7374,7375,17,1
3888804,48026,187386,2423,16,0
3888864,60091,98491,6019,22,3
3888935,73090,166561,1594,23,3
3888935,73090,189997,5034,23,3
3888996,57640,51865,9381,21,2
3889026,42784,189537,7092,22,3
3889030,28561,183516,3517,20,4
3889031,24602,119030,6564,15,0
3889253,30433,77170,4692,13,4
3889345,60076,117311,7312,20,4
3889349,51239,14327,1831,14,0
3889444,46903,187340,7341,16,0
3889541,40676,177893,2928,1,1
3889541,40676,193660,3661,1,1
3889572,72839,151721,4237,16,0
3889729,25264,182960,7997,17,1
3889798,21521,38273,5783,1,1
3889922,44347,166312,6313,12,2
3889984,69064,180428,2947,0,0
3890145,35653,19938,4941,22,3
3890310,56743,143486,8515,19,3
3890310,56743,186340,8859,19,3
3890593,25421,57190,9696,15,0
3890593,25421,72179,2180,15,0
3890628,46925,26728,6729,15,0
3890660,23734,61837,1838,24,1
3890886,53404,107847,5378,16,0
3890913,74944,71940,4448,18,2
3891010,43643,148923,8924,14,0
3891173,69530,104234,4235,14,0
3891232,35575,109803,2314,0,0
3891236,73672,88341,3358,0,0
3891491,34948,93973,8992,17,1
3891586,31055,134835,7349,1,1
3891586,31055,159294,1810,1,1
3891681,67163,35886,5887,1,1
3891712,65300,118395,5929,14,0
3891716,26593,95468,5469,20,4
3891750,52754,151850,1851,15,0
3891879,26513,81684,9209,23,3
3892101,19690,26853,1858,15,0
3892416,72859,194488,4489,20,4
3892580,49391,9394,1895,21,2
3892613,55411,117707,5241,0,0
3892709,37139,31475,6482,12,2
3892737,35156,184382,4383,23,3
3892901,68356,188256,3293,0,0
3892934,52990,36555,1562,14,0
3892934,52990,178643,3678,14,0
3892994,39979,179559,2077,21,2
3893127,31942,117667,7668,20,4
3893281,69910,75569,8077,12,2
3893376,37391,156454,8970,17,1
3893378,69194,51877,4383,23,3
3893409,30463,109572,9573,14,0
3893538,27484,6785,9286,18,2
3893603,42898,27987,5494,22,3
3893921,50192,80730,8255,12,2
3894247,49528,145368,7883,16,0
3894304,27347,44213,4214,1,1
3894467,1228,127009,2034,12,2
3894657,20198,101122,3633,24,1
3894722,24355,120241,2754,15,0
3894850,1492,156963,6964,1,1
3894853,67195,107453,2474,0,0
3894947,62372,191336,1337,20,4
3894980,21784,145854,3397,19,3
3895233,42223,27169,9672,18,2
3895332,33175,166630,6631,14,0
3895586,72694,191136,8694,17,1
3895623,66554,16017,3521,20,4
3895713,29434,42944,5449,21,2
3895713,29434,146401,6402,21,2
3895718,66130,111089,8623,19,3
3895910,29656,2967,2968,19,3
3896005,57058,128695,8696,24,1
3896068,59911,92333,9861,20,4
3896102,62204,46756,4269,16,0
3896102,62204,119569,7103,16,0
3896389,29354,131756,4270,13,4
3896517,53714,53543,3544,24,1
3896581,70702,141933,4448,18,2
3896615,22433,21201,3704,24,1
3896805,54397,13797,8800,14,0
3896865,23494,130058,2572,22,3
3896934,39248,198475,8476,0,0
3896997,30554,47149,9654,24,1
3897188,38452,108325,5856,15,0
3897383,56132,87241,2258,0,0
3897504,70241,76002,6003,23,3
3897824,66736,73945,1467,17,1
3897829,46442,115049,5050,14,0
3897831,30877,43854,6359,21,2
3897831,30877,114836,4837,21,2
3898151,33724,37168,2175,18,2
3898210,56365,189150,6705,20,4
3898246,20702,89897,9898,20,4
3898246,20702,190472,8030,20,4
3898405,72160,33265,3266,20,4
3898691,71275,168529,3562,16,0
3898976,24613,142002,9545,23,3
3899040,43544,104915,9936,16,0
3899044,67030,143798,6313,12,2
3899045,40027,7285,2286,15,0
3899204,69128,164044,6561,20,4
3899236,42536,1529,6530,24,1
3899491,59150,76531,4053,1,1
3899620,61657,58870,8871,0,0
3899621,46930,154715,4716,22,3
3900226,53944,114093,6605,0,0
3900262,27574,10420,2922,23,3
3900320,59261,192103,4623,19,3
3900581,35521,8462,5963,1,1
3900645,62407,181455,1456,20,4
3900677,33112,32588,5092,22,3
3900741,35011,69108,1615,20,4
3900775,71266,99283,9284,18,2
3900807,33337,182946,2947,0,0
3900960,35662,34065,6569,20,4
3901410,38284,136572,4112,20,4
3901414,47095,196818,6819,12,2
3901441,59029,454,2955,19,3
3901569,63442,51521,1522,24,1
3901569,63442,100290,7821,24,1
3901635,62638,49424,6937,16,0
3901667,33419,29608,4613,23,3
3901889,34456,162614,5131,15,0
3901987,30218,13795,1299,14,0
3902049,67774,157445,4991,16,0
3902051,22492,193793,3794,23,3
3902534,72862,198820,3859,1,1
3902752,67385,45313,2826,15,0
3902752,67385,154558,9589,15,0
3902887,64046,160059,5092,22,3
3902912,20527,122092,7117,23,3
3903008,66968,61443,1444,12,2
3903205,45968,31743,1744,19,3
3903298,62621,44651,4652,15,0
3903299,55162,147648,2677,21,2
3903683,22834,127808,5345,16,0
3903846,30250,151343,6374,21,2
3904039,44147,131100,3614,23,3
3904103,49828,96804,6805,12,2
3904135,60493,42360,2361,17,1
3904224,50473,139585,9586,19,3
3904258,19619,130656,8196,15,0
3904321,49325,134582,4583,13,4
3904386,39157,29949,2452,20,4
3904387,39841,138646,3673,24,1
3904768,52693,126553,6554,22,3
3904805,60214,120084,2597,24,1
3904896,27286,59863,7379,12,2
3905062,47443,186234,6235,19,3
3905543,25786,111487,1488,23,3
3905766,54149,43927,8936,0,0
3905889,34132,114492,4493,24,1
3905895,32131,64389,1908,16,0
3905954,70351,154027,1573,1,1
3906020,43343,99483,9484,19,3
3906145,25957,18564,6068,22,3
3906311,72493,187160,4715,0,0
3906503,54070,47470,9975,17,1
3906503,54070,130068,5095,17,1
3906530,68896,83133,3134,17,1
3907076,53851,97374,4902,0,0
3907137,73579,175371,7889,20,4
3907138,39149,47369,7370,20,4
3907590,74404,129198,4223,19,3
3907973,30694,172845,7880,20,4
3908001,62393,190275,7833,16,0
3908133,67780,115516,3050,15,0
3908164,44999,18564,6068,22,3
3908195,66986,31774,9284,18,2
3908229,64786,108062,3083,18,2
3908326,41008,56580,6581,15,0
3908423,30289,47831,5344,17,1
3908423,30289,63878,6385,17,1
3908423,30289,169386,1903,17,1
3908512,35299,78963,8964,21,2
3908998,64160,92038,7057,0,0
3909383,23246,4116,9117,24,1
3909383,23246,168602,6151,24,1
3909442,55705,8934,8935,22,3
3909671,22001,82906,7923,16,0
3909763,74746,196575,9095,23,3
3909892,42811,62762,2763,13,4
3909988,41309,82940,5449,21,2
3909990,21574,44724,7229,21,2
3910022,34858,22317,9824,19,3
3910082,41524,181977,7014,19,3
3910210,51028,55444,7950,20,4
3910306,20158,16786,4290,21,2
3910306,20158,111525,6548,21,2
3910402,73427,172428,7463,24,1
3910404,1838,197345,9865,21,2
3910659,1666,167977,5526,22,3
3911014,59113,71365,6380,16,0
3911168,68347,129096,9097,23,3
3911237,66802,59062,6578,24,1
3912068,63475,108750,1261,17,1
3912293,34645,49693,7206,22,3
3912480,21784,149927,2442,19,3
3912773,46750,15398,7900,12,2
3912837,69205,170835,8387,22,3
3913063,49510,133658,6172,16,0
3913063,49510,178997,6549,16,0
3913090,64159,25397,7900,12,2
3913188,41716,47825,2834,12,2
3913188,41716,64189,9202,12,2
3913479,45293,64764,2283,16,0
3913573,43297,102537,2538,21,2
3913794,31036,173901,8936,0,0
3913795,70592,141764,6793,18,2
3913860,54622,73352,3353,16,0
3913891,63941,86530,9039,1,1
3913921,41974,193110,8149,23,3
3914116,41912,100542,3053,23,3
3914247,19570,145823,5824,19,3
3914276,71881,12404,9908,12,2
3914372,19099,59370,9371,16,0
3914530,40919,101873,1874,16,0
3914598,68977,146132,6133,18,2
3914663,29447,158739,8740,13,4
3914753,48505,104577,7088,17,1
3914883,47390,120135,7672,15,0
3914951,53794,107064,9575,24,1
3915073,51053,104708,2239,0,0
3915105,72232,167431,4980,12,2
3915456,65987,77089,4611,23,3
3915460,23311,116762,9274,23,3
3915460,23311,188632,3669,23,3
3915682,54103,116595,9107,19,3
3915751,42442,84544,9561,20,4
3916032,73888,196295,6296,23,3
3916036,21001,2450,2451,16,0
3916096,21553,172946,2947,0,0
3916130,19075,61381,1382,24,1
3916133,52174,6624,6625,24,1
3916133,52174,121915,6940,24,1
3916229,71351,10681,3183,22,3
3916389,47554,21196,3699,0,0
3916454,44408,40245,2750,16,0
3916454,44408,196836,4394,16,0
3916480,50590,2044,9545,23,3
3916615,55195,77843,5365,24,1
3916737,27154,191932,1933,22,3
3916742,39631,103660,8681,17,1
3916836,59920,135069,7583,23,3
3916961,72271,163982,6499,18,2
3917095,53443,149711,7254,1,1
3917284,61946,16333,3837,21,2
3917447,20383,169601,7150,0,0
3917504,44056,183693,8730,22,3
3917538,40432,136354,8868,24,1
3917764,52483,94697,9716,18,2
3917861,43666,35100,5101,16,0
3917891,53389,121745,6770,17,1
3917924,66695,196996,9516,19,3
3918176,64246,178827,3862,21,2
3918272,49807,127009,2034,12,2
3918343,73906,173895,3896,19,3
3918439,52351,99609,7137,19,3
3918530,27809,53602,8613,23,3
3918627,41443,18247,3250,24,1
3918727,72503,144483,2026,14,0
3919045,46685,587,3088,24,1
3919170,31300,47474,2483,20,4
3919271,50089,7343,2344,20,4
3919271,50089,8846,1347,20,4
3919361,30070,147490,5033,22,3
3919623,74039,90262,7790,22,3
3919907,69088,101605,6626,16,0
3919973,41360,42907,2908,17,1
3920256,51766,70503,8025,21,2
3920519,70040,176352,3904,17,1
3921028,51814,116445,1468,23,3
3921190,52375,143035,8064,21,2
3921191,53404,71468,1469,16,0
3921472,45922,150256,5287,13,4
3921473,42751,103465,8486,23,3
3921539,51079,26679,9182,21,2
3921539,51079,52254,9770,21,2
3921604,25334,9006,4007,21,2
3921605,73706,109388,9389,22,3
3921639,23975,132200,4714,21,2
3921639,23975,181594,9149,21,2
3921830,28396,163879,3880,21,2
3921921,61558,125986,5987,1,1
3922243,61405,117532,2555,22,3
3922434,29819,153882,8913,20,4
3922722,40732,139348,1862,12,2
3922919,62485,100470,2981,19,3
3923589,62242,117815,7816,21,2
3923650,24487,133136,8163,22,3
3923687,45559,73969,1491,21,2
3923687,45559,154196,1742,21,2
3923748,72007,13431,3432,18,2
3923748,72007,192641,7680,18,2
3924257,68636,90983,8511,22,3
3924421,50741,179606,7158,13,4
3924512,58384,95135,2663,17,1
3924577,1343,6060,6061,18,2
3924579,65872,167068,2101,18,2
3925186,73765,171717,1718,21,2
3925218,41036,109763,9764,17,1
3925251,47164,174866,2418,24,1
3925251,47164,187903,5458,24,1
3925282,59971,130343,2857,21,2
3925344,22300,42422,7431,13,4
3925633,62876,58968,3979,19,3
3925860,40444,127086,9599,22,3
3925926,61034,98075,3094,21,2
3926050,32956,97015,2034,12,2
3926050,32956,182621,2622,12,2
3926082,26681,89156,1665,20,4
3926339,56062,114403,9426,23,3
3926400,1237,87911,5436,20,4
3926466,62060,66615,4134,24,1
3926470,67903,185876,3431,22,3
3926727,20416,119711,9712,13,4
3926886,68932,105100,2631,18,2
3926887,69178,159943,9944,1,1
3926950,34549,100243,7774,16,0
3927140,29113,139949,2463,1,1
3927426,57050,91013,6032,21,2
3927844,40649,17886,5390,20,4
3927874,51718,152609,5125,12,2
3927975,58313,121889,6914,18,2
3928002,29611,151804,1805,19,3
3928131,68515,176716,4268,15,0
3928358,37879,141256,1257,13,4
3928449,33284,163606,6123,14,0
3928449,33284,185678,5679,14,0
3928450,43246,9370,1871,13,4
3928577,46363,51280,3786,0,0
3928610,22897,29847,2350,21,2
3928768,43472,182585,2586,19,3
3928994,31072,83426,5935,24,1
3929027,40888,158382,5928,16,0
3929029,1180,104525,9546,13,4
3929090,58699,149833,7376,17,1
3929344,60940,20975,5980,19,3
3929378,60898,186768,6769,18,2
3929603,65881,58878,6394,20,4
3929603,65881,197655,7656,20,4
3929667,47380,86505,1522,24,1
3929732,52627,137401,2428,13,4
3929793,1357,8886,6387,15,0
3929795,44321,64678,2197,16,0
3930118,35468,80595,8120,24,1
3930177,70546,1620,9121,24,1
3930208,67112,41219,8732,24,1
3930208,67112,129683,4708,24,1
3930214,26866,14404,4405,0,0
3930402,34300,144021,9050,21,2
3930497,20639,4133,6634,18,2
3931333,53542,117278,2301,20,4
3931491,47932,34143,6647,24,1
3931523,39118,20055,2558,24,1
3931680,26569,24131,1638,12,2
3931719,39229,36872,6873,17,1
3931779,48949,63610,6117,15,0
3931847,55843,5028,7529,15,0
3932005,32750,186466,1503,24,1
3932103,30026,164330,1879,13,4
3932228,46558,19145,9146,24,1
3932262,73301,73684,3685,21,2
3932320,67873,124952,9977,18,2
3932486,47449,156292,3838,16,0
3932487,58433,195312,2870,17,1
3932645,36137,184166,1721,23,3
3932737,48022,170719,8271,13,4
3932742,31036,130963,8503,0,0
3932865,20390,155509,3055,18,2
3932992,48952,184671,4672,0,0
3932994,21301,27754,7755,22,3
3933191,25729,178461,6013,20,4
3933415,22123,42069,7078,12,2
3933539,59668,73765,1287,0,0
3933574,47473,73267,3268,18,2
3933696,39133,39018,9019,14,0
3933764,53938,9831,7332,15,0
3933795,25729,183734,6253,20,4
3933921,46345,147029,2058,1,1
3933926,51481,117087,2110,13,4
3934020,37322,142468,11,18,2
3934151,54340,130310,5337,22,3
3934245,71290,87882,7883,16,0
3934369,35161,4329,1830,12,2
3934400,20575,195571,5572,21,2
3934565,71498,11841,1842,16,0
3934626,37315,83024,5533,16,0
3934726,57254,93770,3771,0,0
3934759,32213,73802,8817,16,0
3934784,47212,193610,3611,12,2
3934919,63250,73958,8973,22,3
3935045,27734,9239,6740,15,0
3935047,60050,28863,8864,16,0
3935268,45350,14872,7374,24,1
3935269,32372,183574,8611,15,0
3935424,66886,76970,1985,24,1
3935429,48094,22213,7218,22,3
3935429,48094,120013,2526,22,3
3935847,38150,180301,5338,22,3
3935877,42076,170970,8522,22,3
3936262,24688,91308,3818,21,2
3936356,29159,186718,1755,21,2
3936480,45136,183058,5577,24,1
3936481,43291,126368,6369,17,1
3936482,62192,120205,7742,23,3
3936544,54562,87761,7762,16,0
3936579,74171,171747,9299,14,0
3936579,74171,175961,5962,14,0
3936645,41293,170577,5612,13,4
3936709,36385,57090,7091,15,0
3936900,52883,172431,2432,15,0
3937027,57742,184672,7191,19,3
3937191,35168,98209,3228,19,3
3937219,36277,93389,3390,19,3
3937222,43979,11135,8639,17,1
3937378,29359,44866,9875,1,1
3937671,44303,36587,6588,1,1
3937671,44303,106038,6039,1,1
3937671,44303,106519,4050,1,1
3937762,69488,137148,2175,18,2
3938081,70697,137538,5078,0,0
3938179,49543,20172,5177,19,3
3938244,42566,147543,7544,16,0
3938272,56830,74935,9950,13,4
3938278,20371,32692,7699,1,1
3938311,34774,27406,4913,21,2
3938535,38578,69181,4194,13,4
3938758,20854,173622,3623,24,1
3938983,56056,85073,2598,13,4
3939074,42526,94962,2490,20,4
3939236,50452,52541,5047,19,3
3939424,46336,103750,8771,19,3
3939494,38389,114774,2308,17,1
3939777,65312,140918,5947,13,4
3940167,27992,190989,6028,12,2
3940195,59833,11454,6457,18,2
3940229,47417,127244,4781,0,0
3940261,32842,101502,4013,14,0
3940420,49657,8989,3990,22,3
3940420,49657,81490,3999,22,3
3940773,59170,34253,9260,23,3
3940928,24229,14710,2214,21,2
3940998,35644,93355,5865,23,3
3941057,62240,20902,8409,0,0
3941061,63934,89877,2386,22,3
3941188,27649,166381,8898,0,0
3941313,63740,74617,7125,19,3
3941445,66736,176901,9419,17,1
3941541,26968,149694,4723,23,3
3941603,67649,170840,8392,16,0
3941891,43010,155718,3264,14,0
3942181,51076,11395,3897,0,0
3942341,72335,31266,6273,18,2
3942500,23447,168204,8205,15,0
3942565,32977,186292,8811,20,4
3942688,68506,149493,2008,17,1
3942977,44702,109786,4807,15,0
3943046,28829,168183,8184,23,3
3943074,43607,53072,3073,24,1
3943143,73294,168905,6454,15,0
3943168,51643,95401,2929,13,4
3943270,56617,132304,9844,15,0
3943684,65732,78381,8382,16,0
3943684,65732,130977,6004,16,0
3943716,70706,64862,4863,1,1
3943842,30302,64888,4889,21,2
3943938,52523,2876,2877,16,0
3944064,45928,158684,8685,15,0
3944066,39728,25021,5022,0,0
3944067,49111,62752,2753,13,4
3944067,49111,179245,6797,13,4
3944135,37834,120534,8071,14,0
3944582,31073,181602,1603,0,0
3944866,69211,38892,1396,13,4
3944898,30839,71801,1802,13,4
3944967,37147,132179,7206,22,3
3945025,56563,22990,5493,19,3
3945088,73954,96372,1391,21,2
3945120,45973,44254,1767,16,0
3945154,73240,31165,3669,23,3
3945379,33313,174173,1725,23,3
3945474,29885,25475,2982,1,1
3945794,27286,87580,5105,12,2
3945953,34918,78252,5774,20,4
3946147,37487,113209,3210,1,1
3946151,39653,18979,8980,23,3
3946275,69151,150611,3127,24,1
3946307,50011,157066,7067,23,3
3946753,52861,114188,6700,21,2
3947207,51265,62686,2687,18,2
3947301,47768,81352,6369,17,1
3947333,23203,8301,5802,16,0
3947526,34958,97666,5194,20,4
3947552,71531,141490,1491,21,2
3947559,21719,46712,4225,18,2
3947559,21719,82451,7468,18,2
3947621,35926,122402,2403,22,3
3947650,29428,115568,5569,18,2
3947745,74240,8979,3980,23,3
3947814,58288,67041,2054,23,3
3948103,58897,21497,4000,24,1
3948129,26470,60054,7573,16,0
3948164,53767,197926,7927,17,1
3948321,41695,1615,1616,14,0
3948358,22048,60015,7534,14,0
3948358,22048,116646,4180,14,0
3948390,47902,193971,6491,15,0
3948423,52217,96327,8837,22,3
3948453,61376,7960,2961,17,1
3948483,45275,146698,9213,22,3
3948673,31270,21651,9158,22,3
3948705,57244,135608,3148,13,4
3948832,27097,46495,1504,24,1
3948934,55828,164772,7289,14,0
3949094,28633,73213,5721,20,4
3949094,28633,85092,7601,20,4
3949313,41617,87089,9598,21,2
3949796,57125,58270,5786,14,0
3949922,28544,13386,3387,17,1
3950243,59422,140121,2636,14,0
3950274,32608,25490,5491,15,0
3950304,73231,109983,5004,20,4
3950565,19501,70023,7545,17,1
3950565,19501,72850,2851,17,1
3950660,69598,81580,1581,13,4
3950817,24386,48595,8596,18,2
3950823,48620,99409,6937,16,0
3950916,36194,165091,5092,22,3
3950976,21952,183270,3271,14,0
3951108,19597,142050,7079,16,0
3951138,1343,99011,6539,18,2
3951365,38089,173497,6015,18,2
3951521,74716,188414,8415,17,1
3951620,31852,190285,5324,1,1
3952198,54541,147189,9704,19,3
3952227,29224,126367,3904,17,1
3952391,51811,111918,6941,18,2
3952519,57727,83426,8443,13,4
3952519,57727,133833,6347,13,4
3952613,64661,189016,4053,1,1
3952705,28696,35805,3315,13,4
3952708,54473,119387,1899,14,0
3952740,39004,89785,7310,23,3
3952772,38530,52214,2215,21,2
3952801,60341,108301,3322,19,3
3952868,32725,22468,4971,24,1
3952897,36574,50621,5632,13,4
3952994,46510,76251,8759,22,3
3953059,27505,143067,3068,18,2
3953314,62206,41096,6105,18,2
3953476,38090,193538,3539,0,0
3953603,34340,59923,2429,1,1
3953669,60445,130224,5251,13,4
3953921,19825,28977,1480,23,3
3954023,49429,108373,3394,21,2
3954081,23344,104559,4560,19,3
3954081,23344,120219,7756,19,3
3954211,45979,60105,2612,1,1
3954211,45979,185623,5624,1,1
3954310,38876,180648,5685,20,4
3954406,22339,178639,6191,14,0
3954688,59848,134639,4640,1,1
3954691,29108,139652,4679,16,0
3954784,66005,42442,7451,21,2
3954949,44777,19278,9279,18,2
3955072,45601,130229,7769,19,3
3955077,47083,90252,2762,1,1
3955491,68702,103014,8035,22,3
3955938,25165,162524,5041,15,0
3956034,53788,45049,2562,18,2
3956068,48215,5961,5962,14,0
3956326,39472,53066,8077,12,2
3956386,53848,78551,3566,24,1
3957702,42890,15817,5818,16,0
3957891,52655,90710,5729,18,2
3957958,43979,179702,9703,17,1
3958018,25367,14981,7483,17,1
3958018,25367,54821,4822,17,1
3958019,30719,156256,6257,15,0
3958147,29405,142445,4960,22,3
3958151,46393,100067,2578,17,1
3958213,74177,194456,4457,1,1
3958466,52867,171808,9360,21,2
3958528,47113,121112,6137,24,1
3958597,52573,175487,3039,21,2
3958624,46378,124546,7059,22,3
3959009,41935,127219,2244,15,0
3959266,25261,98042,5570,16,0
3959554,56413,97543,2562,18,2
3959747,73354,198026,8027,24,1
3959751,72079,102299,7320,18,2
3959905,38644,29399,9400,21,2
3959940,64187,78839,1347,20,4
3960160,57319,141915,1916,20,4
3960289,39604,84392,6901,0,0
3960294,37153,121232,6257,15,0
3960579,56476,132365,4879,15,0
3960615,42742,163396,3397,19,3
3960711,28927,171976,7011,16,0
3960899,51352,137932,5472,21,2
3960930,36826,4462,9463,15,0
3961376,61531,177730,7731,22,3
3961415,48868,145492,5493,19,3
3961570,43615,172565,5083,18,2
3961635,37354,111525,1526,22,3
3961669,22481,57009,4525,18,2
3961669,22481,194006,9045,18,2
3961733,67073,193907,6427,19,3
3961761,28349,187244,4799,18,2
3961856,41188,12875,2876,24,1
3961991,59875,45101,7606,18,2
3962050,61556,109712,9713,12,2
3962081,21941,82350,2351,12,2
3962145,53566,29346,4351,0,0
3962242,63782,13376,8379,0,0
3962242,63782,156355,8871,0,0
3962276,63803,39538,2042,19,3
3962564,71366,88774,1283,21,2
3962564,71366,133947,8974,21,2
3962626,42044,44538,4539,20,4
3962626,42044,155331,7847,20,4
3962689,50293,114110,1644,19,3
3963046,65479,21577,1578,24,1
3963142,72388,86806,4331,16,0
3963424,56192,170025,5060,23,3
3963554,41977,43861,8870,16,0
3963584,46108,146949,9464,16,0
3963586,73598,68012,8013,21,2
3963590,50131,48141,5654,15,0
3963683,24649,74142,9157,22,3
3963778,52381,79449,6971,12,2
3964000,32384,112881,5393,15,0
3964038,55156,51071,3577,12,2
3964391,59488,33819,3820,24,1
3964674,41605,19492,6996,20,4
3964868,39124,123314,5827,22,3
3964962,63236,70719,5734,0,0
3964962,63236,174083,9118,0,0
3965088,34256,39750,4757,18,2
3965121,19072,72475,9997,15,0
3965476,60835,180856,3375,17,1
3965543,60475,96783,6784,13,4
3965988,36745,24885,9890,21,2
3966338,45002,54447,1963,16,0
3966339,40933,145831,5832,18,2
3966370,68057,151666,6697,15,0
3966437,29287,96799,6800,20,4
3966656,22529,89285,1794,16,0
3966722,67210,50687,8203,19,3
3966722,67210,101092,8623,19,3
3966726,33829,144772,9801,12,2
3967110,21806,144337,1880,22,3
3967140,26198,156140,6141,13,4
3967271,26990,119464,4487,18,2
3967844,44953,159659,4690,15,0
3967973,72874,82577,5086,12,2
3967974,25747,73574,6082,23,3
3968487,60097,87143,7144,21,2
3968519,50317,117196,4730,22,3
3968832,59530,51272,6283,20,4
3968834,33997,178690,6242,15,0
3969030,36160,93389,8408,19,3
3969250,68563,91419,3929,14,0
3969281,54151,156839,4385,1,1
3969472,45280,71545,4053,1,1
3969475,47044,142405,9948,1,1
3969669,68138,181461,3980,23,3
3969698,64054,186972,6973,19,3
3969703,50612,181517,1518,23,3
3969732,32098,126779,4316,17,1
3969733,42572,118885,3908,23,3
3969826,69898,42155,4660,13,4
3969826,69898,91696,4206,13,4
3969860,55540,129879,2392,22,3
3969988,19286,43110,5615,24,1
3970277,30931,194046,4047,0,0
3970336,71896,34713,2223,17,1
3970336,71896,43949,3950,17,1
3970624,49960,20031,7538,16,0
3970693,23294,188521,3558,12,2
3970945,69155,163854,3855,12,2
3971136,63115,117716,7717,14,0
3971136,63115,197201,7202,14,0
3971458,47419,76729,4251,16,0
3971714,59306,193940,8979,1,1
3972098,57871,32542,5046,23,3
3972165,56621,144610,7125,19,3
3972166,20329,50044,5055,21,2
3972263,63586,127137,4674,15,0
3972679,51470,106109,6110,12,2
3972706,65834,73387,5895,18,2
3972743,49892,59238,9239,24,1
3972743,49892,82126,9651,24,1
3972771,61021,144337,1880,22,3
3972837,24920,176173,6174,15,0
3972931,19855,9038,1539,12,2
3973382,51728,141299,1300,23,3
3973539,44641,4181,6682,20,4
3973600,34874,14885,7387,20,4
3973697,74318,25238,2745,1,1
3973798,44836,179963,7515,15,0
3973798,44836,180084,7639,15,0
3973952,27664,166520,1553,14,0
3974212,55597,27900,2905,12,2
3974594,47450,52639,7650,18,2
3974918,44554,187642,7643,16,0
3974983,47977,154880,4881,1,1
3975009,65954,26465,6466,14,0
3975168,34711,163445,3446,16,0
3975267,40888,68852,3865,16,0
3975587,36847,53903,1419,22,3
3975621,50728,171073,3591,12,2
3975746,29338,52078,4584,1,1
3975876,41536,48332,5845,15,0
3975973,46682,11490,8994,14,0
3976036,32567,52621,2622,12,2
3976322,54826,91441,8969,18,2
3976353,61147,198985,1505,18,2
3976391,63898,125496,8009,24,1
3976612,73765,136519,6520,21,2
3977157,30151,168367,3400,19,3
3977248,41261,156912,9428,1,1
3977255,38077,83933,1458,24,1
3977255,38077,154960,7476,24,1
3977345,37150,51369,1370,22,3
3977542,42799,31748,6755,15,0
3977542,42799,179843,9844,15,0
3977664,33533,47832,2841,23,3
3977664,33533,95674,8184,23,3
3977665,34133,51645,6656,18,2
3977666,70102,193599,3600,13,4
3977858,1748,137286,9800,13,4
3977923,62584,99792,7320,18,2
3977924,37276,186577,1614,12,2
3977926,29560,163075,5592,1,1
3978336,73273,18455,3458,15,0
3978340,51088,117297,2320,1,1
3978437,49978,159979,5010,22,3
3978437,49978,160943,5976,22,3
3978465,49831,38162,8163,22,3
3978564,56086,96897,4425,23,3
3978817,46474,1282,6283,20,4
3978817,46474,50829,3335,20,4
3978912,62230,123328,8353,23,3
3978946,34085,118425,5959,17,1
3978979,74932,84116,6625,24,1
3979111,31594,28569,8570,16,0
3979202,34420,160674,8223,1,1
3979329,23701,61811,9330,0,0
3979331,60866,137063,4603,23,3
3979429,32719,76072,8580,21,2
3979429,32719,138680,3707,21,2
3979554,34492,103414,3415,17,1
3979648,31483,143053,8082,0,0
3979813,24403,55334,2850,23,3
3980034,28924,37597,2604,15,0
3980099,69565,21254,1255,14,0
3980224,55922,188094,5649,20,4
3980260,34027,95790,3318,17,1
3980288,48839,125917,8430,13,4
3980391,23653,85756,5757,23,3
3980421,65374,89101,6626,16,0
3981030,54349,187018,7019,21,2
3981248,22139,58809,3820,24,1
3981411,69397,153492,6008,19,3
3981568,38293,52396,4902,0,0
3981764,60811,141606,9149,21,2
3981956,21301,11205,6208,22,3
3982023,34000,91558,9086,24,1
3982306,60235,84524,2049,14,0
3982597,59660,123689,3690,12,2
3982659,35116,99197,1707,14,0
3982692,56300,185540,5541,18,2
3982755,50524,17508,5012,0,0
3982817,26782,68303,3316,0,0
3982882,62563,62737,5244,20,4
3982947,32477,42757,5262,18,2
3983013,48715,26055,3562,16,0
3983108,74419,103458,5969,19,3
3983297,28498,70018,2526,22,3
3983334,51233,112624,5136,17,1
3983460,72694,116127,8639,17,1
3983460,72694,165498,8015,17,1
3983587,73972,70799,3307,13,4
3983910,38020,62531,7544,16,0
3984005,46964,195995,5996,14,0
3984224,20527,109483,4504,23,3
3984231,50180,186958,1995,18,2
3984290,45610,73633,3634,22,3
3984290,45610,170854,8406,22,3
3984321,68077,158706,6252,13,4
3984736,58606,154066,6582,12,2
3984800,19585,155493,3039,21,2
3984896,52532,154016,4017,24,1
3985059,20984,43336,3337,15,0
3985124,36901,116663,6664,13,4
3985152,62227,28083,8084,13,4
3985187,61550,178226,5778,21,2
3985189,27727,194409,9448,1,1
3985222,46009,179694,7246,15,0
3985252,27830,8470,8471,12,2
3985345,32392,7428,9929,0,0
3985346,30676,19907,4910,22,3
3985377,52372,66928,9435,20,4
3985510,26938,113888,3889,14,0
3985568,22372,157952,5498,13,4
3985666,67045,172714,2715,18,2
3985668,66811,105025,5026,17,1
3985798,25393,43909,3910,17,1
3986151,39775,72803,2804,16,0
3986151,39775,188605,6160,16,0
3986214,30355,31543,4047,0,0
3986272,56419,1578,6579,21,2
3986372,51526,39033,1537,23,3
3986402,43601,137018,9532,17,1
3986498,68659,37467,7468,18,2
3986530,66209,1263,8764,18,2
3986628,36020,143004,3005,1,1
3986816,35053,17424,7425,19,3
3986818,63077,129078,1591,22,3
3986821,61231,35950,3460,18,2
3986978,38098,49463,4472,20,4
3987046,38960,59811,2317,13,4
3987072,42383,87065,9574,0,0
3987104,65014,69102,9103,14,0
3987137,67043,16519,9021,12,2
3987335,60271,52154,9670,19,3
3987558,35812,179527,7079,16,0
3987621,64069,173452,3453,1,1
3987876,67828,57060,7061,20,4
3988162,1828,89239,4256,13,4
3988419,29780,38309,8310,20,4
3988480,30674,173855,1407,0,0
3988546,33238,195459,5460,12,2
3988898,46639,91538,1539,12,2
3988931,28054,114133,4134,24,1
3988963,69713,169627,2144,14,0
3989222,63079,127992,5529,12,2
3989317,74407,59208,9209,23,3
3989474,43990,16861,4365,18,2
3989765,65926,163517,3518,17,1
3989895,69967,114615,2149,24,1
3989895,69967,142575,5090,24,1
3989924,34063,41010,6019,22,3
3989925,66068,5905,3406,15,0
3989925,66068,119189,1701,15,0
3990021,1348,152203,9749,23,3
3990049,62350,18351,3354,16,0
3990083,63428,91993,4503,1,1
3990115,74017,98185,8186,13,4
3990370,36196,89430,6955,12,2
3990403,57433,65063,5064,21,2
3990433,36178,177236,2271,24,1
3990434,60229,58639,8640,23,3
3990464,64264,60185,7704,24,1
3990562,57166,12998,8001,0,0
3990598,22015,109838,2349,22,3
3990726,45682,168187,3220,20,4
3990880,41255,52171,2172,13,4
3990949,54472,4623,7124,12,2
3991681,52111,135620,8134,20,4
3991715,28408,75525,5526,22,3
3991748,73969,76899,1914,13,4
3991846,58513,166494,6495,24,1
3992291,20143,140871,3386,24,1
3992384,23126,132341,7368,14,0
3992452,42236,4150,6651,0,0
3992485,28144,35102,2612,1,1
3992610,69206,30290,7800,12,2
3992647,60278,102706,2707,20,4
3992705,18977,29976,9977,18,2
3993029,29144,104498,2029,14,0
3993125,62527,187428,2465,15,0
3993378,61051,42290,4795,19,3
3993441,52159,58771,1277,0,0
3993829,26569,70818,8340,12,2
3993829,26569,83778,1303,12,2
3993856,45383,15647,3151,17,1
3993860,60625,61980,4487,18,2
3994305,42260,47318,4831,20,4
3994338,46465,166633,1666,22,3
3994432,41941,9343,4344,1,1
3994439,61939,118878,3901,12,2
3994439,61939,120981,3494,12,2
3994564,69008,109224,6755,15,0
3994723,44476,28662,3667,19,3
3994822,66209,29012,1515,18,2
3995008,51742,73569,6077,24,1
3995141,74540,74379,1901,24,1
3995207,28003,109322,6853,13,4
3995329,43910,151673,4189,1,1
3995461,52669,151628,4144,12,2
3995461,52669,171190,3708,12,2
3995686,59657,149149,6692,14,0
3995781,41428,182097,7134,17,1
3995879,62575,84658,7167,0,0
3996097,49706,24489,6992,18,2
3996132,50638,27656,5163,19,3
3996162,36680,8366,5867,0,0
3996389,38539,153405,5921,17,1
3996422,56050,169960,2477,14,0
3996454,69715,67800,5319,20,4
3996455,24209,115433,2967,18,2
3996455,24209,139671,9672,18,2
3996577,66655,79432,6954,23,3
3996581,42799,88514,3531,15,0
3996672,50537,187806,2843,1,1
3996770,49624,23888,8893,19,3
3996996,62446,175144,2696,21,2
3997024,56083,48221,8222,15,0
3997028,21784,150342,5373,19,3
3997351,53992,3771,6272,19,3
3997351,53992,197466,5024,19,3
3997602,49586,94201,6711,12,2
3997670,35321,116900,6901,0,0
3997729,74206,44342,9351,19,3
3997730,55216,68302,3315,13,4
3997826,49024,157529,5075,15,0
3997830,71492,136835,4375,21,2
3997862,70190,123051,8076,13,4
3997891,68008,6792,4293,17,1
3998016,57593,5950,3451,16,0
3998499,36793,85393,5394,0,0
3998593,49766,135468,5469,20,4
3998597,74884,65307,5308,21,2
3998695,52127,65525,3044,15,0
3998880,53221,31150,6157,17,1
3998912,64415,31772,9282,14,0
3998918,1192,162461,7494,20,4
3998919,74303,38045,3052,17,1
3999047,38566,96265,1284,16,0
3999266,66134,108765,6296,23,3
3999268,21356,90735,5754,13,4
3999456,37456,14811,9814,19,3
3999586,24286,107487,7488,0,0
3999751,50446,193373,3374,20,4
4000032,35567,59812,9813,24,1
4000353,58201,147758,2787,24,1
4000448,26500,148714,8715,19,3
4000640,69658,27692,5199,21,2
4000646,41974,71062,8584,23,3
4000708,40474,22573,7578,19,3
4000708,40474,170728,5763,19,3
4000774,74462,69269,6788,1,1
4000866,71827,46068,8573,1,1
4000932,44936,190933,8491,15,0
4000966,24430,127911,7912,16,0
4001217,55282,104909,4910,22,3
4001766,36632,43791,3792,12,2
4001890,22045,62237,2238,13,4
4001953,23987,124212,6725,15,0
4001991,19834,193404,8443,13,4
4002083,60125,41435,6444,17,1
4002083,60125,111159,6182,17,1
4002085,37177,101351,3862,21,2
4002113,33400,108351,3372,20,4
4002275,23095,8362,8363,12,2
4002465,35053,98859,8860,19,3
4002497,25957,85928,8437,22,3
4002503,71633,191032,6071,18,2
4002823,39307,139735,9736,1,1
4003045,34324,5514,3015,21,2
4003206,44777,78574,6096,18,2
4003331,22178,116461,8973,22,3
4003459,63383,64450,9463,15,0
4004289,29638,134488,7002,20,4
4004615,23206,10376,5379,21,2
4004646,31033,190842,5881,14,0
4004742,58138,190862,3382,17,1
4004768,66832,175291,2843,1,1
4004839,23494,95044,2572,22,3
4004928,21740,39564,2068,18,2
4005058,58426,164970,4971,24,1
4005732,64306,55094,5095,17,1
4005829,44294,99783,4802,12,2
4006373,36754,47213,4726,14,0
4006373,36754,183658,3659,14,0
4006565,38594,69868,7387,20,4
4006596,60934,34065,4066,21,2
4006624,66037,64523,7030,16,0
4006724,20851,119235,9236,13,4
4006725,39634,154047,9078,19,3
4006787,43792,169181,6730,21,2
4006854,47264,79153,4168,16,0
4006976,59746,16659,9161,14,0
4007008,31496,73768,8783,14,0
4007462,37402,135304,5305,13,4
4007584,69778,189440,4477,20,4
4007585,53260,185026,7545,17,1
4007586,67217,12470,4972,16,0
4007904,44771,189464,4501,20,4
4007911,61016,59314,4325,12,2
4007941,62956,174198,4199,20,4
4008261,22783,17916,7917,12,2
4008610,50659,107046,7047,17,1
4008708,57007,99986,9987,12,2
4008897,70694,17979,5483,1,1
4009504,74866,107262,7263,21,2
4009572,31898,112849,5361,15,0
4009889,57973,140933,8476,0,0
4010080,71042,12132,2133,23,3
4010400,20270,85654,5655,15,0
4010496,24077,119187,6721,0,0
4010592,24077,78081,5603,0,0
4010592,24077,90575,3085,0,0
4010596,59015,133076,8103,16,0
4010791,64102,81192,8717,22,3
4010946,64820,10427,7931,1,1
4011105,23800,94490,7000,19,3
4011140,25837,189912,9913,0,0
4011168,24770,100272,5293,23,3
4011424,58172,69354,6873,17,1
4011526,73601,140250,7793,17,1
4011558,73139,129702,9703,17,1
4011713,38350,148761,3790,1,1
4011717,32887,10662,3164,15,0
4011879,62989,8301,8302,16,0
4011938,54635,84364,9381,21,2
4011972,52627,79469,6991,13,4
4012164,60545,39967,4974,15,0
4012164,60545,112959,7982,15,0
4012257,69019,169335,6884,24,1
4012322,65882,126348,6349,17,1
4012390,48137,38866,1370,22,3
4012581,22966,145031,5032,18,2
4012610,26753,122560,2561,22,3
4012614,28663,5146,7647,19,3
4012867,68549,146656,1685,16,0
4013188,47146,107482,9993,0,0
4013312,38636,5690,8191,0,0
4013315,20204,56272,1283,21,2
4013472,35837,54008,6514,12,2
4013540,67537,152309,9855,20,4
4013670,35788,81734,1735,12,2
4013702,39415,92004,2005,20,4
4013830,66695,118714,8715,19,3
4013893,20926,29976,9977,18,2
4013926,23050,173285,3286,14,0
4014018,61966,3845,3846,21,2
4014210,70628,76568,1583,14,0
4014405,25727,117732,5266,15,0
4014434,39232,118881,8882,20,4
4014567,71275,129564,4589,16,0
4014629,24173,192662,5182,0,0
4014758,46559,147705,2734,1,1
4015172,54094,6916,9417,16,0
4015172,54094,36312,1319,16,0
4015521,49486,141303,6332,19,3
4015524,70295,9820,2321,19,3
4015585,21386,100503,3014,20,4
4015591,43357,98,7599,13,4
4015714,30337,47001,7002,20,4
4015714,30337,199376,1896,20,4
4015812,45635,35555,5556,13,4
4015815,57097,164276,6793,18,2
4015911,23423,118654,6188,23,3
4015943,26695,9076,6577,24,1
4016133,65509,166943,4492,22,3
4016289,31690,166094,3643,18,2
4016322,36910,85046,5047,19,3
4016385,41026,99745,7273,1,1
4016385,41026,178420,5972,1,1
4016449,60079,91856,9384,24,1
4016677,34138,191630,1631,12,2
4016708,49993,39237,1741,12,2
4016806,51328,47888,5401,21,2
4017062,60433,70338,2846,20,4
4017062,60433,193244,8283,20,4
4017250,74039,15751,3255,22,3
4017506,26533,198119,5677,21,2
4017635,1481,160569,5602,12,2
4017665,64879,20249,7756,19,3
4017894,58703,140549,8092,1,1
4018053,55223,86805,1822,0,0
4018242,47840,71474,1475,17,1
4018597,70396,96023,3551,18,2
4018598,70252,22056,2057,1,1
4018758,68164,153173,5689,23,3
4018880,42479,85759,5760,22,3
4018979,27905,138783,8784,0,0
4019266,60202,154307,4308,23,3
4020163,1600,196434,3992,20,4
4020326,69745,132025,9565,23,3
4020549,1562,66814,9321,13,4
4020578,28672,64198,1717,0,0
4020578,28672,88079,3096,0,0
4020578,28672,141719,1720,0,0
4020643,74926,48138,3147,23,3
4020646,62150,163351,5868,16,0
4020871,21989,78793,3808,13,4
4020928,67208,60143,5156,14,0
4020992,52429,46289,1298,16,0
4021285,34936,139599,2113,17,1
4021412,72916,85528,3053,23,3
4021414,28550,17301,7302,18,2
4021414,28550,113573,8596,18,2
4021474,42082,137218,9732,0,0
4021510,28777,81573,1574,13,4
4021607,29920,118069,8070,22,3
4021636,19655,116435,3969,16,0
4021764,33290,31318,1319,16,0
4021857,52600,193396,3397,19,3
4021890,41050,130274,7814,1,1
4022048,34801,82355,2356,19,3
4022051,22090,38823,3830,19,3
4022179,40208,84660,9677,17,1
4022785,31879,17426,2429,1,1
4022822,42268,24258,4259,0,0
4022848,30799,194674,9713,12,2
4023168,58603,189159,6714,1,1
4023328,27740,9201,6702,14,0
4023808,49421,44324,6829,19,3
4023847,63140,78313,5835,21,2
4023940,64693,117538,7539,18,2
4023941,68533,106625,6626,16,0
4024165,47569,71059,8581,17,1
4024225,50198,102678,7699,1,1
4024290,31412,22807,2808,1,1
4024387,22933,53354,5860,1,1
4024387,22933,144699,7214,1,1
4024422,35828,11250,6253,20,4
4024455,47533,173613,3614,23,3
4025092,53291,82438,4947,22,3
4025157,55168,11423,8927,0,0
4025187,73753,53304,8315,16,0
4025281,47342,179828,7380,1,1
4025411,35360,46863,4376,19,3
4025602,56041,96872,1891,24,1
4026272,24544,37355,9859,24,1
4026272,24544,84665,7174,24,1
4026304,24761,120272,7809,16,0
4026433,34952,196348,8868,24,1
4026502,49936,114639,2173,14,0
4026529,33071,102707,7728,1,1
4026530,73094,94242,9261,23,3
4026560,24988,54967,2483,20,4
4026627,65246,193590,3591,12,2
4026727,1864,158313,5859,22,3
4026852,37160,146325,3868,21,2
4027297,28105,139723,4750,16,0
4027361,42190,7389,9890,21,2
4027361,42190,16388,1391,21,2
4027458,52096,87016,7017,14,0
4027778,27253,101924,9455,21,2
4027840,36970,193613,8652,15,0
4028068,64567,56838,4354,14,0
4028224,70375,81807,6824,20,4
4028261,45643,54869,2385,17,1
4028326,64120,104226,9247,21,2
4028706,24520,71617,4125,13,4
4028708,34456,188258,3295,15,0
4028902,51092,34270,4271,18,2
4028902,51092,117432,4966,18,2
4028960,22079,59627,7143,24,1
4029543,33964,16848,9350,1,1
4029569,70037,110784,3296,0,0
4029760,73342,87891,5416,13,4
4030054,52342,104582,4583,13,4
4030113,54278,126403,8916,18,2
4030373,52999,109781,4802,12,2
4030467,59003,138275,5815,21,2
4030596,72391,67800,5319,20,4
4030663,44671,118607,6141,13,4
4030790,32518,12385,9889,15,0
4030790,32518,106497,9008,15,0
4030790,32518,150407,2923,15,0
4031077,44224,32388,4892,1,1
4031266,43657,82804,7821,24,1
4031588,36898,192056,7095,22,3
4031811,64048,173841,8876,20,4
4031872,67726,90471,2981,19,3
4031872,67726,107377,2398,19,3
4032099,39487,188763,6318,19,3
4032133,34027,2669,5170,17,1
4032134,71179,168556,8557,17,1
4032259,44198,161772,9321,13,4
4032678,22498,69703,4716,22,3
4032774,39232,45194,2707,20,4
4032832,42376,34314,1824,13,4
4032899,61480,176824,4376,19,3
4032903,36008,155187,5188,18,2
4032934,60796,45611,3124,15,0
4033024,49105,105735,8246,0,0
4033252,31435,153695,3696,16,0
4033283,38290,108625,3646,20,4
4033441,24190,12514,2515,1,1
4033477,35161,117449,4983,12,2
4033669,66808,9024,6525,23,3
4033669,66808,17848,7849,23,3
4033987,36646,170454,5489,0,0
4034242,52228,166978,9495,23,3
4034309,63640,92228,9756,18,2
4034373,50252,186046,3601,1,1
4034374,72217,61956,4463,14,0
4034469,19753,163254,3255,22,3
4034529,36895,143725,6240,1,1
4034631,56479,29546,2049,14,0
4034917,52451,104928,9949,23,3
4034983,42481,187077,7078,12,2
4035015,40067,16798,1801,13,4
4035015,40067,199794,9795,13,4
4035169,48691,32451,2452,20,4
4035205,48859,176167,6168,17,1
4035744,49756,164177,9210,24,1
4035942,48766,149163,9164,20,4
4036070,30997,100150,5171,19,3
4036100,74825,160904,5937,16,0
4036771,53545,101519,1520,19,3
4036967,44107,17960,5464,14,0
4037063,53645,32304,2305,23,3
4037089,39974,64576,7083,18,2
4037089,39974,159456,4487,18,2
4037541,62092,71500,9022,13,4
4037571,64417,1132,6133,18,2
4037956,38209,158838,3869,18,2
4038274,64052,18785,8786,22,3
4038434,56971,132210,9750,21,2
4038471,68608,73011,8026,19,3
4039042,42142,124216,6729,15,0
4039237,66946,175527,3079,19,3
4039299,74500,148847,1362,0,0
4039493,57376,166494,4043,13,4
4039687,59096,126332,1357,24,1
4039713,36542,167659,7660,12,2
4040007,63718,193280,8319,22,3
4040199,73831,143462,5977,24,1
4040231,73058,72561,5069,15,0
4040260,28019,95975,3503,14,0
4040358,33538,86444,1461,12,2
4040610,69770,193746,6266,13,4
4040774,29084,147373,2402,18,2
4040867,41599,58622,3633,24,1
4040867,41599,163579,3580,24,1
4041156,22019,192168,9726,17,1
4041764,61087,34358,4359,1,1
4041952,20029,1315,3816,1,1
4042433,60598,154729,9760,14,0
4042531,25460,41797,6806,16,0
4043427,58009,57217,7218,22,3
4043685,41137,93835,8854,22,3
4043970,67438,150961,8507,17,1
4044003,1744,187267,4822,17,1
4044033,28198,153862,1408,16,0
4044135,73775,126625,4162,14,0
4044263,68131,184356,1911,17,1
4044519,19825,134546,2086,23,3
4044802,43936,47654,5167,15,0
4044868,36662,82050,7067,23,3
4045152,22498,181377,8932,22,3
4045152,22498,189327,6882,22,3
4045345,61735,137112,7113,15,0
4045347,48005,55041,5042,20,4
4045443,28201,197698,7699,1,1
4045701,56624,47446,7447,13,4
4045860,64711,173893,8928,15,0
4045959,69952,179071,1589,17,1
4045959,69952,180281,5318,17,1
4045985,54629,124154,6667,20,4
4046050,63148,172051,4569,18,2
4046085,32962,88442,5967,21,2
4046277,74492,169123,4156,21,2
4046306,70777,7423,4924,15,0
4046340,20611,41667,4172,13,4
4046433,59126,162364,4881,1,1
4046502,31202,37662,5172,15,0
4046594,33265,84317,1842,16,0
4046594,33265,177835,7836,16,0
4046595,24946,98383,3402,0,0
4046788,30226,56595,1606,24,1
4046788,30226,187291,4846,24,1
4046850,21379,87284,7285,23,3
4046918,52801,81547,6564,15,0
4046944,44857,7822,7823,22,3
4047078,59330,147062,7063,12,2
4047206,38579,163652,6169,14,0
4047488,38305,110010,11,18,2
4047651,35504,37213,9717,13,4
4047970,73202,104065,1596,1,1
4048004,58273,7393,4894,17,1
4048032,57850,196210,3768,19,3
4048163,51344,156995,6996,20,4
4048198,53213,134543,7057,0,0
4048199,35959,36732,9236,13,4
4048295,56320,40402,7915,20,4
4048321,43564,151248,8794,12,2
4048327,62327,28778,1281,23,3
4048327,62327,126176,8689,23,3
4048480,33220,16206,6207,24,1
4048902,38149,168698,3731,23,3
4048966,19529,174281,1833,16,0
4048966,19529,181471,9026,16,0
4049024,27734,182471,7508,15,0
4049221,64456,66054,3573,21,2
4049408,28546,27899,7900,12,2
4049412,41582,185733,5734,0,0
4049569,45796,97011,7012,23,3
4049570,27928,24405,6908,22,3
4049633,58625,55297,2813,14,0
4049830,1237,198823,6381,20,4
4050051,53479,178511,8512,16,0
4050084,33175,117036,9548,14,0
4050209,73183,26111,3618,20,4
4050209,73183,41906,1907,20,4
4050371,63286,130690,5717,18,2
4050503,26293,40749,8262,18,2
4050535,64775,170023,5058,17,1
4050566,65836,173417,5935,24,1
4050599,52969,85682,3207,24,1
4050629,60100,109397,1908,16,0
4050662,69811,28516,8517,14,0
4050695,37474,140882,3397,19,3
4050754,62866,180351,2870,17,1
4050852,63580,89176,6701,14,0
4051105,19996,114168,9191,13,4
4051330,56551,93593,8612,24,1
4051330,56551,163214,5731,24,1
4051331,33742,17889,2892,12,2
4051395,41689,153472,5988,13,4
4051650,32674,148646,3675,20,4
4051713,48116,41369,8882,20,4
4051808,18865,123633,6146,15,0
4051907,46859,37057,4567,13,4
4052000,30565,188264,5819,17,1
4052005,70027,93626,6136,19,3
4052130,58441,114365,1899,14,0
4052160,56584,139294,4321,20,4
4052227,29533,164790,4791,21,2
4052320,25735,152865,7896,20,4
4052390,44056,45607,8112,22,3
4052455,69344,36610,4120,0,0
4052487,35735,121038,3551,18,2
4052551,72931,34199,1709,15,0
4052612,39031,186589,4144,12,2
4052676,43105,93536,3537,19,3
4052769,63556,80435,7960,17,1
4052871,38483,55350,7856,12,2
4052965,37990,193896,3897,0,0
4053219,40780,24166,9171,12,2
4053283,49804,161842,4359,1,1
4053383,57680,92127,9655,18,2
4053446,28982,112378,9912,14,0
4053607,36613,193933,6453,20,4
4053632,28016,52507,2508,12,2
4053763,51301,133090,3091,14,0
4053825,44701,79484,1992,14,0
4053825,44701,180240,7795,14,0
4054147,47834,167052,2085,12,2
4054375,60172,16225,3729,24,1
4054375,60172,87318,2335,24,1
4054401,56062,113539,3540,23,3
4054469,40399,106369,3900,24,1
4054565,56792,51504,6515,19,3
4054759,60971,18309,5813,15,0
4055043,25534,127656,5193,20,4
4055043,25534,160818,3335,20,4
4055107,53581,132854,7881,16,0
4055264,55322,21468,1469,16,0
4055365,33967,163630,3631,17,1
4055490,29749,107337,4868,0,0
4055524,74917,6246,8747,0,0
4055589,19375,117708,2731,19,3
4055620,26471,160757,3274,24,1
4055712,40909,138495,8496,16,0
4055746,42940,171801,4319,13,4
4055814,37753,84011,9028,14,0
4055910,74476,188776,3813,1,1
4056005,35810,149925,7468,18,2
4056163,26638,135385,7899,15,0
4056195,74650,119373,4396,17,1
4056356,23626,36761,9265,0,0
4056545,53158,153119,5635,16,0
4056576,40432,1883,9384,24,1
4056739,65434,193937,3938,18,2
4056743,74209,104102,6613,14,0
4056869,67376,64914,7421,19,3
4057217,59170,75989,5990,23,3
4057924,31033,17296,2299,14,0
4058080,39847,162966,5483,1,1
4058341,29668,93958,3959,14,0
4058468,65269,5513,8014,17,1
4058503,27439,162750,2751,13,4
4058567,56326,146905,9420,19,3
4058752,43495,8710,8711,16,0
4058756,22177,188204,8205,15,0
4058786,44237,38866,6376,23,3
4059013,70735,83475,8492,20,4
4059072,64828,129853,2366,14,0
4059104,56743,100959,5980,19,3
4059235,64513,197026,9546,13,4
4059713,55840,95018,7528,17,1
4059873,44080,28780,3785,14,0
4059943,31505,3827,8828,24,1
4060609,38680,187095,2132,12,2
4060740,74039,57571,7572,22,3
4060740,74039,119303,4326,22,3
4060995,73363,94437,1965,1,1
4061088,27209,148476,3505,24,1
4061445,53011,87206,2223,17,1
4061639,28300,124487,2024,0,0
4062081,58616,94389,6899,14,0
4062084,59137,20855,5860,1,1
4062084,59137,150265,7811,1,1
4062215,26495,146245,8760,19,3
4062304,54698,135460,5461,19,3
4062375,49960,64455,4456,16,0
4062503,71791,141513,4028,13,4
4062530,56341,45794,3307,13,4
4062534,59416,34147,4148,17,1
4062561,58894,119880,4903,19,3
4062625,53150,112416,9950,13,4
4062663,72343,63130,8143,12,2
4062721,26539,120127,7664,14,0
4062944,19396,18975,3978,15,0
4063077,46151,87718,2735,16,0
4063077,46151,90240,2750,16,0
4063203,70756,142138,4653,15,0
4063300,24112,14429,1933,22,3
4063427,26980,48136,8137,14,0
4063682,56279,59236,4247,0,0
4063685,57488,164864,7381,20,4
4063747,44542,194948,7468,18,2
4063841,20441,50601,8117,21,2
4063911,48052,178877,6429,18,2
4064101,43171,79288,4303,20,4
4064486,20522,187456,2493,1,1
4064487,58387,123353,8378,17,1
4064711,40774,112777,7800,12,2
4064865,52393,109028,6559,0,0
4064965,71293,146222,1251,20,4
4065089,24562,136035,6036,15,0
4065511,57881,64054,1573,1,1
4065639,44735,149329,9330,0,0
4065665,23954,74441,1963,16,0
4065955,40408,169582,2099,0,0
4066180,62117,114857,2391,17,1
4066214,53506,31071,8581,17,1
4066531,44870,81780,1781,14,0
4066564,49280,42938,7947,14,0
4066596,26234,185870,8389,17,1
4066912,35492,30913,5920,20,4
4067043,25193,24455,1962,22,3
4067104,74105,92369,4879,15,0
4067205,21517,63668,8681,17,1
4067303,33154,119039,6573,21,2
4067396,50056,125473,3010,1,1
4067523,57598,5558,3059,14,0
4067684,71074,112491,7514,17,1
4067777,64447,171595,1596,1,1
4067940,58654,194191,9230,18,2
4068032,63955,72736,5244,20,4
4068065,24677,158475,3506,0,0
4068068,56635,113953,3954,23,3
4068321,57754,76322,3844,13,4
4068387,30929,95658,5659,16,0
4068387,30929,109196,4217,16,0
4068388,66760,71188,3696,16,0
4068388,66760,155876,8392,16,0
4068451,32738,74548,4549,12,2
4068576,71366,6717,1718,21,2
4068864,69310,30603,5610,22,3
4068871,39538,43071,5576,0,0
4068929,71707,171589,6624,20,4
4068992,67901,34916,7420,24,1
4069121,30484,31248,3752,19,3
4069121,30484,49235,4244,19,3
4069505,59263,86828,6829,19,3
4069671,60020,199307,6865,15,0
4070021,21166,59493,7009,14,0
4070051,37903,38920,6430,21,2
4070055,32113,57077,4593,1,1
4070118,73084,11803,1804,0,0
4070145,36031,20932,3435,13,4
4070176,65822,7900,2901,19,3
4070533,64411,189967,9968,17,1
4070592,30500,126467,6468,22,3
4070624,64600,19835,2337,17,1
4070624,64600,151921,6952,17,1
4070823,70808,24650,4651,18,2
4070823,70808,120605,5630,18,2
4070884,26338,140417,7960,17,1
4070918,57811,123934,6447,24,1
4070980,54382,58109,5625,14,0
4071267,37606,26854,9357,19,3
4071298,68032,156114,3660,15,0
4071681,41599,6947,1948,24,1
4071875,40063,67281,4800,0,0
4072197,36352,140472,8015,17,1
4072225,25210,33667,3668,17,1
4072228,59392,90897,5916,0,0
4072263,29383,159651,7197,12,2
4072418,45844,125958,3495,1,1
4072418,45844,191271,3791,1,1
4072420,20263,194235,9274,23,3
4072576,62576,123939,3940,24,1
4072768,48169,27477,2482,18,2
4073379,70427,41706,6715,19,3
4073440,65482,127160,2185,19,3
4073476,46618,51687,6698,14,0
4073476,46618,179968,5003,14,0
4073697,25969,3526,6027,20,4
4073824,69457,125029,7542,0,0
4073856,60170,82601,2602,24,1
4073956,39805,193501,8540,16,0
4074087,60115,107044,4575,15,0
4074247,60737,120802,5827,22,3
4074466,35683,146398,1427,21,2
4074468,36091,70750,5765,18,2
4074471,37801,175986,3538,23,3
4074529,44024,174746,4747,24,1
4074694,35539,151533,6564,15,0
4074819,33781,86918,4443,12,2
4074885,33184,153415,8446,19,3
4074945,19585,14898,7400,21,2
4075171,40228,196016,8536,1,1
4075239,30611,180500,8055,20,4
4075424,44995,191914,1915,13,4
4075459,53275,22980,5483,1,1
4075559,51125,117541,7542,0,0
4075749,26399,49669,9670,19,3
4075751,49595,11885,9389,22,3
4075781,32050,120222,5247,23,3
4075844,73783,173111,5629,15,0
4076032,41669,94960,2488,23,3
4076035,37343,157784,5330,15,0
4076070,36292,176200,3752,19,3
4076165,44050,168879,8880,16,0
4076194,43177,139703,7243,1,1
4076225,23281,127588,2613,15,0
4076323,34906,199434,1954,24,1
4076388,1568,167801,7802,22,3
4076646,53902,194579,2137,23,3
4076864,73933,118703,8704,21,2
4077190,27283,153181,3182,22,3
4077282,34229,75159,5160,15,0
4077413,39301,130720,5747,19,3
4077505,28162,36383,6384,20,4
4077507,67106,79996,9997,15,0
4077509,24985,156382,8898,0,0
4077571,27931,49866,4875,14,0
4077728,40780,11922,4424,12,2
4077729,33070,94247,1775,12,2
4077890,31112,75050,2572,22,3
4077985,59837,11984,9488,12,2
4078016,56815,166760,1793,24,1
4078020,40562,6643,6644,13,4
4078276,60289,156345,8861,12,2
4078529,42619,105751,5752,24,1
4078663,54094,198542,6100,16,0
4078752,26962,95377,5378,16,0
4078852,28738,46890,1899,14,0
4078913,74857,43536,3537,19,3
4079234,52012,32700,7707,24,1
4079297,42728,73508,3509,24,1
4079588,20777,47445,4958,13,4
4079782,25375,149341,4370,19,3
4079808,31528,58941,8942,18,2
4079808,31528,139308,6848,18,2
4079814,54529,94582,2110,13,4
4079938,71002,85150,2675,19,3
4080069,63221,145522,5523,23,3
4080260,61303,145366,7881,16,0
4080641,41591,171022,8574,13,4
4080707,63532,32663,2664,18,2
4080774,59944,93118,5628,1,1
4080832,23431,119530,2042,19,3
4080836,36779,31676,4180,14,0
4080870,22420,166322,3871,0,0
4080935,38084,114167,4168,16,0
4081153,20524,22121,9628,19,3
4081253,64156,182962,2963,13,4
4081315,74332,76904,4426,13,4
4081473,42103,62118,4625,20,4
4081507,38116,147669,5212,0,0
4081665,30904,158397,8398,20,4
4081857,52565,141283,8826,15,0
4081893,47483,133116,8143,12,2
4081894,43940,87707,2724,14,0
4082021,39847,190303,5342,1,1
4082242,47060,127632,2657,24,1
4082464,56465,53180,3181,14,0
4082561,67580,110504,3016,17,1
4082695,69877,183697,3698,21,2
4082950,64522,120934,5959,17,1
4082950,64522,123390,8415,17,1
4082978,18946,45068,2581,14,0
4082982,68671,102971,7992,16,0
4083046,62494,149723,2238,13,4
4083105,32744,38621,3628,17,1
4083234,67774,99826,4845,16,0
4083298,35060,39130,9131,21,2
4083300,47684,94974,2502,1,1
4083360,53479,175318,7836,16,0
4083393,29560,198549,8550,1,1
4083488,26477,119696,9697,23,3
4084293,30539,111953,1954,24,1
4084323,57763,125826,8339,21,2
4084451,24520,147022,2051,13,4
4084486,38890,24293,1800,0,0
4084514,32174,189357,9358,0,0
4084896,57589,132841,2842,0,0
4084898,22963,177943,5495,15,0
4084997,40154,5400,2901,19,3
4085281,65630,59451,4462,19,3
4085349,35870,160322,5355,12,2
4085383,44470,195493,8013,21,2
4085441,70790,106794,6795,20,4
4085765,25219,151400,1401,23,3
4085862,73750,51672,9188,13,4
4085922,34445,129063,6600,1,1
4086118,57577,40948,5957,12,2
4086178,35290,3738,6239,23,3
4086241,58198,191664,9222,18,2
4086272,34705,141850,1851,15,0
4086277,48829,69996,9997,15,0
4086375,66385,56821,6822,12,2
4086402,25457,23400,5903,12,2
4086402,25457,64259,6766,12,2
4086403,51220,85006,7515,15,0
4086500,58123,178076,8077,12,2
4086567,34459,94695,9714,0,0
4086599,1447,148362,5905,17,1
4086662,22951,154213,4214,1,1
4086692,65131,154444,9475,16,0
4086720,66226,33745,1255,14,0
4086720,66226,137946,7947,14,0
4086850,37867,158399,8400,18,2
4087041,74392,23965,6468,22,3
4087170,48448,152867,5383,20,4
4087335,49099,58845,3856,13,4
4087360,36499,147213,4756,1,1
4087396,31816,18399,3402,0,0
4087430,59902,166473,4022,24,1
4087526,21152,194230,4231,13,4
4087585,38320,41306,1307,17,1
4087650,60863,129508,7045,21,2
4087650,60863,198021,5579,21,2
4087687,50167,33247,8254,12,2
4087744,63572,65697,3216,17,1
4087943,25147,26164,8667,18,2
4087943,25147,133628,3629,18,2
4088133,68765,146224,1253,0,0
4088198,30563,140737,5766,13,4
4088257,53833,103676,6187,23,3
4088326,22813,30483,5490,13,4
4088417,31391,166867,9384,24,1
4088608,26705,102802,7823,22,3
4088774,19196,20081,2584,19,3
4089094,57224,141245,8788,16,0
4089282,56579,144253,9282,14,0
4089316,64141,69514,2021,18,2
4089347,54514,178165,8166,19,3
4089376,57913,48430,8431,22,3
4089509,64529,3166,3167,22,3
4089735,46174,134200,6714,1,1
4089989,53399,17568,5072,19,3
4090019,67162,68227,3240,24,1
4090020,34517,75596,5597,1,1
4090240,29047,163871,1420,16,0
4090275,31721,62920,2921,0,0
4090407,1261,136013,8527,20,4
4090563,45155,43204,3205,20,4
4090689,33179,28182,8183,22,3
4090912,39841,127164,2189,24,1
4090912,39841,153154,5670,24,1
4090981,1865,24098,9103,14,0
4091012,74698,18505,6009,17,1
4091110,47873,165558,5559,22,3
4091205,61597,37051,2058,1,1
4091362,44383,194510,7030,16,0
4091364,33116,146413,6414,19,3
4091682,52085,191098,6137,24,1
4092131,29338,32462,2463,1,1
4092135,31066,175614,8132,17,1
4092164,41422,86450,8959,24,1
4092198,50020,36629,9133,17,1
4092256,34519,141153,6182,17,1
4092260,36547,56781,6782,24,1
4092352,47749,177311,4863,1,1
4092419,63053,99166,9167,17,1
4092452,62392,58452,5968,15,0
4092580,70727,162229,9778,1,1
4092647,28748,83389,3390,19,3
4092934,30652,72694,5202,1,1
4093157,55489,74500,4501,20,4
4093250,1663,80409,2918,16,0
4093445,54757,95757,5758,18,2
4093511,30781,105459,2990,20,4
4093572,61684,23817,3818,21,2
4093572,61684,94634,7144,21,2
4093671,64420,119181,9182,21,2
4093891,71708,186246,3801,16,0
4093925,65023,123432,8457,16,0
4094084,67954,68714,8715,19,3
4094247,29245,47526,2535,24,1
4094819,69070,38825,8826,15,0
4094854,24646,111278,3790,1,1
4095268,58229,161662,1663,13,4
4095586,69778,35207,2717,20,4
4095747,73835,41369,8882,20,4
4095840,32155,126412,3949,20,4
4095906,67408,93332,3333,24,1
4096033,38312,183441,5960,1,1
4096036,60973,86186,3711,14,0
4096130,48613,144099,6614,15,0
4096164,64153,174298,6816,0,0
4096480,46558,147347,7348,24,1
4096704,73234,52925,5431,24,1
4096737,65608,130756,8296,0,0
4096800,40922,197852,5410,23,3
4096964,65782,128845,3870,23,3
4097030,42293,176728,6729,15,0
4097443,41642,142131,2132,12,2
4097475,63701,71639,9161,14,0
4097635,36016,8557,6058,22,3
4097638,58054,22194,4697,21,2
4097831,58507,49355,1860,18,2
4097988,51241,96999,7000,19,3
4098018,23689,41716,9229,1,1
4098272,69112,93157,5667,17,1
4098278,38677,24904,2411,16,0
4098336,30352,26787,9290,16,0
4098529,59899,77567,2582,24,1
4098560,41323,88758,8759,22,3
4098978,63347,126988,4525,18,2
4099009,45934,18964,3967,19,3
4099137,52708,142710,5225,24,1
4099234,28594,121547,9084,0,0
4099269,56122,103706,8727,22,3
4099394,26621,119947,9948,1,1
4099526,47819,155232,2778,14,0
4099559,65788,125160,2697,18,2
4099843,62251,54944,9955,16,0
4099875,48142,103257,8278,13,4
4100002,23551,68496,6015,18,2
4100002,23551,153369,8400,18,2
4100322,20905,90743,8271,13,4
4100323,21137,120736,8273,17,1
4100391,72368,111639,9173,16,0
4100454,61133,80352,5369,0,0
4100482,19219,20929,3432,18,2
4100512,57056,28616,6123,14,0
4100512,57056,176110,6111,14,0
4100514,59609,22898,5401,21,2
4100641,67501,67850,7851,23,3
4101062,69205,29156,9157,22,3
4101152,28889,172235,9787,20,4
4101220,42232,183939,3940,24,1
4101280,55898,106296,1317,23,3
4101312,36962,69415,1922,16,0
4101411,58426,13806,1310,24,1
4101571,69575,149443,6986,13,4
4101607,27218,100377,2888,21,2
4101667,24974,99354,6882,22,3
4101699,74113,42719,5224,17,1
4101796,46097,77906,5428,24,1
4102020,38470,12165,9669,24,1
4102087,18758,84152,6661,12,2
4102087,18758,131452,6479,12,2
4102240,37468,199050,9051,18,2
4102660,47566,47439,7440,19,3
4102691,49507,46706,4219,19,3
4102720,52183,115443,2977,1,1
4102754,52168,143306,3307,13,4
4102823,63746,8793,3794,23,3
4102944,74483,22125,4628,15,0
4103110,56491,61393,1394,23,3
4103111,68791,32731,5235,20,4
4103139,23809,167331,2364,14,0
4103397,43930,45993,3506,0,0
4103398,24863,26211,3718,0,0
4103431,63079,31103,6110,12,2
4103911,54419,111431,1432,21,2
4104096,1534,107809,5340,17,1
4104227,48556,4972,4973,13,4
4104293,26437,194468,9507,1,1
4104417,40751,8250,5751,22,3
4104645,53198,27660,2665,17,1
4104676,63434,46146,3659,14,0
4104800,50861,31488,1489,15,0
4104834,26417,116990,2013,18,2
4105508,39250,44465,6970,1,1
4105635,22081,117619,5153,23,3
4105696,22312,48249,3258,19,3
4105729,20815,69783,7302,18,2
4105766,1438,128750,8751,17,1
4105920,43154,178391,8392,16,0
4105921,35953,131511,4025,16,0
4106017,43697,168010,5559,22,3
4106021,58441,172772,2773,14,0
4106182,72506,87742,7743,15,0
4106406,18856,146195,3738,16,0
4106433,29776,31593,6600,1,1
4106534,51608,42134,7143,24,1
4106565,53963,149858,7401,18,2
4106659,45796,109494,9495,23,3
4106688,65086,58392,5908,19,3
4107042,25154,71723,9245,15,0
4107108,65314,190476,8034,22,3
4107111,41935,133590,6104,15,0
4107267,37556,174010,9045,18,2
4107267,37556,184137,6656,18,2
4107330,1534,86591,4116,17,1
4107366,32002,33608,8615,16,0
4107396,20806,194092,9131,21,2
4107461,47030,99228,9229,1,1
4107717,28558,26658,1663,13,4
4107814,56213,45615,8120,24,1
4107815,61645,31454,6461,0,0
4108065,25726,121873,1874,16,0
4108160,65822,167870,7871,19,3
4108164,56041,111388,3900,24,1
4108420,25612,73693,6201,14,0
4108743,57547,124026,9051,18,2
4109093,68872,133895,3896,19,3
4109153,62827,9119,4120,0,0
4109157,58484,145097,7612,17,1
4109191,67418,21675,6680,15,0
4109284,18829,80573,3082,23,3
4109346,37157,196859,4417,0,0
4109697,41110,81649,6666,22,3
4109859,66160,42295,9808,18,2
4110245,19729,6518,9019,14,0
4110245,19729,141665,4180,14,0
4110276,27832,169551,2068,18,2
4110369,74966,19689,2191,14,0
4110375,39904,68958,8959,24,1
4110626,51283,36541,9045,18,2
4110786,41272,35238,5239,19,3
4110978,22760,49915,2420,13,4
4111266,47929,162997,8030,20,4
4111297,42775,63150,5657,23,3
4111428,24490,15817,5818,16,0
4111521,61135,162384,2385,17,1
4111585,60598,42975,7984,14,0
4111681,31696,12733,5235,20,4
4111751,57167,135801,5802,16,0
4111971,43405,25402,2909,17,1
4111972,54530,90381,2891,20,4
4112005,43438,107458,4989,22,3
4112035,74881,16475,3979,19,3
4112102,40313,163298,8331,20,4
4112356,66478,33662,8669,20,4
4112423,30916,169649,2166,24,1
4112482,30685,99483,9484,19,3
4112482,30685,142557,5072,19,3
4112611,72730,145028,7543,23,3
4112837,24817,45008,5009,19,3
4112837,24817,97388,7389,19,3
4112864,62174,11610,1611,0,0
4112864,62174,76895,4417,0,0
4112866,39529,19985,2487,19,3
4113089,28192,140027,7570,19,3
4113127,56792,196103,8623,19,3
4113442,54923,28256,3261,24,1
4113447,29924,166222,3771,0,0
4113792,55811,167911,7912,16,0
4114054,40915,1961,1962,22,3
4114369,57611,46191,3704,24,1
4114531,65884,86875,6876,15,0
4114886,40337,5307,2808,1,1
4114916,44537,55250,5251,13,4
4114949,53434,118824,6358,15,0
4114979,56731,127996,5533,16,0
4115107,29759,52339,7350,14,0
4115205,46541,127252,4789,15,0
4115207,72460,16448,8950,23,3
4115556,60329,33901,8908,20,4
4115875,70670,149071,1586,18,2
4116199,22874,162148,9697,23,3
4116356,60796,5929,3430,15,0
4116515,66860,77705,7706,23,3
4116550,47074,74915,4916,15,0
4116835,46697,146830,1859,0,0
4116864,44684,138698,3725,12,2
4116992,41953,189045,6600,1,1
4117350,70990,76765,6766,12,2
4117473,73955,23566,8571,19,3
4117637,28462,182381,7418,0,0
4117826,72682,68243,3256,22,3
4117863,42205,80910,5927,22,3
4117988,49654,80811,8336,23,3
4118116,68959,28077,5584,1,1
4118176,30968,58446,3457,13,4
4118176,30968,187892,2929,13,4
4118213,19423,73747,6255,18,2
4118336,29731,72072,4580,0,0
4118629,32983,67441,7442,21,2
4118819,65575,94270,1798,15,0
4118883,64472,74509,2031,13,4
4119266,44182,15054,7556,23,3
4119586,69598,199066,4105,13,4
4119745,64576,174540,4541,24,1
4119808,35674,169819,4852,23,3
4119814,44914,156364,8880,16,0
4120039,59888,171979,7014,19,3
4120039,59888,188451,6006,19,3
4120064,32840,138479,6019,22,3
4120101,51613,485,7986,13,4
4120101,51613,145078,7593,13,4
4120260,56491,159352,4383,23,3
4120294,74549,94773,2301,20,4
4120485,66494,183862,8899,16,0
4120486,59422,111320,3832,14,0
4120834,43324,72490,2491,1,1
4120997,25840,92680,7699,1,1
4121056,49678,39272,6782,24,1
4121088,24112,22031,2032,22,3
4121088,24112,72433,4941,22,3
4121090,37151,142258,2259,14,0
4121186,61162,102042,9573,14,0
4121316,42427,77785,7786,14,0
4121346,45289,32790,7797,13,4
4121538,50017,58707,8708,17,1
4121574,45067,126606,1631,12,2
4122278,39724,13294,3295,15,0
4122372,57896,58093,5609,23,3
4122627,34937,199170,9171,12,2
4122723,44443,171748,6783,1,1
4122724,69889,11030,8534,21,2
4122754,37312,80536,8061,17,1
4123047,65431,83683,3684,23,3
4123106,21004,105126,5127,23,3
4123362,45337,47037,9542,22,3
4123589,63442,96587,1606,24,1
4123651,70331,190052,2572,22,3
4123906,37009,146519,6520,21,2
4123968,29612,38198,3205,20,4
4123968,29612,47125,9630,20,4
4123968,29612,122643,7668,20,4
4124006,32878,119779,9780,13,4
4124320,48244,111797,1798,15,0
4124325,29743,36624,4134,24,1
4124356,63910,161809,4326,22,3
4124422,48505,71729,9251,17,1
4124486,47144,19819,7323,17,1
4124867,37498,66704,4223,19,3
4124867,37498,75224,7732,19,3
4124870,59410,128872,8873,16,0
4124965,58270,171489,4007,21,2
4125190,41314,24916,4917,17,1
4125319,29924,186456,1493,0,0
4125507,47089,134439,4440,0,0
4125538,20750,52368,9884,21,2
4125538,20750,97358,7359,21,2
4125603,74108,10497,5500,12,2
4125634,65975,50631,3137,0,0
4125701,19774,151256,6287,23,3
4125824,61135,4543,9544,17,1
4125824,61135,143778,3779,17,1
4125857,32123,92307,9835,20,4
4125857,32123,135720,8234,20,4
4126212,62747,12030,4532,19,3
4126467,28937,149923,9924,23,3
4126467,28937,150901,8447,23,3
4126691,69232,42314,2315,18,2
4126753,45296,119230,4253,22,3
4126880,51631,94550,7060,16,0
4127264,53137,99905,4924,15,0
4127328,23572,147279,4822,17,1
4127842,59341,21382,3885,22,3
4128001,21947,89907,9908,12,2
4128262,72317,81302,1303,12,2
4128421,68287,167555,2588,19,3
4128581,42188,119804,4827,14,0
4128704,24424,159003,1519,16,0
4128743,19825,89696,9697,23,3
4128774,47488,82698,5207,22,3
4128865,73285,99572,2082,16,0
4128992,72197,148879,6422,23,3
4129250,66946,21859,9366,19,3
4129252,29413,167207,9724,0,0
4129344,46084,15267,7769,19,3
4129539,40301,36174,3684,23,3
4129637,64480,92454,2455,16,0
4129861,29182,158818,6364,14,0
4129984,41533,104385,4386,14,0
4129984,41533,176796,1831,14,0
4129984,41533,191174,6213,14,0
4130050,60542,106798,1819,15,0
4130336,36493,157139,9655,18,2
4130368,44813,108291,5822,22,3
4130470,32791,47947,2956,13,4
4130593,56378,136884,9398,21,2
4131045,23968,30370,7880,20,4
4131108,43529,170942,3460,18,2
4131238,23848,142645,2646,19,3
4131266,66292,132132,9672,18,2
4131268,45655,44573,7078,12,2
4131335,57112,41772,4277,1,1
4131399,41146,123911,1448,21,2
4131428,41500,28296,8297,14,0
4131457,48724,178621,6173,21,2
4131488,34861,198528,8529,20,4
4131781,49783,43134,5639,14,0
4131970,47183,146787,6788,1,1
4131970,47183,172580,5098,1,1
4131972,49738,51784,4290,21,2
4132071,74113,174691,9726,17,1
4132162,67615,26379,8882,20,4
4132321,36199,96998,4526,17,1
4132419,62087,83617,6126,19,3
4132518,21593,44488,6993,0,0
4132737,38986,141328,3843,0,0
4133120,25847,111847,1848,16,0
4133120,25847,144826,7341,16,0
4133286,73084,85709,8218,0,0
4133634,53632,87328,2345,22,3
4133669,29132,22188,2189,24,1
4133671,35906,146469,1498,20,4
4133731,25471,6271,6272,19,3
4133828,56270,107286,4817,24,1
4134119,36820,148777,6320,22,3
4134148,57161,135955,3495,1,1
4134179,29873,44036,6541,15,0
4134373,18841,69978,9979,0,0
4134405,23545,196607,6608,1,1
4134501,60575,29443,6950,13,4
4135298,56270,4847,7348,24,1
4135427,36682,61010,6023,13,4
4135457,65674,141356,6385,17,1
4135682,24400,176936,1971,14,0
4135714,61078,26505,9008,15,0
4135716,52807,29812,2315,18,2
4135716,52807,77099,2114,18,2
4135747,74650,114805,9828,17,1
4135872,37408,162304,2305,23,3
4136037,36694,129243,4268,15,0
4136070,59792,169312,9313,24,1
4136263,70415,101403,1404,0,0
4136387,31066,192413,9971,17,1
4136518,32413,114988,2522,16,0
4136577,61240,62876,7889,20,4
4136647,35854,88640,3657,17,1
4136839,47503,82451,9976,0,0
4136935,67573,158949,3980,23,3
4137221,58612,198995,1515,18,2
4137344,29006,113843,6355,19,3
4137351,39965,28629,6136,19,3
4137473,28684,57192,9698,18,2
4137574,39394,57855,5371,22,3
4137603,64216,36561,1568,12,2
4137762,69328,170953,5988,13,4
4137764,21128,56823,6824,20,4
4137856,29699,55293,7799,22,3
4137923,20065,6035,8536,1,1
4137927,51766,22898,5401,21,2
4138051,59201,72558,2559,12,2
4138053,34454,71517,9039,1,1
4138086,69772,112104,2105,16,0
4138117,73945,149993,5022,0,0
4138147,63635,110051,7585,24,1
4138503,61366,71297,8819,0,0
4138596,57808,109185,4206,13,4
4138977,38960,104699,7210,13,4
4139169,47671,143442,5957,12,2
4139234,46409,47294,7295,19,3
4139331,27419,120135,5160,15,0
4139398,19945,100272,5293,23,3
4139488,43078,20592,5597,1,1
4139488,43078,85117,5118,1,1
4139526,67456,9398,1899,14,0
4139682,69403,19485,6989,16,0
4139845,34000,198023,5581,24,1
4140034,63373,21464,3967,19,3
4140384,55321,40930,5939,18,2
4140385,70849,119162,1674,18,2
4140516,49795,109931,4952,14,0
4140547,43595,99480,9481,16,0
4140739,40087,132901,5415,12,2
4140741,55358,3625,6126,19,3
4140837,33112,144315,6830,22,3
4140997,60448,111230,8764,18,2
4141060,27338,10326,5329,14,0
4141153,31748,18654,3657,17,1
4141671,21715,17732,7733,1,1
4141729,55448,39807,4814,19,3
4142115,60154,45593,5594,23,3
4142183,25850,159874,2390,18,2
4142405,60172,161174,6207,24,1
4142497,65851,7107,2108,15,0
4142817,58426,194593,4594,24,1
4143200,54827,129219,4244,19,3
4143200,54827,187145,4700,19,3
4143236,36523,42765,7774,16,0
4143552,59896,173362,8397,1,1
4143586,49627,116613,9125,21,2
4143619,48635,12665,2666,18,2
4143620,42154,92141,2142,21,2
4143782,70613,92389,9917,1,1
4143782,70613,128767,1280,1,1
4143911,56872,162402,2403,22,3
4144004,45119,132389,4903,19,3
4144327,24226,48776,8777,12,2
4144385,25975,137095,9609,21,2
4144581,47617,140272,7815,12,2
4144833,26735,38896,8897,1,1
4144931,40672,57272,2283,16,0
4144931,40672,113450,3451,16,0
4144964,37852,176833,9351,19,3
4145030,22630,9085,1586,18,2
4145569,27415,155574,5575,21,2
4145733,38110,99680,7208,15,0
4145956,26323,38881,3888,12,2
4146049,56293,26980,4487,18,2
4146116,50773,79566,4581,1,1
4146119,55666,125490,5491,15,0
4146149,41276,182914,5433,16,0
4146177,57209,56819,9325,1,1
4146337,57494,78542,8543,21,2
4146369,38606,136670,6671,1,1
4146660,42538,99758,4777,1,1
4146818,36959,30983,5990,23,3
4146883,58253,40130,5139,0,0
4146916,62867,139807,2321,19,3
4147009,70001,12566,7569,16,0
4147009,70001,70496,5511,16,0
4147172,67804,188974,8975,24,1
4147330,58598,149497,7040,16,0
4147458,73877,50210,2716,12,2
4147718,59161,102730,2731,19,3
4147750,31060,88693,8694,17,1
4147971,30649,86978,1995,18,2
4148611,49354,41152,3657,17,1
4148864,43282,84818,4819,16,0
4149120,68870,40484,5493,19,3
4149156,71254,147762,5305,13,4
4149159,24389,189509,9510,15,0
4149415,60794,29934,7441,20,4
4149415,60794,149443,4472,20,4
4149543,31064,53482,3483,1,1
4149601,42196,117214,2237,14,0
4149890,52486,160684,8233,12,2
4149958,34153,180268,7823,22,3
4149989,59603,155841,5842,20,4
4149990,45922,65057,2576,13,4
4149991,37966,55210,7716,13,4
4150022,59179,17006,9508,17,1
4150113,37801,27527,5034,23,3
4150405,72427,81765,9290,16,0
4150566,23479,9829,7330,17,1
4150784,68692,190432,5471,19,3
4151014,54251,11994,6997,16,0
4151238,49907,23783,3784,19,3
4151780,33043,88848,3865,16,0
4151876,56104,154476,6992,18,2
4151904,48859,161871,6904,17,1
4151968,37129,107979,5510,24,1
4152035,38593,58998,8999,18,2
4152160,40429,6464,1465,14,0
4152192,57559,184106,9143,0,0
4152326,28178,82525,5034,23,3
4152354,38041,23457,5960,1,1
4152646,59884,102414,2415,14,0
4153058,40516,24693,2200,19,3
4153221,70435,2316,2317,13,4
4153509,23954,1404,8905,16,0
4153632,28225,136731,1758,12,2
4153760,69149,2300,2301,20,4
4153952,30650,109167,6698,14,0
4153953,29824,164693,9726,17,1
4154599,25534,119847,7381,20,4
4154626,25492,26003,6004,16,0
4154881,19705,124457,9482,14,0
4154976,53965,165763,3312,13,4
4155110,66226,63172,5679,14,0
4155426,50044,197695,2734,1,1
4155431,70447,140927,3442,0,0
4155526,35012,80058,5075,15,0
4155558,38278,145399,2942,13,4
4156099,64115,27716,7717,14,0
4156164,53329,170342,2860,15,0
4156358,1594,16672,6673,13,4
4156704,69886,183949,6468,22,3
4156864,68521,129760,2273,19,3
4157219,43198,97899,5427,18,2
4157952,32056,166747,4296,15,0
4158023,69847,69384,1891,24,1
4158211,36736,191767,9325,1,1
4158245,45400,175217,5218,18,2
4158758,71011,57809,7810,20,4
4158882,21052,194510,7030,16,0
4159463,49382,110609,8143,12,2
4159520,53944,42400,9913,0,0
4159652,51085,41324,8837,22,3
4159683,68173,101342,3853,0,0
4159713,70585,99911,9912,14,0
4159718,46852,131390,3904,17,1
4160032,48683,53086,8097,22,3
4160035,53108,71338,1339,24,1
4160066,1750,198826,3865,16,0
4160391,51328,163306,8339,21,2
4160423,47534,164077,4078,0,0
4160709,23272,72725,5233,12,2
4160803,36019,161696,4213,1,1
4161030,41758,55567,5568,20,4
4161285,35965,112210,2211,16,0
4162016,68041,196363,6364,14,0
4162149,41261,110166,5189,1,1
4162272,63256,162517,5034,23,3
4162721,23842,27782,5289,21,2
4162723,22189,148109,3138,14,0
4163074,69176,178763,6315,22,3
4163139,38680,133088,5602,12,2
4163524,36074,67906,2919,17,1
4164163,55043,4259,1760,22,3
4164229,36130,51262,6273,18,2
4164389,28015,64041,1560,19,3
4164582,60104,32199,7206,22,3
4164737,35567,62824,2825,24,1
4165152,34114,71279,3787,1,1
4165218,38750,84065,4066,21,2
4165505,45425,104084,1615,20,4
4165505,45425,171352,1353,20,4
4165511,29830,11011,3513,22,3
4165696,39491,167265,2298,0,0
4165700,37051,187044,4599,21,2
4166023,62509,45763,8268,19,3
4166631,51745,173626,8661,22,3
4167202,64336,32241,4745,1,1
4167204,41836,89365,9366,19,3
4167237,43432,199916,9917,1,1
4167303,25579,196737,4295,21,2
4167558,56686,22605,2606,19,3
4167715,67096,149029,9030,22,3
4167842,34556,31774,1775,12,2
4167937,23539,127640,2665,17,1
4168003,39649,50771,3277,21,2
4168134,61360,110410,7944,17,1
4168224,61154,28296,8297,14,0
4168483,53275,94929,9948,1,1
4168485,27436,99701,2211,16,0
4168711,64685,108723,8724,16,0
4168802,62894,105019,5020,22,3
4168930,54347,159341,1857,12,2
4168963,26956,11084,6087,20,4
4168999,51295,74232,4233,24,1
4169282,62998,81421,6438,18,2
4169317,58951,44887,9896,20,4
4169350,19648,21716,1717,0,0
4169478,45655,168227,8228,12,2
4169568,56846,56377,8883,16,0
4169607,72047,137633,5173,0,0
4169633,74086,112270,9804,20,4
4169922,19160,15433,5434,19,3
4169927,71731,64082,1601,20,4
4170021,64543,36387,3897,0,0
4170273,58328,43296,5801,13,4
4170311,45775,50819,5830,0,0
4170597,29074,87283,4808,14,0
4170660,69313,39949,9950,13,4
4170661,22055,152631,2632,23,3
4170690,69829,198233,5791,19,3
4170721,64738,4925,4926,17,1
4170723,38567,130440,5467,0,0
4171363,40265,109851,2362,14,0
4171425,62765,137133,2160,20,4
4171521,71059,53013,5519,12,2
4171714,68156,196600,1639,15,0
4172192,67643,127874,7875,21,2
4172291,23344,152645,2646,19,3
4172327,62302,137631,5171,19,3
4172385,63955,188029,8030,20,4
4172390,60587,195212,7732,19,3
4172420,68750,127072,7073,12,2
4172613,40909,75210,7718,16,0
4172643,53656,96576,9086,24,1
4173126,23203,81331,1332,16,0
4173220,57544,743,5744,12,2
4173220,57544,46294,1303,12,2
4173280,34493,165777,5778,21,2
4173317,34492,196966,9486,17,1
4173632,21982,144128,9157,22,3
4173764,25430,58022,8023,1,1
4174021,65224,35012,7516,24,1
4174246,49790,44265,6770,17,1
4174340,35359,409,2910,21,2
4174372,50293,142425,2426,19,3
4174406,69112,192443,1,17,1
4174496,45353,144479,4480,21,2
4174819,59363,57669,7670,19,3
4174977,23314,116003,8515,19,3
4175072,54791,139342,6882,22,3
4175269,1585,121503,4016,22,3
4175302,48170,119833,2345,22,3
4175328,36391,60437,2944,24,1
4175329,69712,189333,4370,19,3
4175362,48754,57598,7599,13,4
4175907,59842,52098,7109,23,3
4176035,67594,163957,1506,19,3
4176130,34936,115193,7705,17,1
4176134,53560,142610,7639,15,0
4176160,34837,127381,9894,15,0
4176257,55528,58592,8593,12,2
4176418,41554,103778,8799,24,1
4176448,38209,127449,9962,18,2
4176487,60605,146819,1848,16,0
4176640,54779,155099,2645,12,2
4176737,63569,58588,6104,15,0
4177190,60788,134114,6628,13,4
4177412,66209,165187,2736,18,2
4177670,62708,61420,1421,24,1
4177696,37952,128041,5578,20,4
4177829,58925,54523,9534,16,0
4177830,36442,123468,8493,15,0
4177925,34511,30902,3406,15,0
4177985,54062,99241,1751,23,3
4178247,28405,199894,4933,16,0
4178279,47539,172089,4607,23,3
4178369,25544,159895,7441,20,4
4178468,47986,92324,2325,18,2
4178503,48881,47017,9522,18,2
4178753,33707,156710,9226,21,2
4178786,68770,27963,5470,19,3
4178786,68770,122047,4560,19,3
4178880,39796,40241,5250,23,3
4178951,19684,138092,8093,19,3
4178980,34387,148037,8038,24,1
4179008,48287,56433,3949,20,4
4179233,46876,69261,4274,20,4
4179362,29975,160804,5837,23,3
4179490,30302,106578,6579,21,2
4179526,67889,35043,5044,14,0
4179681,47350,6434,1435,20,4
4179714,37568,173015,5533,16,0
4179716,45010,1309,8810,23,3
4179776,36283,128660,8661,22,3
4179873,47089,51542,9058,0,0
4180038,69724,6272,6273,18,2
4180263,69002,91883,9411,18,2
4180293,40936,173127,8162,21,2
4180358,37181,87910,5435,20,4
4180385,42370,131377,1378,18,2
4180454,46270,81190,3699,0,0
4180544,23374,91296,3806,20,4
4180582,72389,70791,8313,19,3
4180673,26806,16847,4351,0,0
4180678,49912,129399,4424,12,2
4180775,43439,39509,9510,15,0
4180835,63688,68686,6205,0,0
4180899,65509,19427,1929,22,3
4181061,33499,50495,3001,24,1
4181280,19241,122125,7150,0,0
4181280,19241,165391,5392,0,0
4181344,22298,146978,4521,24,1
4181345,47249,58428,5944,1,1
4181440,29921,11266,3768,19,3
4181441,67418,189725,2244,15,0
4181575,61199,75426,5427,18,2
4181602,29650,79340,1848,16,0
4181927,53606,180719,8274,18,2
4181958,51535,56481,6482,12,2
4182628,50017,185218,7737,17,1
4182723,33374,68180,5699,13,4
4182882,48829,57593,2604,15,0
4182882,48829,86453,3978,15,0
4183330,19327,89572,2081,12,2
4183335,37642,107892,5423,12,2
4183427,25306,128906,1419,22,3
4183462,71386,137486,5026,17,1
4183719,62327,141895,6924,23,3
4183810,39056,81015,6032,21,2
4183908,23191,61629,4136,22,3
4183908,23191,70547,5562,22,3
4183969,28768,198179,8180,20,4
4183972,68728,195024,7544,16,0
4184163,40306,11932,9436,20,4
4184352,34051,180262,7817,14,0
4184453,63937,88045,8046,0,0
4184483,51769,103819,1350,13,4
4184517,71788,82741,2742,18,2
4184517,71788,100282,2793,18,2
4184645,67819,156811,4357,0,0
4184672,66241,107966,5497,16,0
4184704,56474,142946,2947,0,0
4184711,27055,112120,7143,24,1
4184963,29021,105294,5295,17,1
4184967,1756,17039,9541,19,3
4185157,21694,161331,1332,16,0
4185219,57331,174235,1787,24,1
4185283,55319,94512,7022,17,1
4185478,61648,59947,9948,1,1
4185639,65230,118998,8999,18,2
4185954,21179,5328,5329,14,0
4185988,59434,23469,3470,14,0
4186113,43094,6561,9062,14,0
4186113,43094,70316,2824,14,0
4186148,20416,155930,3476,13,4
4186211,31367,51246,6257,15,0
4186211,31367,53255,5761,15,0
4186340,71899,127473,5010,22,3
4186433,36961,101857,1858,15,0
4186566,72397,18099,5603,0,0
4186626,51380,129204,6741,16,0
4186661,60944,121796,4309,1,1
4186823,25321,184241,6760,18,2
4186850,68645,4644,4645,18,2
4186881,72707,49114,6627,23,3
4186916,34223,166534,9051,18,2
4186944,35824,159576,4607,23,3
4186946,66149,53545,8556,22,3
4187015,74374,120505,8042,1,1
4187397,28775,175679,5680,23,3
4187814,70706,137172,2199,1,1
4187840,65851,81341,6358,15,0
4187845,41704,158620,6166,13,4
4187872,42130,175112,2664,18,2
4187875,48076,6803,6804,19,3
4187911,32114,42376,7385,19,3
4188288,31865,94753,7263,21,2
4188384,40009,54468,9479,19,3
4188384,40009,97439,7440,19,3
4188421,71962,193737,6257,15,0
4188423,69704,167272,2305,23,3
4188615,22348,34175,4176,17,1
4188737,29125,190383,2903,18,2
4188839,60071,147700,7701,1,1
4189287,25645,155444,7960,17,1
4189316,74932,76244,3766,24,1
4189638,50491,55766,8272,24,1
4189762,73453,43361,5866,24,1
4189891,36160,175724,3276,19,3
4190055,67969,155787,3333,24,1
4190083,35773,189072,4109,20,4
4190275,41836,137569,7570,19,3
4190498,35011,64783,7290,20,4
4191171,71608,5666,3167,22,3
4191205,28831,142993,2994,18,2
4191238,49012,55746,3262,20,4
4191329,28888,53729,6235,19,3
4191587,59807,151027,8573,1,1
4191809,32783,128214,3239,23,3
4191841,36656,198277,8278,13,4
4192293,41834,173104,8139,19,3
4192391,45091,19601,2103,24,1
4192391,45091,28493,8494,24,1
4192609,39931,13502,6004,16,0
4192612,67958,71674,1675,23,3
4192646,30589,46577,9082,14,0
4192771,26620,46222,8727,22,3
4193027,45395,173310,8345,12,2
4193254,46207,182281,7318,14,0
4193442,48868,64682,7189,19,3
4193479,51793,196934,4492,22,3
4193604,32167,126296,1321,22,3
4193701,27218,66853,4372,21,2
4193730,56222,3657,8658,12,2
4193730,56222,175093,2645,12,2
4193926,30415,69592,7111,12,2
4194023,51568,19637,4640,1,1
4194085,45379,164790,4791,21,2
4194336,73412,2451,2452,20,4
4194402,55919,139700,4727,16,0
4194433,57722,24220,9225,22,3
4194630,70426,143472,5987,1,1
4194820,68746,69002,1509,1,1
4195395,44272,12300,9804,20,4
4195648,74621,167114,4663,15,0
4195810,55375,196995,6996,20,4
4195940,32704,73797,1319,16,0
4195969,73451,128506,8507,17,1
4195969,73451,187339,4894,17,1
4195972,31301,98703,8704,21,2
4196130,71681,26104,3611,12,2
4196130,71681,150392,5423,12,2
4196231,55292,86794,1811,1,1
4196449,68605,185127,2682,12,2
4196581,46240,6318,1319,16,0
4196999,66089,78059,8060,16,0
4197153,49162,18373,3376,23,3
4197221,19726,53160,5666,12,2
4197281,46349,169272,6821,14,0
4197442,38362,88859,1368,21,2
4197445,73820,131291,1292,13,4
4197664,32828,12927,5429,21,2
4197665,33917,104362,6873,17,1
4197795,42481,75832,8340,12,2
4197924,54505,135124,5125,12,2
4198214,68923,161417,1418,0,0
4198246,62194,125700,8213,13,4
4198337,24661,67447,4966,18,2
4198402,46525,32528,2529,21,2
4198497,31130,72593,5101,16,0
4198721,35239,199659,7217,0,0
4198821,53686,109099,4120,0,0
4199010,69409,114886,2420,13,4
4199174,74791,95206,7716,13,4
4199427,24991,175773,5774,20,4
4199559,34219,169143,6692,14,0
4199588,38798,191529,9087,23,3
4199714,34264,146656,9171,12,2
4200033,22528,163810,3811,13,4
4200101,21770,32560,5064,21,2
4200132,33833,69111,4124,12,2
4200225,40516,39807,4814,19,3
4200260,51193,88256,3273,23,3
4200291,43531,184479,9516,19,3
4200451,37741,47358,7359,21,2
4200806,21109,124518,7031,1,1
4200930,38800,189678,2197,16,0
4201057,26575,197154,2193,19,3
4201284,70696,144118,1661,12,2
4201414,51406,116657,4191,21,2
4201443,52288,47906,5419,17,1
4201505,35941,193451,8490,20,4
4201606,24683,147298,9813,24,1
4201862,72083,118042,3065,1,1
4201892,30251,39569,7079,16,0
4202022,53812,113974,8997,21,2
4202176,68587,86591,9100,0,0
4202242,31612,52179,2180,15,0
4202368,73919,104176,4177,12,2
4202630,73664,3160,5661,21,2
4202662,35857,33478,3479,15,0
4202662,35857,197205,2244,15,0
4202884,55342,65564,8071,14,0
4203076,39832,65672,5673,16,0
4203107,29071,122782,7807,22,3
4203111,37207,93681,6191,14,0
4203362,61970,123314,8339,21,2
4203396,47948,113473,8496,16,0
4203591,73216,125387,5388,23,3
4203620,49784,16405,1408,16,0
4203811,40075,36446,3956,17,1
4203878,50776,5629,3130,23,3
4204064,41308,161440,3957,15,0
4204134,44536,121270,6295,19,3
4204134,44536,148566,8567,19,3
4204259,48230,29790,9791,19,3
4204259,48230,64001,1520,19,3
4204515,33967,183920,1475,17,1
4204741,26410,22284,4787,24,1
4204898,32099,140055,5084,18,2
4205219,32698,105068,7579,20,4
4205250,73004,48880,1385,13,4
4205506,68404,91245,3755,24,1
4205793,48158,93563,6073,15,0
4205959,46510,118436,8437,22,3
4205990,50984,97927,2946,0,0
4206116,34012,84396,6905,12,2
4206210,61298,61251,6264,13,4
4206210,61298,83261,8278,13,4
4206339,38428,144912,4913,21,2
4206369,53960,84508,2033,19,3
4206405,28558,106676,6677,13,4
4206661,37022,57738,7739,12,2
4206756,62128,44946,4947,22,3
4206821,61151,187689,5244,20,4
4206848,68696,20898,8405,14,0
4207074,22088,100941,3452,21,2
4207079,65696,80703,5720,20,4
4207360,63971,168973,6522,19,3
4207778,46765,68183,8184,23,3
4207970,71285,36370,6371,23,3
4207971,24127,179712,7264,16,0
4208257,66968,130206,5233,12,2
4208320,52762,151467,9013,19,3
4208323,29620,172133,2134,14,0
4208614,19235,56097,3613,23,3
4208673,50738,162595,7628,0,0
4208803,70184,106328,3859,1,1
4209217,37753,146189,6190,14,0
4209413,50623,173676,6194,14,0
4209444,48982,24946,4947,22,3
4209540,40219,32701,2702,22,3
4209665,40273,33271,5775,17,1
4209763,37430,140772,5801,13,4
4209798,43208,63149,8162,21,2
4210082,53744,38651,6161,14,0
4210209,65221,57579,7580,17,1
4210304,27002,154480,4481,17,1
4210563,55958,187852,5407,23,3
4210566,46340,81268,3777,20,4
4210978,20431,147987,3016,17,1
4211076,67558,64159,9172,16,0
4211138,45028,124448,1985,24,1
4211168,24197,194893,2451,16,0
4211456,63676,23744,1251,20,4
4211524,43279,52201,9717,13,4
4211620,65665,136094,6095,17,1
4211653,34198,97490,7491,20,4
4211653,34198,156322,1353,20,4
4211680,44131,32523,5027,0,0
4211745,20956,58950,6466,14,0
4211779,21241,62408,7421,19,3
4211938,62210,178825,1343,24,1
4212196,26492,149317,1832,12,2
4212482,38264,125744,3281,13,4
4212482,38264,169307,1824,13,4
4212486,71644,165057,5058,17,1
4212768,41554,47146,9651,24,1
4212802,26494,59340,9341,21,2
4212802,26494,155454,3000,21,2
4212965,50516,72750,5258,14,0
4212967,39805,61841,1842,16,0
4213059,24029,174000,4001,13,4
4213063,30475,97353,7354,14,0
4213153,71617,120140,7677,21,2
4213280,59740,153638,3639,19,3
4213285,53483,189388,9389,22,3
4213475,44539,39933,2437,15,0
4213507,62750,131083,8623,19,3
4213542,32078,9672,9673,14,0
4213638,33728,189725,7280,12,2
4213735,69854,4659,2160,20,4
4214145,70622,178490,3525,18,2
4214149,43468,50755,8271,13,4
4214149,43468,187716,2753,13,4
4214211,37078,144119,9148,1,1
4214370,63956,52247,9763,14,0
4214437,52123,31521,1522,24,1
4214692,61462,47605,5118,1,1
4214692,61462,140854,5883,1,1
4214727,23428,42814,7823,22,3
4214881,71747,27024,2029,14,0
4214946,29650,183821,8858,16,0
4215042,58213,110841,8375,23,3
4215138,61777,152033,4549,12,2
4215426,62671,98516,8517,14,0
4215431,22951,166238,3787,1,1
4215526,48250,29050,9051,18,2
4215526,48250,36940,6941,18,2
4215526,48250,70064,7586,18,2
4215654,51248,39543,2047,0,0
4215685,70756,158375,3406,15,0
4215815,61682,91856,9384,24,1
4215846,1337,12915,2916,22,3
4215846,1337,52349,7360,22,3
4216033,45961,30817,8327,15,0
4216039,32026,44087,9096,16,0
4216097,42085,124114,1651,21,2
4216293,40216,172865,7900,12,2
4216386,65114,138467,3494,12,2
4216802,33400,113869,6381,20,4
4216932,29930,134209,4210,1,1
4216997,40103,147477,7478,23,3
4217095,70426,37337,9841,1,1
4217095,70426,122494,7519,1,1
4217312,19904,155591,8107,16,0
4217346,1808,116532,6533,22,3
4217604,33290,112238,4750,16,0
4217668,52384,111889,6912,24,1
4217703,32755,148901,3930,24,1
4217730,20242,19074,9075,0,0
4217760,42094,156347,6348,21,2
4217831,53536,116899,9411,18,2
4217923,68759,71753,9275,24,1
4218087,21520,155576,5577,24,1
4218181,62446,118308,8309,21,2
4218275,21661,127697,2722,19,3
4218311,41704,188597,6152,13,4
4218688,42325,18868,1370,22,3
4218689,33799,114456,4457,1,1
4219075,70114,9310,1811,1,1
4219200,68191,28590,8591,0,0
4219200,68191,84657,4658,0,0
4219234,26623,168106,3139,24,1
4219298,32134,7028,2029,14,0
4219301,69766,32001,2002,22,3
4219425,28343,8812,1313,12,2
4219460,27796,74301,6809,22,3
4219618,35432,112353,4865,14,0
4219973,30389,26122,6123,14,0
4220067,46007,126345,1370,22,3
4220067,46007,164796,2345,22,3
4220100,66725,159358,1874,16,0
4220192,20707,73964,3965,23,3
4220357,48710,177504,5056,16,0
4220448,23375,134389,6903,24,1
4220611,72775,199266,4305,19,3
4220865,39943,56761,4277,1,1
4220966,56584,29441,1944,20,4
4221092,1687,47431,2440,23,3
4221152,57223,134034,6548,21,2
4221188,32555,154717,2263,18,2
4221443,27098,34663,9670,19,3
4221444,25388,106563,6564,15,0
4221701,53062,23637,8642,21,2
4221831,65629,98072,8073,21,2
4222016,33175,45678,5679,14,0
4222022,19858,160573,3090,21,2
4222082,74860,137898,5438,16,0
4222176,50968,168841,3874,17,1
4222308,21397,63366,8379,0,0
4222435,28421,136953,9467,18,2
4222501,49304,174177,4178,22,3
4222791,22579,96002,3530,18,2
4222983,67198,55085,5086,12,2
4223104,64529,167316,2349,22,3
4223105,34820,192474,4994,20,4
4223137,65434,119283,9284,18,2
4223172,34327,176756,4308,23,3
4223232,71591,136849,6850,15,0
4223268,63866,54177,9188,13,4
4223460,20428,179152,1670,14,0
4223623,62120,169811,4844,15,0
4223751,52258,168308,5857,24,1
4223969,64786,38989,6499,18,2
4224004,26018,128882,8883,16,0
4224066,67690,185674,8193,17,1
4224069,47557,102696,7717,14,0
4224194,40678,108959,3980,23,3
4224227,65587,145180,7695,24,1
4224261,33232,71347,3855,12,2
4224387,62509,188560,8561,19,3
4224417,40525,133158,5672,17,1
4224517,33146,165593,5594,23,3
4224644,32173,166069,3618,20,4
4224646,47128,174682,7200,14,0
4224711,63475,154821,4822,17,1
4224805,54395,147168,9683,16,0
4225123,40885,62980,2981,19,3
4225249,64685,85658,5659,16,0
4225351,20032,77347,9855,20,4
4225383,23594,121639,6664,13,4
4225477,34619,703,8204,21,2
4225860,46843,68024,5543,12,2
4225922,69131,195081,5082,24,1
4225989,48899,135745,3285,14,0
4226054,39862,62073,9592,18,2
4226179,41503,1667,9168,17,1
4226179,41503,156972,4518,17,1
4226501,72610,130367,2881,15,0
4227013,32821,16786,4290,21,2
4227078,37237,79697,9698,18,2
4227111,51319,127278,9791,19,3
4227430,46529,24417,6920,23,3
4227621,61874,102878,7899,15,0
4227655,47564,197527,7528,17,1
4227847,59656,155163,5164,23,3
4228166,57415,22546,2547,1,1
4228422,68498,40521,3026,19,3
4228613,46802,9046,4047,0,0
4228741,19610,12451,9955,16,0
4228741,19610,32562,7569,16,0
4228867,49357,150698,5729,18,2
4228867,49357,168998,1515,18,2
4228935,51263,116802,6803,17,1
4229126,40975,194657,4658,0,0
4229255,46555,161234,3751,19,3
4229408,38270,13138,5640,15,0
4229506,27367,34680,7184,1,1
4229795,59779,89749,9750,21,2
4229861,74956,192152,9710,12,2
4230022,73259,170474,2992,23,3
4230146,39601,181797,4316,17,1
4230307,31294,24625,9630,20,4
4230307,31294,117460,2483,20,4
4230534,39742,106785,9296,21,2
4230659,41767,131792,1793,24,1
4231079,65302,176891,4443,12,2
4231108,61496,175840,3392,18,2
4231138,42914,43416,3417,23,3
4231237,68441,54072,9083,12,2
4231269,42539,89872,7397,21,2
4231269,42539,114596,9619,21,2
4231394,34081,8831,3832,14,0
4231556,27055,5751,5752,24,1
4231683,64589,61341,8860,19,3
4231905,47954,62094,9613,24,1
4231969,56201,97299,7300,19,3
4231975,30478,128267,3292,0,0
4231975,30478,183852,3853,0,0
4232097,38318,196450,4008,22,3
4232163,58297,45533,5534,19,3
4232292,70457,19759,2261,21,2
4232483,58310,89728,2237,14,0
4232582,36070,61772,6785,21,2
4233028,46036,64813,2332,1,1
4233089,44062,121743,4256,13,4
4233089,44062,127907,5444,13,4
4233152,66121,86478,8987,17,1
4233283,70409,143452,5967,21,2
4233478,41576,21177,6182,17,1
4233604,67084,170052,5087,13,4
4233890,64648,192078,4598,23,3
4233895,48665,131712,4226,12,2
4234017,35200,99441,1951,20,4
4234017,35200,99715,2225,20,4
4234465,63908,114427,6939,20,4
4234500,71674,42078,9591,23,3
4234530,57577,92639,2640,12,2
4234532,66050,188239,3276,19,3
4234885,70840,127391,2416,13,4
4234976,18905,151596,1597,0,0
4235328,69556,24179,4180,14,0
4235430,26338,66149,3668,17,1
4235652,61010,73730,6238,15,0
4235687,35396,145673,5674,17,1
4236034,57169,113105,3106,15,0
4236034,57169,149007,9008,15,0
4236193,49742,140487,3002,23,3
4236229,34624,98555,8556,22,3
4236230,68425,14418,9421,15,0
4236288,73919,10383,2885,12,2
4236288,73919,106080,3611,12,2
4236647,41302,137265,4805,24,1
4236866,69601,149676,2191,14,0
4237379,20935,14702,7204,1,1
4237635,21301,123761,8786,22,3
4237666,32143,131204,3718,0,0
4237699,71983,24612,7115,22,3
4237700,52501,19494,6998,21,2
4237763,63139,50881,3387,17,1
4237926,64403,77125,9633,21,2
4238018,65203,182598,2599,14,0
4238210,26815,139716,2230,19,3
4238212,55172,41707,6716,13,4
4238341,73772,29320,9321,13,4
4238631,19702,150537,5568,20,4
4238657,64454,138419,5959,17,1
4239040,58028,123097,5610,22,3
4239107,57835,9071,9072,14,0
4239206,70942,105219,7730,19,3
4239459,62524,137888,2915,20,4
4239649,45550,156953,9469,1,1
4239684,65572,17254,7255,20,4
4239905,27697,159195,1711,13,4
4239969,54346,186423,8942,18,2
4240135,35125,44369,9378,0,0
4240327,25220,68995,6514,12,2
4240385,43750,136547,1574,13,4
4240609,68053,78773,1281,23,3
4240736,70288,108908,3929,14,0
4241187,37147,44839,2352,22,3
4241191,30520,72315,7330,17,1
4241351,72197,40336,2841,23,3
4241378,31696,21609,4112,20,4
4241409,30988,26439,3946,15,0
4241541,19772,157812,2843,1,1
4241733,58334,26373,8876,20,4
4241793,46780,151498,1499,12,2
4242112,46840,167841,7842,0,0
4242246,65644,75774,8282,1,1
4242595,55277,75501,5502,17,1
4242625,63044,191599,6638,0,0
4242628,40901,1960,4461,24,1
4242916,64609,6409,3910,17,1
4243072,36563,66743,9250,0,0
4243077,46708,55275,7781,15,0
4243108,37867,185171,7690,18,2
4243328,29641,84322,6831,15,0
4243396,54049,113935,6447,24,1
4243460,36538,37448,2455,16,0
4243651,21293,159137,1653,17,1
4244000,59330,47176,4689,12,2
4244103,41357,92670,2671,19,3
4244453,20800,198393,8394,20,4
4244737,42142,99946,2456,15,0
4244961,62981,95079,2607,13,4
4245061,22936,67068,9575,24,1
4245121,26909,9392,1893,14,0
4245156,32335,188632,6187,23,3
4245472,32611,100255,7786,14,0
4245538,46043,143691,8720,22,3
4245829,20351,140147,7690,18,2
4245895,35011,175244,2796,20,4
4246018,39691,115508,3042,21,2
4246081,43321,156433,3979,19,3
4246081,43321,166577,4126,19,3
4246213,36697,17107,9609,21,2
4246246,55984,6968,6969,18,2
4246275,19619,38383,8384,15,0
4246627,45335,191702,6741,16,0
4246657,39140,179218,4253,22,3
4246784,57172,116999,4533,19,3
4246784,57172,188680,6235,19,3
4246947,23731,102157,2158,24,1
4247010,19840,126521,6522,19,3
4247042,71950,180484,5521,1,1
4247106,66547,134063,1603,0,0
4247140,38887,82987,8004,13,4
4247174,64724,91875,9403,21,2
4247207,36239,136096,6097,12,2
4247303,33169,169349,9350,1,1
4247333,61018,6429,3930,24,1
4247428,40066,94850,2378,16,0
4247430,44428,134485,9512,14,0
4247585,64120,163877,8910,21,2
4248034,73813,157164,2195,18,2
4248195,65554,42835,2836,18,2
4248195,65554,124408,9433,18,2
4248289,33229,41986,6995,23,3
4248514,57829,83925,6434,16,0
4248928,29146,12271,4773,1,1
4248934,63362,108346,3367,17,1
4248934,63362,154664,4665,17,1
4249122,28307,45694,3207,24,1
4249409,71986,36547,6548,21,2
4249670,55585,6954,6955,12,2
4249697,51644,74544,4545,13,4
4249924,55261,62502,7515,15,0
4249984,61552,103816,8837,22,3
4250178,35000,120082,7619,20,4
4250245,50770,161059,3576,16,0
4250338,48796,73657,3658,15,0
4250438,21698,42427,7436,22,3
4250660,47146,49317,1822,0,0
4250852,42967,194330,6850,15,0
4250918,26746,73973,3974,23,3
4251041,70843,62079,9598,21,2
4251047,45091,129574,9575,24,1
4251075,34552,178201,3236,16,0
4251233,52312,75289,5290,14,0
4251750,20198,21356,1357,24,1
4251778,55055,69897,7416,17,1
4251846,52448,162143,7176,0,0
4252130,59083,53702,8713,20,4
4252130,59083,71959,1960,20,4
4252327,29753,29850,7357,23,3
4252486,36398,110342,5365,24,1
4252578,46072,194811,2369,22,3
4252933,20327,86622,9131,21,2
4252933,20327,133162,5676,21,2
4253030,55984,169658,2175,18,2
4253156,64850,115720,8232,17,1
4253283,49204,91463,8991,24,1
4253441,59416,89471,1980,17,1
4253734,40063,76740,9248,0,0
4253859,73006,96584,4112,20,4
4253895,27679,14739,4740,21,2
4254082,71315,22474,7479,23,3
4254277,49030,143893,8922,14,0
4254306,59084,123293,3294,20,4
4254338,64519,63979,8992,17,1
4254433,51590,138086,5626,13,4
4254471,38723,22262,2263,18,2
4254533,23186,94987,2515,1,1
4254566,28678,11552,9056,22,3
4254593,55757,92357,7376,17,1
4254945,66791,69633,9634,14,0
4254945,66791,129761,2274,14,0
4255104,55585,74522,2044,12,2
4255107,25742,191673,4193,18,2
4255107,25742,199732,4771,18,2
4255299,53206,89163,4180,14,0
4255302,60022,11813,6816,0,0
4255617,71048,153888,3889,14,0
4255745,63862,162321,2322,20,4
4255782,69172,103124,5635,16,0
4255783,62245,119457,4480,21,2
4255877,71713,63089,8102,0,0
4255908,62759,176191,3743,1,1
4255941,1255,78671,3686,14,0
4255941,1255,128856,1369,14,0
4256288,32336,105091,7602,20,4
4256544,55315,173735,1287,0,0
4256546,39178,134608,2148,24,1
4257350,35996,171599,6634,18,2
4257638,39562,104275,6786,21,2
4257671,51835,91368,1369,14,0
4257792,43001,172715,2716,12,2
4258179,38996,88385,8386,21,2
4258305,62962,50194,2700,15,0
4258432,66928,56179,3695,12,2
4258693,24566,184479,9516,19,3
4258785,36398,193922,8961,24,1
4258823,33523,171434,1435,20,4
4259077,44021,36491,8995,23,3
4259140,56971,37454,9958,21,2
4259170,59749,96570,4098,15,0
4259170,59749,114244,9267,15,0
4259555,48974,182286,7323,17,1
4259587,61135,83414,3415,17,1
4259781,25196,193814,1372,22,3
4259841,35110,53543,6049,1,1
4259843,44335,109682,9683,16,0
4260225,31711,75814,3336,21,2
4260455,37631,77441,7442,21,2
4260997,40337,156245,3791,1,1
4261217,61474,158614,8615,16,0
4261607,32741,116090,8602,15,0
4262146,32797,109520,2031,13,4
4262498,55913,23896,8901,24,1
4262498,55913,112074,2075,24,1
4262628,42047,110686,8220,13,4
4262789,68864,80662,5679,14,0
4262885,60944,85131,5132,1,1
4263143,27836,49560,4569,18,2
4263365,36529,95249,2777,13,4
4263429,49361,88662,8663,12,2
4263620,62570,125915,5916,0,0
4263843,58528,102563,2564,0,0
4263875,36463,81414,8939,21,2
4263938,43556,176988,6989,16,0
4264167,64283,128701,8702,20,4
4264353,1421,44317,1830,12,2
4264612,30917,127509,7510,1,1
4264676,60425,2135,7136,17,1
4265089,37447,2189,4690,15,0
4265089,37447,74943,2465,15,0
4265157,56843,43363,8372,0,0
4265699,31123,106446,6447,24,1
4265734,41624,117451,7452,13,4
4266087,63769,98988,1498,20,4
4266276,19177,30964,5971,23,3
4266304,73306,131499,6526,21,2
4266306,51638,127593,5130,0,0
4266529,53735,186331,1368,21,2
4266661,20623,158391,5937,16,0
4266916,72460,78654,3669,23,3
4267139,53011,161602,6635,17,1
4267235,62350,1240,8741,16,0
4267494,40891,179688,4723,23,3
4267591,47623,132412,2413,14,0
4267655,54389,46564,6565,24,1
4268000,59344,69014,4027,12,2
4268033,57775,80546,3055,18,2
4268391,29737,93840,8859,19,3
4268484,60403,129421,1934,23,3
4268518,71809,77868,2883,1,1
4268677,36160,90028,5047,19,3
4268803,62537,176666,4218,24,1
4268833,54769,93076,3077,12,2
4269060,21745,124932,4933,16,0
4269282,31486,129746,9747,19,3
4269282,31486,149482,7025,19,3
4269444,64420,67537,2550,21,2
4269604,57455,84605,2130,13,4
4269825,53194,119295,6829,19,3
4269889,63853,57471,9977,18,2
4269889,63853,138637,3664,18,2
4270080,50623,19735,2237,14,0
4270403,31979,82454,2455,16,0
4270403,31979,169400,1917,16,0
4270567,51508,86193,8702,20,4
4270820,38200,21182,6187,23,3
4270821,24794,6068,3569,17,1
4270880,29350,179937,4972,16,0
4270983,55558,32800,5304,20,4
4271074,27307,123806,1343,24,1
4271172,59434,69683,4696,14,0
4271270,55702,184255,4256,13,4
4271335,52850,159514,9515,12,2
4271750,34723,66558,4077,18,2
4271779,28846,63112,8125,0,0
4271846,36580,181112,3631,17,1
4271904,67628,197935,7936,13,4
4271911,41872,141770,9313,24,1
4272162,49561,19602,4605,1,1
4272162,49561,84526,7035,1,1
4272230,64652,84358,9375,16,0
4272325,42142,167366,2399,15,0
4272546,56296,117392,4926,17,1
4272672,36019,92099,7118,1,1
4272772,43643,183642,6161,14,0
4273153,56224,184255,4256,13,4
4273539,68266,18630,3633,24,1
4273669,56378,3542,8543,21,2
4273731,43456,72792,7807,22,3
4273927,49864,16864,9366,19,3
4274242,72824,18024,8025,21,2
4274307,27712,36283,6284,14,0
4274340,60440,186988,9507,1,1
4274372,43616,47253,7254,1,1
4274405,52669,77625,2640,12,2
4274501,42601,49117,6630,12,2
4274594,27865,137410,9924,23,3
4274788,1289,42221,7230,24,1
4275014,51542,158017,3048,20,4
4275492,24946,2001,9502,0,0
4275495,65986,165476,7993,0,0
4275559,25313,27691,7692,14,0
4275586,42319,56584,1595,20,4
4275972,21293,76749,1764,17,1
4276034,52819,20272,5277,20,4
4276034,52819,159803,9804,20,4
4276067,68818,180823,8378,17,1
4276483,27514,149969,2484,18,2
4276960,40804,68359,8360,23,3
4277317,64928,50141,2647,20,4
4277796,61450,49113,1618,17,1
4277920,42583,196358,6359,21,2
4278052,60259,70691,5706,17,1
4278209,38401,134864,9891,20,4
4278273,41200,19524,9525,14,0
4278275,22016,148434,8435,22,3
4278340,56908,133668,3669,23,3
4278594,22805,180861,8416,0,0
4278661,72530,135074,2614,18,2
4278978,59170,88704,3721,23,3
4278982,41200,70738,3246,14,0
4278983,23561,129353,6890,14,0
4279266,36421,190308,7866,19,3
4279300,23828,181684,1685,16,0
4279490,72275,7049,4550,1,1
4279490,72275,54028,1544,1,1
4279559,60025,64730,2249,22,3
4279618,27661,177156,7157,16,0
4279622,52834,163690,6207,24,1
4279652,40595,55071,5072,19,3
4279654,68440,167770,2803,1,1
4279715,22558,190965,6004,16,0
4279715,22558,194725,2283,16,0
4279749,63844,136563,4103,24,1
4279749,63844,157373,7374,24,1
4279904,1426,12303,9807,15,0
4279904,1426,172233,4751,15,0
4280134,27100,107129,7130,24,1
4280326,69406,25021,5022,0,0
4280449,28085,179222,9223,1,1
4280612,68008,149015,6558,17,1
4281318,64690,40577,5586,17,1
4281410,50590,75323,2845,23,3
4281699,58276,122798,7823,22,3
4281729,25978,47859,2868,16,0
4281824,42026,196150,6151,24,1
4281895,31315,75234,7742,23,3
4282021,64807,26477,8980,23,3
4282021,64807,78148,8149,23,3
4282145,52327,7425,4926,17,1
4282145,52327,139847,2361,17,1
4282433,37696,7892,5393,15,0
4282436,73198,126115,8628,21,2
4282500,34948,63494,8507,17,1
4282566,31859,128180,3205,20,4
4282661,63758,179657,2175,18,2
4283008,62002,196598,4156,21,2
4283073,31324,138664,8665,15,0
4283331,46108,104618,9639,16,0
4283364,73927,73929,1451,16,0
4283393,38515,846,3347,23,3
4283905,65047,7257,9758,20,4
4284003,31067,108431,3452,21,2
4284228,44858,152667,7698,1,1
4284390,63581,45828,5829,18,2
4284995,63971,18874,8875,19,3
4284995,63971,28312,8313,19,3
4285220,34067,88535,3552,17,1
4285445,68120,67227,9734,23,3
4285604,52334,5021,2522,16,0
4285637,66799,150867,3383,13,4
4285670,21416,131277,8817,16,0
4285700,55456,99718,2228,16,0
4285830,26149,41522,4027,12,2
4285984,38651,3187,5688,19,3
4286274,23707,194637,7157,16,0
4286311,24829,111669,6692,14,0
4286341,61891,21375,3878,17,1
4286439,21862,97441,7442,21,2
4286564,25454,38863,8864,16,0
4286564,25454,79316,4331,16,0
4286624,67661,168948,1465,14,0
4286630,68659,54828,9839,18,2
4286881,62975,80031,5048,12,2
4286881,62975,82590,5099,12,2
4286885,66997,97290,9800,13,4
4287011,38020,172197,7232,16,0
4287682,38006,127467,7468,18,2
4287811,66101,122612,5125,12,2
4287840,20834,61879,4386,14,0
4287941,51322,94976,4977,0,0
4288036,63637,71901,1902,1,1
4288165,56045,56531,4047,0,0
4288486,19649,197112,9632,14,0
4288515,49315,1910,1911,17,1
4288615,41360,179113,4148,17,1
4288710,53707,8188,5689,23,3
4288710,53707,52401,7412,23,3
4288771,51178,124606,4607,23,3
4288775,24908,129242,6779,0,0
4288963,45623,64001,4002,0,0
4289024,37226,184445,9482,14,0
4289060,72998,66408,1421,24,1
4289475,46525,83149,3150,21,2
4289478,38044,11254,1255,14,0
4289797,58423,40149,7662,20,4
4289799,47495,146235,3778,18,2
4290311,39284,6060,6061,18,2
4290402,74500,36923,9427,0,0
4290499,49609,79510,7032,13,4
4290528,42664,62171,9690,23,3
4290561,64222,123241,8266,12,2
4290631,70496,68323,3336,21,2
4290631,70496,92207,4717,21,2
4290755,71506,110340,2852,19,3
4290816,35449,131308,6335,23,3
4291139,34691,78687,3702,19,3
4291205,55412,104052,6563,16,0
4291237,71831,29167,1670,14,0
4291654,72044,43760,6265,1,1
4291654,72044,140499,8042,1,1
4291744,74473,137970,5510,24,1
4291811,47401,184914,9951,17,1
4292064,52756,105257,7768,24,1
4292070,37390,121982,1983,19,3
4292070,37390,199401,9402,19,3
4292133,44870,124025,1562,14,0
4292261,44383,51787,9303,16,0
4292324,66983,77472,2487,19,3
4292391,57010,7735,2736,18,2
4292391,57010,153508,6024,18,2
4292710,23555,196364,8884,13,4
4292804,42544,187798,2835,17,1
4292960,47786,33186,8193,17,1
4292960,47786,124882,4883,17,1
4293024,68543,185054,5055,21,2
4293089,59944,100915,3426,1,1
4293287,65930,73817,8832,0,0
4293319,72682,25660,8163,22,3
4293828,32456,181752,4271,18,2
4293923,68749,177673,2708,12,2
4293953,71915,175413,5414,22,3
4294018,63497,35933,5934,19,3
4294244,21706,159591,2107,1,1
4294304,19439,190822,8380,1,1
4294437,54739,53669,3670,19,3
4294567,48121,108991,6522,19,3
4294693,71128,116925,4459,13,4
4294753,40196,149454,4483,17,1
4294755,73681,7911,7912,16,0
4294849,19789,161004,3521,20,4
4295046,40642,58006,5522,17,1
4295137,42736,84136,1661,12,2
4295238,73927,174429,6947,16,0
4295303,1273,165983,8500,12,2
4295748,46447,156149,6150,16,0
4295814,69752,178029,8030,20,4
4296229,19267,129026,1539,12,2
4296484,67618,187345,7346,19,3
4296548,19261,169320,1837,24,1
4296577,24577,101894,1895,21,2
4296770,59410,188525,3562,16,0
4296901,43012,122270,9807,15,0
4296961,38405,113689,3690,12,2
4296963,48679,70486,8008,17,1
4296963,48679,91751,6770,17,1
4297057,67511,54991,7497,20,4
4297089,64255,117370,4904,16,0
4297222,42040,93939,3940,24,1
4297633,61133,136647,4187,0,0
4297698,38800,15955,8457,16,0
4297700,28078,12128,9632,14,0
4297792,30928,155862,5863,14,0
4297984,30806,9609,2110,13,4
4298115,44402,111762,1763,18,2
4298244,30496,106008,6009,17,1
4298309,25837,119104,6638,0,0
4298434,28022,67018,4537,13,4
4298753,59488,54755,2271,24,1
4298948,56671,47937,5450,12,2
4299047,44678,123878,3879,18,2
4299074,39349,141820,4335,23,3
4299076,66808,86751,9260,23,3
4299078,24715,179951,2469,13,4
4299331,52373,126467,6468,22,3
4299619,65134,177070,7071,15,0
4299683,38767,198861,3900,24,1
4300102,21680,11750,1751,23,3
4300455,40274,4009,4010,12,2
4300482,20306,61807,4314,19,3
4300581,67972,150296,7842,0,0
4300708,54995,139648,9649,15,0
4300739,65359,9748,2249,22,3
4300836,38504,162449,7482,14,0
4300836,38504,173676,6194,14,0
4300962,64240,83642,3643,18,2
4301154,40909,57400,2411,16,0
4301253,23249,32888,5392,0,0
4301349,43927,142571,5086,12,2
4301408,72304,101763,4274,20,4
4301537,68840,154102,4103,24,1
4301604,49396,151550,9096,16,0
4301668,72061,54,7555,18,2
4301831,29011,133377,3378,24,1
4301954,47138,55544,5545,0,0
4302087,33695,187649,7650,18,2
4302114,62785,84178,9195,19,3
4302336,46486,190824,8382,16,0
4302339,64024,26152,8655,14,0
4302340,74810,106447,1468,23,3
4302407,67202,93204,8223,1,1
4302497,70489,46594,1603,0,0
4302560,45538,33695,6199,15,0
4302596,24562,168992,6541,15,0
4302661,31444,119278,1790,15,0
4302662,25393,21439,6444,17,1
4302662,25393,28079,5586,17,1
4302784,40667,182490,2491,1,1
4302790,53953,74133,4134,24,1
4302823,55000,52571,5077,0,0
4303298,65362,175012,5013,17,1
4303301,31369,53465,8476,0,0
4303334,65030,31733,1734,1,1
4303555,61903,180980,3499,16,0
4303681,49468,48806,1311,0,0
4303716,23857,59357,9358,0,0
4303872,61763,53871,1387,13,4
4303941,25900,137918,5458,24,1
4304005,72898,21702,9209,23,3
4304097,36571,131388,1389,24,1
4304164,30035,142771,7800,12,2
4304192,63625,175493,8011,23,3
4304228,20524,115470,5471,19,3
4304260,64751,77030,7031,1,1
4304359,54826,11575,4077,18,2
4304515,29567,163755,8788,16,0
4304834,22891,1993,4494,0,0
4304834,22891,81315,3824,0,0
4305057,61115,74531,4532,19,3
4305094,35807,28219,5726,23,3
4305152,20968,22228,2229,22,3
4305442,1343,98176,5704,18,2
4305446,72040,157677,2708,12,2
4305569,65206,7137,2138,15,0
4305987,67478,199329,1849,17,1
4306242,71381,137918,7919,15,0
4306307,37996,110736,5759,1,1
4306375,29933,125753,8266,12,2
4306532,34492,49838,2343,17,1
4306592,41930,81526,9051,18,2
4306592,41930,173504,6022,18,2
4306854,62674,36927,9431,1,1
4307136,55219,52409,2410,20,4
4307264,64070,3489,3490,16,0
4307270,65521,87158,2175,18,2
4307364,57770,159640,4671,21,2
4307426,46091,141862,1863,17,1
4307461,34519,59258,1764,17,1
4307461,34519,136621,9135,17,1
4307489,57832,7246,9747,19,3
4307523,56743,49282,4291,19,3
4307617,25520,172671,7706,23,3
4307655,31508,192762,2763,13,4
4307842,60217,105621,8132,17,1
4307943,66898,151890,9436,20,4
4307973,60586,49891,7404,17,1
4308128,29353,23320,3321,1,1
4308295,46729,109202,1713,12,2
4308480,65458,143096,8125,0,0
4308742,47255,151582,4098,15,0
4308929,57002,107067,4598,23,3
4309190,1411,86923,1940,21,2
4309222,43495,80286,5303,16,0
4309248,57917,35922,3432,18,2
4309350,64103,79879,4894,17,1
4309381,48908,97299,4827,14,0
4309441,71495,107585,2606,19,3
4309569,19039,151052,8598,14,0
4309637,28024,139689,2203,17,1
4309637,28024,142385,4900,17,1
4309731,55637,109490,7021,20,4
4309798,72988,122264,7289,14,0
4309892,54715,50278,5289,21,2
4309892,54715,67455,7456,21,2
4309923,48881,34310,9317,18,2
4310339,20629,52053,9569,16,0
4310403,25435,31124,3628,17,1
4310563,49952,104478,4479,12,2
4310884,37474,187643,5198,19,3
4310914,27809,98229,5757,23,3
4311046,71446,515,8016,1,1
4311074,21853,74740,7248,18,2
4311174,28852,183367,5886,23,3
4311200,21436,5277,2778,14,0
4311296,57619,77230,7231,23,3
4311301,39862,77053,2068,18,2
4311361,18980,34149,6653,12,2
4311683,61259,192423,7462,13,4
4311751,48145,108522,3543,22,3
4311910,31159,74075,1597,0,0
4312070,19585,79934,7456,21,2
4312163,57209,26682,4189,1,1
4312163,57209,150311,5342,1,1
4312194,59530,54111,4112,20,4
4312263,37630,177080,7081,13,4
4312289,61516,46845,9350,1,1
4312326,60539,62298,7311,13,4
4312515,60463,141737,1738,15,0
4312612,20539,1392,6393,1,1
4312708,45913,76602,9110,16,0
4312800,23249,5795,3296,0,0
4313122,74599,79261,1769,13,4
4313124,74264,187282,9801,12,2
4313249,35098,52706,7717,14,0
4313604,22562,55631,5632,13,4
4313632,48214,86968,9477,16,0
4313667,21238,129813,4838,23,3
4313793,23479,71442,3950,17,1
4313797,1874,12863,2864,17,1
4313824,49274,5171,5172,15,0
4313863,47215,8850,3851,16,0
4313863,47215,136936,6937,16,0
4313990,36527,198544,3583,20,4
4314017,24649,176268,8786,22,3
4314022,73618,86190,3715,13,4
4314209,45643,128754,1267,17,1
4314501,23755,111553,9087,23,3
4314535,64090,124323,6836,24,1
4314631,74068,89440,6965,18,2
4314663,60919,120065,2578,17,1
4314788,50738,46261,8766,0,0
4314887,24991,105988,3519,20,4
4315008,43664,88801,1310,24,1
4315173,50653,110072,7606,18,2
4315205,66100,58833,3844,13,4
4315268,40432,71586,1587,24,1
4315302,34717,107337,2358,22,3
4315361,74224,1876,4377,22,3
4315590,55111,134805,2345,22,3
4315746,34603,3819,6320,22,3
4316162,35321,112203,4715,0,0
4316358,27523,1496,3997,0,0
4316358,27523,108850,3871,0,0
4316770,43843,10068,2570,15,0
4316770,43843,12658,5160,15,0
4316999,72493,107293,2314,0,0
4317121,36391,82896,5405,24,1
4317218,34921,139421,4448,18,2
4317220,39014,28809,6316,13,4
4317348,26836,143797,8826,15,0
4317443,66959,75274,7782,0,0
4317574,58822,193063,8102,0,0
4317735,26711,84076,9093,1,1
4318080,60997,82525,5034,23,3
4318309,68200,133871,1411,14,0
4318438,45428,35108,7612,17,1
4318438,45428,185894,3449,17,1
4318562,39235,901,8402,19,3
4318626,71809,74297,9312,1,1
4319074,29057,198589,8590,24,1
4319140,71936,13885,1389,24,1
4319399,64309,158936,6482,12,2
4319876,42715,107991,5522,17,1
4319909,59341,147091,7092,22,3
4319909,59341,147513,2542,22,3
4320007,20270,185569,3124,15,0
4320258,38233,40083,2588,19,3
4320359,29668,78270,3285,14,0
4320359,29668,101463,8994,14,0
4320899,71557,9649,7150,0,0
4320995,35380,184995,7514,17,1
4320999,69715,102268,2269,20,4
4321125,31885,39935,9936,16,0
4321312,21574,173845,3846,21,2
4321510,31195,11884,6887,18,2
4321729,38233,151485,1486,19,3
4321792,71203,69059,6578,24,1
4321861,52378,106505,6506,24,1
4322240,52264,59416,1922,16,0
4322690,32821,110645,5668,21,2
4322884,19996,23969,3970,13,4
4322884,19996,56943,4459,13,4
4322915,41153,166324,1357,24,1
4323105,42862,146891,1920,0,0
4323140,72916,161724,1725,23,3
4323459,42755,148305,5848,20,4
4323718,54751,119922,2434,15,0
4323843,21068,99269,9270,0,0
4323873,70240,52539,2540,20,4
4324002,65746,149627,9628,19,3
4324033,19369,151141,3657,17,1
4324067,68425,166,5167,15,0
4324133,58150,67228,7229,21,2
4324134,46577,69875,4888,20,4
4324226,44689,61455,8974,21,2
4324359,22427,82663,2664,18,2
4324452,38116,32444,2445,0,0
4324455,28048,158102,8103,16,0
4324485,39181,189043,4080,1,1
4324677,46069,133769,8796,13,4
4324679,50146,174175,6693,20,4
4324833,41624,12399,9903,13,4
4325126,32642,111661,6684,20,4
4325190,48043,67525,2538,21,2
4325348,56545,151498,1499,12,2
4325440,35821,34357,1867,22,3
4325509,50722,43094,8103,16,0
4325536,22156,106932,4463,14,0
4325798,41876,132923,7950,20,4
4325953,30388,161440,3957,15,0
4326117,60614,174735,9770,21,2
4326337,27739,58627,3638,17,1
4326403,53962,156956,1987,12,2
4326663,56621,36574,9078,19,3
4327072,62968,51980,4486,21,2
4327239,49756,176468,1503,24,1
4327330,62314,196433,6434,16,0
4327590,62372,62928,5435,20,4
4328067,63346,89890,4907,22,3
4328418,25984,24478,6981,0,0
4328454,51442,150367,2883,1,1
4328579,25498,191848,6887,18,2
4328705,25739,92358,2359,1,1
4328769,43099,42131,2132,12,2
4328962,31547,30735,8245,14,0
4329060,33305,9835,2336,22,3
4329220,68923,133505,3506,0,0
4329222,55096,61312,1313,12,2
4329665,53501,139810,4837,21,2
4329697,18754,37264,2271,24,1
4330049,66145,81543,6560,17,1
4330114,63166,178088,5640,15,0
4330310,42403,140219,2734,1,1
4330438,66781,10915,3417,23,3
4330439,62116,86431,3956,17,1
4330439,62116,140876,5905,17,1
4330471,54266,151208,6239,23,3
4330663,44917,109829,7360,22,3
4330692,72055,184801,4802,12,2
4330723,35881,117945,2968,19,3
4330853,39130,141886,1887,0,0
4330884,20447,58308,8309,21,2
4331075,71863,57155,9661,22,3
4331137,60172,37264,2271,24,1
4331588,73949,51759,1760,22,3
4331844,66619,148066,5609,23,3
4331937,29704,190811,8369,24,1
4332131,67522,148148,8149,23,3
4332259,51892,105799,3330,14,0
4332288,41632,66484,8991,24,1
4332358,70552,51766,6777,17,1
4332449,35605,102588,5099,12,2
4332708,44521,155179,7695,24,1
4332741,43571,106444,1465,14,0
4333025,46565,108766,3787,1,1
4333058,20818,64951,2470,22,3
4333184,33190,33178,8185,16,0
4333347,1372,24110,9115,23,3
4334177,54544,110123,5146,23,3
4334241,43081,186385,3940,24,1
4334503,58714,86770,4295,21,2
4334788,60970,49338,1843,18,2
4335045,70240,82122,9647,20,4
4335334,49480,131653,6680,15,0
4335430,33419,124186,6699,23,3
4335585,66451,117592,2615,20,4
4335585,66451,154306,9337,20,4
4335586,63889,138427,5967,21,2
4335648,60571,97237,9747,19,3
4335680,38594,152874,5390,20,4
4335877,52384,64118,6625,24,1
4336102,32813,115726,3260,15,0
4336135,38735,47191,4704,12,2
4336358,74794,49001,1506,19,3
4336546,45763,100904,8435,22,3
4336582,70682,1987,4488,14,0
4336611,68974,116732,1755,21,2
4336711,69190,36431,8935,22,3
4336837,49051,27362,4869,15,0
4336930,55447,6434,8935,22,3
4337091,72427,35726,3236,16,0
4337158,41330,14867,9870,22,3
4337572,57868,40272,2777,13,4
4337761,58513,128398,5935,24,1
4338081,37039,147726,7727,0,0
4338146,35671,110194,5217,23,3
4338182,29749,125822,8335,0,0
4338595,74392,165204,7721,22,3
4338759,46108,114781,4782,16,0
4338785,42523,3310,8311,1,1
4339041,47954,120946,3459,24,1
4339076,44018,52642,2643,21,2
4339201,59795,122037,2038,14,0
4339235,56903,116406,8918,19,3
4339360,20725,174422,6940,24,1
4339397,73471,19980,4983,12,2
4339681,49663,30731,3235,17,1
4340132,22669,127697,5234,16,0
4340163,46999,20656,3159,13,4
4340258,22487,191156,3676,13,4
4340321,49576,161567,6600,1,1
4340448,62536,157204,4750,16,0
4340515,56923,61176,3683,12,2
4340740,59909,53583,8594,17,1
4340871,23933,34761,7265,12,2
4341218,28393,97808,7809,16,0
4341378,32032,71101,3609,12,2
4341412,27883,198228,5786,14,0
4341474,47914,131232,6259,20,4
4341575,71023,127797,5334,16,0
4341697,39652,101468,6489,21,2
4341794,68602,139687,9688,17,1
4341863,18754,174349,9384,24,1
4341989,66200,133711,8738,0,0
4342115,69793,43788,8797,22,3
4342115,69793,155647,8163,22,3
4342242,43265,7981,2982,1,1
4342791,69190,170221,2739,22,3
4342816,68266,51491,1492,24,1
4343046,49522,27942,2947,0,0
4343105,39145,95140,7650,18,2
4343207,34048,109673,4694,16,0
4343328,53497,22219,9726,17,1
4343332,42934,59824,4835,23,3
4343430,32915,53075,8086,0,0
4343844,43342,170896,5931,16,0
4344033,46444,159351,9352,22,3
4344165,69880,33140,3141,15,0
4344326,34489,73479,3480,13,4
4344865,68762,44954,9963,14,0
4345155,47560,170668,8220,13,4
4345187,22157,166336,1369,14,0
4345351,22633,59174,1680,24,1
4345504,44273,77057,7058,16,0
4346017,50252,80347,5364,1,1
4346083,28594,23909,6412,0,0
4346119,34171,173387,8422,21,2
4346180,51506,172839,5357,13,4
4346275,35290,61959,9478,23,3
4346307,43252,121389,8926,24,1
4346534,41368,156324,3870,23,3
4346720,19028,87011,7012,23,3
4346944,50384,16181,6182,17,1
4346944,50384,30392,5399,17,1
4347234,31855,106405,8916,18,2
4347235,31709,54708,7214,1,1
4347235,31709,80211,7736,1,1
4347268,26705,155370,2916,22,3
4347367,45190,176855,6856,18,2
4347392,50396,30625,8135,21,2
4347552,26398,23744,6247,24,1
4347744,32395,48941,3950,17,1
4347744,32395,141818,4333,17,1
4348065,32336,4886,7387,20,4
4348071,20230,186473,4028,13,4
4348256,66868,190294,2814,20,4
4348291,66982,179070,4105,13,4
4348452,60898,178041,5593,18,2
4348518,66199,41237,3742,14,0
4348706,37129,32559,5063,24,1
4348709,59182,25509,8012,18,2
4348739,73813,176719,6720,18,2
4349057,68006,117959,5493,19,3
4349571,69541,170545,8097,22,3
4349696,62425,130997,3511,17,1
4349762,72949,196881,1920,0,0
4349888,71798,130494,8034,22,3
4350019,64855,49614,4623,19,3
4350118,55991,99798,2308,17,1
4350272,71936,28366,3371,24,1
4350278,41038,24106,9111,18,2
4350305,28861,30382,2886,1,1
4350337,52997,21893,4396,17,1
4350375,63055,19779,9780,13,4
4350598,74777,1553,6554,22,3
4350755,65269,10425,7929,17,1
4350823,32668,4824,4825,24,1
4350945,18806,31479,6486,12,2
4351009,50152,60343,5356,1,1
4351010,21742,23999,1506,19,3
4351140,46094,94041,4042,18,2
4351203,46324,59011,4022,24,1
4351232,38432,91324,1325,14,0
4351364,46678,130934,8474,19,3
4351397,60631,79248,9249,22,3
4351425,53230,195265,7785,15,0
4351618,30539,51223,3729,24,1
4351680,1330,107727,7728,1,1
4352096,30842,24786,7289,14,0
4352096,30842,77815,2830,14,0
4352160,47929,173569,6087,20,4
4352486,32948,123830,8855,1,1
4352802,25900,55107,7613,24,1
4353796,62488,113263,8286,1,1
4354375,38509,166743,6744,0,0
4354816,54308,97851,2870,17,1
4354816,54308,122208,4721,17,1
4354848,21445,103413,8434,13,4
4355013,26308,173371,5889,1,1
4355172,62044,81294,8819,0,0
4355238,22394,69944,7463,24,1
4355238,22394,139905,9906,24,1
4355264,54863,176278,3830,19,3
4355525,39673,129084,4109,20,4
4355586,52271,160124,2641,24,1
4355712,43348,75303,2825,24,1
4355942,25930,189549,2068,18,2
4356006,38515,77241,9749,23,3
4356192,68551,69547,2054,23,3
4356192,68551,159933,7479,23,3
4356551,39691,144881,4882,21,2
4356577,1360,61791,6804,19,3
4356641,19807,39513,9514,16,0
4356676,51319,48219,3228,19,3
4356898,63502,129408,6945,15,0
4357223,33392,157317,9833,13,4
4357287,63329,128575,6112,19,3
4357573,64003,159012,9013,19,3
4357638,36529,85800,5801,13,4
4357795,63838,64900,9913,0,0
4358119,69193,80723,3232,22,3
4358308,53689,38486,5996,14,0
4358534,22435,58231,8232,17,1
4358534,22435,99570,9571,17,1
4358598,29755,93585,6095,17,1
4358820,45772,3666,3667,19,3
4359042,31432,111021,8555,1,1
4359106,26570,199559,7117,23,3
4359329,74197,32319,9829,24,1
4359492,62296,49629,9630,20,4
4359779,53066,54735,9746,15,0
4359904,27578,153430,8461,16,0
4360032,38260,100335,2846,20,4
4360032,38260,117303,9815,20,4
4360068,71215,152106,4622,12,2
4360163,28939,155975,8491,15,0
4360192,54365,110949,5972,1,1
4360291,27458,52142,4648,14,0
4360423,41689,109113,6644,13,4
4360514,57425,149624,4653,15,0
4360549,30067,134891,9918,24,1
4360901,61690,192050,4570,18,2
4360935,71725,105960,8471,12,2
4361060,47617,156246,3792,12,2
4361091,59575,5069,7570,19,3
4361158,52301,179900,2418,24,1
4361184,44335,174218,9253,16,0
4361217,74792,142761,7790,22,3
4361314,72433,140218,5247,23,3
4361317,70771,179099,9100,0,0
4361603,52345,110025,5048,12,2
4361763,50576,166576,4125,13,4
4361830,45673,146023,3566,24,1
4361954,73591,64769,4770,0,0
4361959,36734,87519,2536,23,3
4361991,74707,68329,5848,20,4
4362023,71660,76950,9458,12,2
4362080,35570,193107,5627,20,4
4362183,32119,94296,1824,13,4
4362212,24239,156615,1646,23,3
4362531,32122,158284,3315,13,4
4362848,62374,189440,6995,23,3
4362853,37315,28544,3549,16,0
4362883,50470,51328,1329,24,1
4363296,54823,101924,1925,20,4
4363495,29867,138979,1493,0,0
4363557,29279,60334,2841,23,3
4363942,71579,72031,4539,20,4
4364227,54166,120749,5774,20,4
4364292,29243,127700,7701,1,1
4364450,26044,165252,7769,19,3
4364615,30316,71529,9051,18,2
4364706,39775,49385,4394,16,0
4364805,51673,79110,1618,17,1
4364902,69244,181801,6838,1,1
4364930,64240,57477,9983,18,2
4364930,64240,116955,9467,18,2
4364965,65554,128534,6071,18,2
4364995,56831,133024,5538,1,1
4365189,51835,7273,2274,14,0
4365221,25544,1640,9141,20,4
4365282,27283,88333,8334,22,3
4365316,64354,183612,3613,23,3
4365920,33572,50938,8454,22,3
4366052,58657,137320,4860,17,1
4366146,41422,40077,2582,24,1
4366311,26630,24579,7082,18,2
4366406,74449,62588,7601,20,4
4366435,26935,19869,9870,22,3
4366630,48532,99210,1720,0,0
4366657,68902,170040,2558,24,1
4366725,73783,192107,2108,15,0
4366880,50369,95884,8394,20,4
4367686,35312,5494,5495,15,0
4367943,52291,38667,8668,16,0
4368002,41638,42349,7358,19,3
4368004,43643,15309,2813,14,0
4368007,54083,151023,3539,0,0
4368166,62488,167078,2111,1,1
4368228,30400,139043,1557,18,2
4368384,57815,100554,5575,21,2
4368455,20752,146267,8782,14,0
4368484,51757,77228,4750,16,0
4368515,21188,128801,1314,15,0
4368609,45883,129020,9021,12,2
4368739,56341,21639,6644,13,4
4368802,19915,126076,8589,0,0
4368802,19915,154174,1720,0,0
4369191,20323,111404,3916,1,1
4369287,34063,34135,4136,22,3
4369733,54862,107537,2558,24,1
4369828,36118,53963,6469,23,3
4369861,48119,84655,2180,15,0
4370561,69154,3058,3059,14,0
4370725,35524,139283,6823,13,4
4371043,24158,111268,8802,15,0
4371365,49850,19960,4963,14,0
4371621,21926,149954,2469,13,4
4371747,66961,166556,1589,17,1
4371747,66961,191529,6568,17,1
4372128,64237,13403,3404,1,1
4372196,51628,41393,1394,23,3
4372322,56056,74052,1574,13,4
4372514,62783,197185,2224,13,4
4372871,36766,80827,8352,0,0
4372929,30673,93554,3555,21,2
4372931,62273,166478,1511,20,4
4373124,51718,148526,6069,12,2
4373281,47671,89929,9930,12,2
4373286,68350,39207,9208,1,1
4373344,62128,337,5338,22,3
4373347,39635,69904,4917,17,1
4373415,27212,102418,7439,19,3
4373415,27212,137203,2230,19,3
4373472,46757,128813,8814,0,0
4373543,26731,144003,4004,1,1
4373664,24229,22265,7270,21,2
4374182,38966,197247,4805,24,1
4374277,28015,32192,2193,19,3
4374468,39146,55870,3386,24,1
4374625,25513,158066,5612,13,4
4374627,74135,131776,6803,17,1
4374855,43546,170824,8376,20,4
4374880,20743,177410,2445,0,0
4375106,24653,180384,7939,21,2
4375142,18905,185840,8359,0,0
4375143,31822,4009,9010,22,3
4375143,31822,43500,8509,22,3
4375335,60313,88357,3374,20,4
4375365,34636,61643,6656,18,2
4375554,51455,189763,7318,14,0
4375651,49357,195130,7650,18,2
4375712,55966,176899,9417,16,0
4375937,66073,174580,4581,1,1
4375943,39364,104879,9900,13,4
4376647,34847,181947,4466,1,1
4376967,49567,126464,1489,15,0
4377154,21238,194813,2371,23,3
4377412,20467,148899,3928,14,0
4377446,42638,126939,4476,19,3
4377766,51865,63531,6038,15,0
4377793,61289,54325,6831,15,0
4378017,70274,64130,6637,23,3
4378048,69463,148976,8977,16,0
4378375,36088,158457,3488,22,3
4378529,57467,93791,3792,12,2
4378560,69568,39116,6626,16,0
4378598,64160,6352,3853,0,0
4378598,64160,83201,8218,0,0
4378661,63170,171738,9290,16,0
4378851,25138,33765,8772,18,2
4378914,19315,140902,3417,23,3
4378915,22301,179908,2426,19,3
4378918,71992,127314,7315,22,3
4378944,48754,148337,3366,13,4
4379107,42010,85121,2646,19,3
4379266,43507,63665,6172,16,0
4379266,43507,164216,4217,16,0
4379297,68843,754,3255,22,3
4379297,68843,65214,7721,22,3
4379424,33799,74629,9644,1,1
4379523,37453,174713,7231,23,3
4379974,63871,118155,8156,14,0
4380199,40210,144394,6909,20,4
4380324,68962,6716,4217,16,0
4380390,58654,108439,3460,18,2
4380647,1537,199114,4153,15,0
4380672,30257,84062,1587,24,1
4380801,31306,17496,7497,20,4
4380864,60436,4186,4187,0,0
4381158,46093,154798,4799,18,2
4381350,63905,74499,9514,16,0
4381381,25106,33351,8358,19,3
4381440,19648,123881,1418,0,0
4381443,62509,191232,3752,19,3
4381507,57826,89135,1644,19,3
4382016,53009,57023,2034,12,2
4382243,39325,99109,1619,23,3
4382496,57589,114013,1547,0,0
4382659,25883,164689,7206,22,3
4382688,24289,115919,3453,1,1
4382882,57838,113844,1378,18,2
4383043,23197,47500,7501,13,4
4383047,63607,12018,4520,0,0
4383232,57694,9,7510,1,1
4383301,67301,108094,5625,14,0
4383301,67301,127399,9912,14,0
4383367,37825,185155,2710,0,0
4383491,45482,168381,8382,16,0
4383556,63508,4817,9818,0,0
4383808,47876,177859,5411,1,1
4383942,49712,17405,4909,1,1
4383942,49712,94831,2359,1,1
4384034,66031,92162,9690,23,3
4384193,74633,160177,7726,13,4
4384194,52502,146441,8956,22,3
4384289,72730,98469,8470,23,3
4384295,54862,124065,6578,24,1
4384484,72709,181486,1487,18,2
4384487,30004,72304,2305,23,3
4384551,63331,191792,6831,15,0
4384804,70949,153501,3502,14,0
4384868,71639,83458,8475,15,0
4384933,57932,12891,5393,15,0
4385061,34156,82528,2529,21,2
4385511,63673,82436,2437,15,0
4385698,33088,24221,9226,21,2
4385732,73162,196847,1886,12,2
4385762,64450,132922,5436,20,4
4385924,47423,55088,2604,15,0
4385927,54667,34739,2249,22,3
4386340,68114,4440,6941,18,2
4386757,23050,172411,9963,14,0
4386913,32165,35538,8042,1,1
4387142,47533,68779,6298,23,3
4387202,68455,164683,4684,24,1
4387780,64775,63864,8877,17,1
4387782,50251,131709,1710,21,2
4387809,47321,185707,3262,20,4
4388033,23023,162131,2132,12,2
4388167,53977,47745,2754,15,0
4388231,26323,19078,6582,12,2
4388288,64660,189919,2438,16,0
4388327,49151,14427,6929,23,3
4388807,22178,90543,5562,22,3
4389154,62722,174814,2366,14,0
4389187,41251,188027,3064,22,3
4389223,69016,26020,8523,21,2
4389286,52390,191600,4120,0,0
4389319,40538,82236,2237,14,0
4389441,59812,124938,7451,21,2
4389575,53758,59250,6766,12,2
4389637,66949,83295,3296,0,0
4389668,33352,191782,1783,18,2
4390498,51289,86210,8719,12,2
4390593,45244,170696,5731,24,1
4390848,30115,6073,8574,13,4
4390881,27361,32621,5125,12,2
4390946,23539,2092,9593,17,1
4390947,65065,69475,1982,14,0
4391044,43342,30666,5673,16,0
4391142,29111,128959,3984,16,0
4391296,55940,155056,2602,24,1
4391301,59603,40574,5583,20,4
4391587,48800,83396,5905,17,1
4391619,53713,38785,6295,19,3
4391686,57001,23179,3180,0,0
4391812,20332,132367,4881,1,1
4391879,34108,154560,4561,15,0
4391937,53681,895,5896,20,4
4391937,53681,197830,2869,20,4
4392004,26207,87131,9640,17,1
4392130,35509,142473,7502,18,2
4392290,32572,133022,8049,24,1
4392322,42937,1361,3862,21,2
4392386,58340,187262,7263,21,2
4392420,73844,648,3149,14,0
4392448,47249,171896,9448,1,1
4392544,51634,6733,9234,22,3
4392549,25936,113385,3386,24,1
4392582,30976,122039,9576,12,2
4392582,30976,146450,1479,12,2
4392736,67078,151380,3896,19,3
4392738,41375,155756,8272,24,1
4392740,74627,27877,5384,14,0
4392768,65992,106767,1788,0,0
4393287,72070,154025,9056,22,3
4393287,72070,193036,3037,22,3
4393376,49730,62152,7165,0,0
4393605,39176,44022,4023,21,2
4393669,31181,137596,2623,23,3
4393700,28643,177647,5199,21,2
4393987,28960,13392,3393,16,0
4394113,20894,178103,5655,15,0
4394118,39919,36571,4081,12,2
4394146,33772,184848,2403,22,3
4394373,25841,67412,7413,13,4
4394629,51718,192167,2168,12,2
4394756,58748,23285,8290,21,2
4395044,56576,103848,6359,21,2
4395169,22663,115345,7857,14,0
4395204,40048,43159,3160,15,0
4395237,58864,103391,3392,18,2
4395362,69436,1375,8876,20,4
4395362,69436,98115,5643,20,4
4395397,51739,160910,3427,23,3
4395428,44062,105351,5352,13,4
4395520,38198,93729,6239,23,3
4395557,29957,76258,6259,20,4
4395719,19945,101518,9049,23,3
4396196,54737,106345,8856,16,0
4396229,51775,59769,9770,21,2
4396356,34763,11899,1900,23,3
4396833,35194,28512,6019,22,3
4396833,35194,198706,3745,22,3
4396866,69499,32764,2765,0,0
4397216,55669,169202,6751,18,2
4397346,73096,101888,1889,19,3
4397477,70784,78801,8802,15,0
4397511,71107,28450,8451,17,1
4397605,38386,77086,7087,15,0
4397671,69149,184046,1601,20,4
4397735,63124,61456,8975,24,1
4397735,63124,145224,5225,24,1
4398304,35999,92693,2694,15,0
4398370,27872,15792,3296,0,0
4398720,58738,109427,4448,18,2
4398786,1261,190197,2717,20,4
4398787,37828,46769,4282,1,1
4398944,34885,11100,6103,21,2
4399171,35131,59377,9378,0,0
4399172,21283,80411,7936,13,4
4399174,45184,68702,3715,13,4
4399200,74840,36922,9426,23,3
4399426,54614,42377,7386,22,3
4399526,62632,64514,7021,20,4
4399619,38083,85906,8415,17,1
4399744,60682,84726,9743,13,4
4399813,70613,105771,8282,1,1
4399968,54667,149821,2336,22,3
4400006,55774,105492,3023,22,3
4400422,29647,63243,5750,19,3
4400449,43642,155185,2731,19,3
4400486,62485,4584,4585,19,3
4400611,1456,95793,5794,13,4
4400933,20672,4594,2095,20,4
4400933,20672,30270,5277,20,4
4401378,1612,14107,9110,16,0
4401510,50359,58857,1363,0,0
4401606,51853,101272,3783,15,0
4401606,51853,144806,4807,15,0
4401634,26176,16894,9396,16,0
4401798,37250,25183,7686,20,4
4401892,46327,107245,7246,15,0
4402401,32032,144146,6661,12,2
4402465,32506,124965,4966,18,2
4402724,39133,86129,3654,14,0
4403203,66238,94202,9221,24,1
4403297,45149,105306,7817,14,0
4403523,41935,136808,4348,15,0
4403616,43424,22462,9969,12,2
4403619,33080,78742,6264,13,4
4403683,35782,39179,9180,23,3
4403877,32387,127013,7014,19,3
4404131,58958,187930,7931,1,1
4404230,56020,137440,7441,20,4
4404262,27229,130336,5363,15,0
4404295,72956,169894,9895,18,2
4404389,37108,119775,4798,1,1
4404422,39449,55318,5319,20,4
4404450,43282,116791,9303,16,0
4404708,72331,119285,1797,15,0
4404772,26317,163874,3875,14,0
4404899,35059,181917,6954,23,3
4404929,60673,119245,6779,0,0
4404931,48302,123356,5869,24,1
4404965,30211,86648,9157,22,3
4404993,33469,128925,1438,12,2
4405060,58951,85792,8301,20,4
4405062,44263,107119,7120,23,3
4405280,51718,199730,7288,12,2
4405350,55144,12786,2787,24,1
4405383,21757,19676,2178,16,0
4405409,59608,78763,3778,18,2
4405632,40582,176235,6236,15,0
4405637,41146,73160,5668,21,2
4405637,41146,163344,8377,21,2
4405958,56302,138090,5630,18,2
4406212,38218,125230,7743,15,0
4406694,63392,160145,5178,20,4
4406817,28297,173147,3148,13,4
4406822,54034,108080,3101,20,4
4406880,52994,31449,6456,22,3
4406947,38641,116596,4130,14,0
4406947,38641,140372,2887,14,0
4407044,23734,197150,4708,24,1
4407332,67097,157969,3000,21,2
4407360,57637,12490,9994,16,0
4407521,49502,149600,7143,24,1
4407719,58150,81977,4486,21,2
4407779,19957,11826,9330,0,0
4407783,24991,94816,2344,20,4
4407844,49475,32804,7811,1,1
4407943,1748,22717,2718,13,4
4408100,70775,44934,2447,0,0
4408100,70775,84444,1969,0,0
4408481,57547,22097,2098,18,2
4408579,63362,124517,4518,17,1
4408614,28285,42192,2193,19,3
4408711,26959,172384,2385,17,1
4408864,40384,57132,2143,1,1
4408871,69601,60271,2778,14,0
4409253,28936,35729,8233,12,2
4409409,31720,118819,3842,23,3
4409764,34525,48656,6169,14,0
4409985,34528,9067,1568,12,2
4410369,26504,114198,4199,20,4
4410500,38569,11380,8884,13,4
4410501,55774,76314,6315,22,3
4410599,56284,186313,6314,0,0
4410914,30181,6909,4410,12,2
4411203,24794,18750,8751,17,1
4411205,69190,73854,8869,22,3
4411205,69190,141171,8714,22,3
4411430,43400,124509,2046,21,2
4411490,57698,19481,9482,14,0
4411559,58819,47844,7845,21,2
4411649,28519,172444,2445,0,0
4411779,55336,110862,8396,20,4
4411969,55217,195869,3427,23,3
4411971,28636,42503,5008,18,2
4412227,40273,54990,1,17,1
4412227,40273,169167,9168,17,1
4412326,54782,136546,9060,0,0
4412704,19994,151525,6556,17,1
4412738,64676,115568,5569,18,2
4412996,38623,83091,5600,1,1
4413218,46963,104602,9623,1,1
4413280,34156,139810,4837,21,2
4413319,22082,6278,3779,17,1
4413319,22082,93843,1371,17,1
4413537,25264,103657,6168,17,1
4413636,41864,163352,3353,16,0
4414055,45682,114873,9896,20,4
4414084,53212,119630,9631,24,1
4414401,65771,183369,8406,22,3
4414533,54602,190958,5997,20,4
4414563,42619,60212,5225,24,1
4414592,37712,86382,3907,19,3
4414755,40096,56135,8641,24,1
4415463,57790,131377,1378,18,2
4415591,64139,153943,8974,21,2
4415975,62557,182899,7936,13,4
4416001,67904,33240,5744,12,2
4416001,67904,119203,4226,12,2
4416163,34360,147939,5482,1,1
4416259,54727,45499,5500,12,2
4416389,58403,12539,7542,0,0
4416708,20300,103414,8435,22,3
4416804,42707,61185,8704,21,2
4417090,30361,71718,9240,14,0
4417158,38612,94273,1801,13,4
4417216,44903,28822,3827,0,0
4417216,44903,127557,5094,0,0
4417446,48022,134779,9806,13,4
4417539,74777,40813,5822,22,3
4417825,54658,182921,2922,23,3
4417892,27731,109137,4158,19,3
4417957,44479,45759,3272,12,2
4417989,30554,97065,9575,24,1
4418082,67955,163897,3898,22,3
4418177,49870,95568,3096,0,0
4418242,69973,194574,2132,12,2
4418341,23315,161454,6487,12,2
4418342,49420,34043,1553,14,0
4418470,56083,102508,7529,15,0
4418497,56461,84767,9784,16,0
4418501,24115,70125,7647,19,3
4418533,35552,175856,5857,24,1
4418560,44206,21566,1567,16,0
4418564,52078,103920,6431,24,1
4418759,68914,65361,2880,1,1
4418818,67828,127771,2796,20,4
4418881,31157,199274,4313,14,0
4419392,74303,56629,9135,17,1
4419396,41815,157409,4955,16,0
4419425,61064,145471,3014,20,4
4419490,56386,52084,7095,22,3
4419492,21241,194466,9505,19,3
4419879,65926,179393,1911,17,1
4419936,27883,137349,7350,14,0
4420128,65645,184035,9072,14,0
4420416,51752,188571,6126,19,3
4420513,64247,123473,8498,22,3
4421027,62056,119320,1832,12,2
4421059,55696,180626,5663,16,0
4421254,72565,27504,5011,1,1
4421285,48917,88275,5800,0,0
4421478,39322,171597,6632,19,3
4421632,29795,129339,6876,15,0
4421633,49364,110208,2720,17,1
4421696,57166,131257,3771,0,0
4422245,29827,72502,5010,22,3
4422279,62377,27213,7214,1,1
4422466,40273,3903,3904,17,1
4422885,56086,130504,5531,23,3
4422885,56086,131379,8919,23,3
4422886,23125,163854,3855,12,2
4423011,58829,156931,6932,0,0
4423013,31609,9769,9770,21,2
4423334,66536,183856,8893,19,3
4423495,19255,193697,3698,21,2
4423520,35678,8561,3562,16,0
4423651,69448,73690,3691,19,3
4423713,36476,89722,2231,18,2
4423778,61525,53659,3660,15,0
4423809,38768,84265,1790,15,0
4423840,32555,139003,9004,18,2
4423842,62482,56927,4443,12,2
4423906,31576,88214,5739,1,1
4423969,71458,168362,8363,12,2
4423969,71458,175104,5105,12,2
4423974,41308,72072,7087,15,0
4424067,20165,147213,7214,1,1
4424131,70016,43952,6457,18,2
4424290,52693,151280,6311,22,3
4424547,66970,76377,8885,14,0
4424578,67375,57795,5311,0,0
4424741,21568,59777,2283,16,0
4424769,46664,105464,7975,24,1
4424864,53899,7820,7821,24,1
4425127,61447,199719,2239,0,0
4425313,21416,26464,1469,16,0
4425442,63883,76183,6184,15,0
4425632,69964,73569,6077,24,1
4425636,37859,111781,4293,17,1
4425669,68281,134309,1849,17,1
4425828,34321,68891,3904,17,1
4425893,22987,36433,8937,13,4
4426119,69649,125256,2793,18,2
4426119,69649,135025,7539,18,2
4426178,46751,79256,9257,17,1
4426240,37258,70827,5842,20,4
4426629,36427,198638,3677,12,2
4426821,54268,35697,5698,16,0
4427171,19474,126559,4096,16,0
4427329,36965,189354,4391,21,2
4427361,38818,136891,6892,20,4
4427430,59813,159288,1804,0,0
4427557,59758,106909,6910,19,3
4427905,69371,121926,6951,21,2
4427973,62293,122356,7381,20,4
4428130,46792,34395,6899,14,0
4428194,42386,3597,8598,14,0
4428544,57112,85943,5944,1,1
4428642,47030,182137,9692,1,1
4428770,74656,179160,6712,15,0
4428962,61847,174794,9829,24,1
4429057,67022,94862,7372,23,3
4429445,56764,164501,4502,12,2
4429536,70000,37756,5266,15,0
4429568,55768,110187,7721,22,3
4429574,50347,175874,3426,1,1
4429671,68647,76750,6751,18,2
4429794,31579,47188,7189,19,3
4429827,30388,69136,1643,15,0
4430244,52927,34109,6613,14,0
4430244,52927,179691,4726,14,0
4430375,43639,51033,6044,24,1
4430438,30445,154097,1643,15,0
4430631,46762,117346,2369,22,3
4430663,39133,164117,9150,14,0
4431078,70796,36821,6822,12,2
4431206,74773,59686,9687,24,1
4431429,1657,124,5125,12,2
4431555,31672,152407,7438,16,0
4431559,64907,198120,5678,23,3
4431649,53230,24743,7246,15,0
4431906,72340,39157,1661,12,2
4432007,56963,182173,9728,1,1
4432035,31666,56212,6213,14,0
4432064,71624,95198,5199,21,2
4432484,46198,18357,8358,19,3
4432485,23246,37994,3001,24,1
4432576,62170,106340,3871,0,0
4432642,68029,35184,5185,19,3
4432644,67252,169307,9308,18,2
4432645,37243,149213,6756,20,4
4432705,29794,182534,7571,17,1
4433152,53026,40372,5381,14,0
4433284,40438,114417,6929,23,3
4433383,69712,143597,6112,19,3
4433441,33334,32365,9875,1,1
4433473,65858,71563,9085,17,1
4433478,55321,87033,4558,18,2
4433670,66676,80726,3235,17,1
4433698,54674,7441,2442,19,3
4434082,47105,156024,3570,1,1
4434183,19693,67687,7688,23,3
4434241,73453,119823,2335,24,1
4434244,48292,46162,3675,20,4
4434369,39433,37088,2095,20,4
4434437,45898,136958,9472,15,0
4434437,45898,180617,5654,15,0
4434949,42943,6070,6071,18,2
4434949,42943,55181,2697,18,2
4435014,69322,7399,7400,21,2
4435014,69322,145200,7715,21,2
4435045,54488,23306,8311,1,1
4435045,54488,54301,9312,1,1
4435360,32024,64146,9159,16,0
4435360,32024,86630,9139,16,0
4435396,25453,135761,5762,21,2
4435527,38641,78781,8782,14,0
4436003,46285,4826,2327,17,1
4436164,1624,103830,3831,17,1
4436194,58738,153067,3068,18,2
4436455,41086,124707,4708,24,1
4436608,62251,47667,5180,16,0
4436866,66028,133245,5759,1,1
4436866,66028,189708,4745,1,1
4436961,28135,90525,8053,14,0
4436961,28135,164735,9768,14,0
4436966,40324,17044,9546,13,4
4436966,40324,62171,2172,13,4
4437092,60193,123168,8193,17,1
4437222,71647,163659,3660,15,0
4437349,65485,58678,8679,21,2
4437349,65485,123654,8679,21,2
4437892,29926,88919,3936,23,3
4438052,58823,133608,8635,24,1
4438145,32227,105528,3059,14,0
4438336,68840,103159,5670,24,1
4438400,71114,25150,2657,24,1
4438529,36280,47742,2751,13,4
4438823,35953,69224,4237,16,0
4438886,53963,29813,7320,18,2
4438917,65777,66578,6579,21,2
4439335,56929,72141,9663,0,0
4439429,41008,148873,1388,15,0
4439810,31226,89399,6924,23,3
4440166,64915,187112,2149,24,1
4440224,58747,124500,9525,14,0
4440385,34348,158131,5677,21,2
4440454,60667,88580,8581,17,1
4440512,53036,105176,5177,19,3
4441026,27731,191898,4418,19,3
4441089,71755,189767,9768,14,0
4441152,35054,36529,6530,24,1
4441220,30139,45963,8468,21,2
4441350,23926,67142,7143,24,1
4441350,23926,181464,6501,24,1
4441505,56002,34369,1879,13,4
4441510,59248,180494,5531,23,3
4442245,35062,34748,2258,0,0
4442435,56806,86435,1452,20,4
4442466,58279,189055,9056,22,3
4442662,67618,184043,6562,19,3
4442725,72343,115804,3338,12,2
4442819,34132,21707,9214,24,1
4442821,27197,36065,6066,23,3
4443078,60692,72104,2105,16,0
4443202,41057,105841,3372,20,4
4443367,1198,136224,6225,18,2
4443461,63673,104,2605,15,0
4443521,72559,94311,9330,0,0
4443718,65521,83726,8743,18,2
4443718,65521,133628,3629,18,2
4443718,65521,145703,5704,18,2
4443811,57640,151776,4292,21,2
4443812,23326,105946,8457,16,0
4443876,35143,109060,4081,12,2
4444099,73387,10389,5392,0,0
4444135,71185,139897,4924,15,0
4444198,35854,61616,9135,17,1
4444225,71660,27110,7111,12,2
4444455,45817,110230,7764,17,1
4444516,27208,116979,2002,22,3
4444709,55702,129597,2110,13,4
4444771,68581,70875,3383,13,4
4444771,68581,89385,9386,13,4
4444802,70888,41486,6495,24,1
4444802,70888,112079,9613,24,1
4444838,55195,153976,3977,24,1
4444864,20666,118510,8511,22,3
4444866,34310,184167,4168,16,0
4445188,41387,63387,8400,18,2
4445189,34514,116870,1893,14,0
4445190,22891,170913,5948,0,0
4445313,68021,176032,6033,13,4
4445479,48434,129153,4178,22,3
4445632,65771,181925,1926,22,3
4445665,35060,61277,6290,21,2
4445797,68722,4650,7151,17,1
4445893,28202,187977,7978,14,0
4445921,49220,42429,2430,13,4
4445921,49220,95229,5230,13,4
4446017,45286,47471,9976,0,0
4446054,55612,13871,1375,18,2
4446148,38359,150326,5357,13,4
4446337,33343,48110,3119,1,1
4446341,51229,190319,5358,23,3
4446374,49220,67592,7593,13,4
4446434,42097,33025,8032,16,0
4446593,19516,121247,6272,19,3
4446950,43297,158767,1283,21,2
4447301,35651,184074,9111,18,2
4447520,73415,181570,9125,21,2
4447527,73865,89872,7397,21,2
4447654,38524,163548,8581,17,1
4447843,50470,22162,9669,24,1
4447843,50470,69021,4034,24,1
4447877,38288,179781,9782,16,0
4447936,63976,3687,3688,16,0
4448001,31829,29676,9677,17,1
4448099,62305,59579,4590,22,3
4448161,43642,116884,4418,19,3
4448198,20276,197681,5239,19,3
4448384,35504,30604,8114,13,4
4448448,47063,100166,5187,12,2
4448449,37466,118882,8883,16,0
4448739,68359,84007,6516,21,2
4448775,45287,196559,6560,17,1
4449061,34051,81877,4386,14,0
4449062,32096,134707,9734,23,3
4449286,30328,142481,2482,18,2
4449376,47788,4829,7330,17,1
4449510,46519,75939,3461,22,3
4449574,66547,168097,5646,0,0
4449765,61405,44278,4279,22,3
4450118,23786,146354,3897,0,0
4450304,26156,138416,5956,21,2
4450306,29332,76194,6195,0,0
4450306,29332,182563,2564,0,0
4450337,1549,100822,3333,24,1
4450468,61847,74622,7130,24,1
4450566,33094,188909,8910,21,2
4450947,60932,29601,9602,16,0
4451010,20416,67014,2027,13,4
4451078,67282,1357,1358,16,0
4451107,48904,138984,8985,19,3
4451460,22976,168412,8413,1,1
4451523,46616,193554,6074,23,3
4451620,41456,91372,6391,12,2
4451686,63256,180652,5689,23,3
4451719,34850,51605,9121,24,1
4451872,56936,123481,5994,14,0
4451873,72995,16374,3878,17,1
4451942,25774,73962,1484,16,0
4452005,55835,155721,3267,20,4
4452357,39475,194364,4365,18,2
4452390,66649,53330,8341,13,4
4452642,58714,103228,8249,21,2
4452998,70129,140066,2581,14,0
4453058,44035,173909,3910,17,1
4453095,20341,69737,9738,21,2
4453475,23366,171312,1313,12,2
4453541,31612,23597,8602,15,0
4453633,37000,195362,2920,22,3
4454023,58972,4832,9833,13,4
4454273,29695,111550,6573,21,2
4454275,37556,197199,4757,18,2
4454433,54670,65850,8357,16,0
4454502,25162,58005,3016,17,1
4454660,58912,82230,7247,17,1
4454881,54398,163785,6302,12,2
4454885,49136,193488,8527,20,4
4454982,36182,112774,7797,13,4
4455200,38515,98554,6082,23,3
4455270,31609,39638,2142,21,2
4455302,67897,71390,3898,22,3
4455526,62606,188637,3674,14,0
4455553,47560,178400,3435,13,4
4455587,60155,180941,3460,18,2
4455590,51205,39091,4098,15,0
4456101,52417,9819,2320,1,1
4456161,65263,137372,7373,12,2
4456164,32741,146944,6945,15,0
4456198,40103,156286,6287,23,3
4456608,34658,4670,4671,21,2
4456608,34658,169697,2214,21,2
4456736,56551,199905,9906,24,1
4456737,23113,26891,6892,20,4
4456838,65078,95758,8268,19,3
4456964,46943,98808,6336,1,1
4457286,26794,183754,3755,24,1
4457379,71069,195581,3139,24,1
4457383,71644,76856,6857,17,1
4457506,71870,165847,8364,17,1
4457538,49462,171955,6990,15,0
4457824,20675,105334,2865,22,3
4457923,54319,103148,5659,16,0
4458053,62977,162392,7425,19,3
4458176,35050,94735,4736,12,2
4458178,36232,85051,2576,13,4
4458499,56501,114155,6667,20,4
4458624,41450,108147,5678,23,3
4458660,61286,66972,4491,23,3
4458757,54754,75261,5262,18,2
4458880,58054,114091,9114,21,2
4458951,66061,148406,8407,16,0
4459041,34519,143318,3319,17,1
4459076,74551,29638,9639,16,0
4459110,42550,194853,7373,12,2
4459204,60806,151557,1558,16,0
4459298,37354,199147,1667,22,3
4459393,27715,21504,1505,18,2
4459425,25564,23504,3505,24,1
4459425,25564,25013,7516,24,1
4459427,30241,194946,7466,22,3
4459648,31832,111602,1603,0,0
4459712,29921,175034,2586,19,3
4459713,66253,169631,9632,14,0
4459751,72056,173049,8084,13,4
4460096,44476,57473,7474,19,3
4460226,53729,147279,7280,12,2
4460359,36379,70606,3114,22,3
4460417,51392,169124,9125,21,2
4460613,55642,157996,3027,0,0
4460995,20680,181638,1639,15,0
4461059,47764,153077,5593,18,2
4461157,22805,4724,7225,0,0
4461319,31033,134736,9763,14,0
4461474,74746,17094,4598,23,3
4461508,62548,169959,4992,18,2
4461605,51200,88473,5998,20,4
4461921,38729,35261,2771,13,4
4461921,38729,197063,9583,13,4
4462275,45503,52153,9669,24,1
4462532,40790,73200,5708,16,0
4462663,58342,18824,6328,19,3
4462691,39859,45570,3083,18,2
4462791,72178,31526,1527,21,2
4462816,39295,23161,3162,0,0
4462855,54587,104626,7137,19,3
4462945,60229,175289,2841,23,3
4463040,45295,126764,1789,20,4
4463047,1747,131145,8685,15,0
4463237,26900,92945,7964,0,0
4463237,26900,119988,9989,0,0
4463489,43489,65645,5646,0,0
4463554,41380,39643,7153,1,1
4463555,57472,124511,2048,0,0
4463555,57472,187226,4781,0,0
4463622,27217,166267,8784,0,0
4463623,74782,17273,4777,1,1
4463623,74782,194265,1823,1,1
4463718,22783,48602,3611,12,2
4463746,45979,88899,3916,1,1
4463779,52309,187837,2874,23,3
4463909,46156,188067,5622,21,2
4463937,30826,7654,2655,21,2
4463942,41156,155142,2688,15,0
4464005,19991,92483,11,18,2
4464036,27004,92771,2772,15,0
4464099,38323,66971,9478,23,3
4464230,67240,64293,4294,24,1
4464551,23785,47279,2288,23,3
4464579,70294,26987,4494,0,0
4464613,69926,78211,3226,15,0
4464708,72991,49427,1932,15,0
4464771,59408,6949,4450,12,2
4464772,63737,46330,3843,0,0
4464805,69443,178655,8656,18,2
4464903,35422,3799,6300,0,0
4464963,51992,8067,5568,20,4
4464964,63850,110149,5172,15,0
4465573,67426,32740,2741,12,2
4465857,45784,29068,9069,17,1
4465925,1829,127047,2072,0,0
4465956,32132,196591,4149,0,0
4465957,37394,61438,1439,20,4
4466055,19907,12712,5214,1,1
4466080,69127,29442,4447,0,0
4466240,34324,37969,2976,21,2
4466374,65573,109927,9928,14,0
4466375,19978,10399,2901,19,3
4466400,62168,15764,5765,18,2
4466562,63325,180912,3431,22,3
4466689,45874,179036,9037,19,3
4466853,48521,111129,3641,23,3
4467200,74246,41726,4231,13,4
4467237,51508,191342,6381,20,4
4467333,26093,74986,2508,12,2
4467396,29788,142355,7384,24,1
4467618,23194,192788,5308,21,2
4467744,30229,34726,4727,16,0
4468035,59917,39703,2207,17,1
4468036,48053,134212,6726,23,3
4468162,64162,146843,4386,14,0
4468288,66916,168380,5929,14,0
4468326,33613,150498,8044,12,2
4468515,68593,43124,3125,13,4
4468544,34879,33178,8185,16,0
4468547,42788,10263,5266,15,0
4468548,25666,76793,9301,17,1
4468640,30173,192752,2753,13,4
4468672,23476,29132,4137,15,0
4468675,61459,59844,9845,1,1
4468706,33937,134039,9066,1,1
4468838,51982,116446,6447,24,1
4468866,39814,49808,4817,24,1
4468903,63772,87939,5464,14,0
4469122,52951,92710,5220,16,0
4469122,52951,160427,7976,16,0
4469156,46072,172976,5494,22,3
4469282,26767,116569,1592,0,0
4469287,19564,123733,8758,24,1
4469287,19564,168733,3766,24,1
4469317,53098,52848,7859,16,0
4469441,45335,2244,9745,16,0
4469507,24052,11345,8849,23,3
4469540,71069,99708,7236,24,1
4469607,45995,84722,7231,23,3
4469958,60997,63828,6335,23,3
4469959,52139,162187,2188,17,1
4470023,73945,37882,5392,0,0
4470183,45332,62231,9750,21,2
4470183,45332,96785,6786,21,2
4470209,61750,137962,5502,17,1
4470243,39898,193018,5538,1,1
4470465,42016,8356,5857,24,1
4470596,44078,115941,8453,1,1
4470752,71128,194870,2428,13,4
4471139,1811,78103,5625,14,0
4471429,39400,154922,9953,12,2
4471559,1373,43747,6252,13,4
4471783,26281,19999,5002,17,1
4471840,19343,19965,2467,16,0
4472102,28648,5292,7793,17,1
4472199,22972,180473,5510,24,1
4472231,41767,155097,7613,24,1
4472289,62204,80990,3499,16,0
4472417,56869,199341,6899,14,0
4472452,35504,127170,4707,13,4
4472483,62566,108143,3164,15,0
4472678,60256,125855,5856,15,0
4473447,52462,7404,2405,21,2
4473632,28555,46660,9165,24,1
4473952,72781,32088,9598,21,2
4474145,52373,71815,6830,22,3
4474311,32737,196463,6464,14,0
4474631,1283,76994,9502,0,0
4474723,22070,187409,9928,14,0
4474854,64600,48876,8877,17,1
4474944,56809,193001,5521,1,1
4474949,1453,134379,9406,0,0
4475072,21980,79932,4947,22,3
4475232,33797,178627,8628,21,2
4475269,30388,189888,9889,15,0
4475396,20113,146230,6231,0,0
4475488,67573,79396,4411,23,3
4475490,22055,117301,4835,23,3
4475584,29929,82176,2177,0,0
4475713,20854,37628,7629,24,1
4475719,40210,49799,7312,20,4
4475938,34987,76991,6992,18,2
4476004,66796,198600,3639,19,3
4476164,52000,116625,9137,20,4
4476293,45230,42676,5181,14,0
4476582,18763,98627,3646,20,4
4476834,70325,126245,8758,24,1
4476836,38233,97375,4903,19,3
4476903,54253,71560,9082,14,0
4477024,56497,75501,8009,24,1
4477062,39359,24044,6547,20,4
4477249,34804,72333,4841,1,1
4477444,46708,82603,2604,15,0
4477634,43282,146273,8788,16,0
4477924,51277,196802,6803,17,1
4477988,33145,103991,1522,24,1
4478016,54523,152358,4874,16,0
4478117,68537,92792,7811,1,1
4478117,68537,144728,7243,1,1
4478149,23191,60988,6001,22,3
4478212,43661,121250,3763,18,2
4478242,21859,139955,2469,13,4
4478436,66313,140559,8102,0,0
4478467,61210,118672,6206,13,4
4478595,65107,98994,8995,23,3
4478624,40354,67529,2542,22,3
4478631,51655,15968,5969,19,3
4478790,43690,156929,4475,19,3
4478854,60457,162143,4660,13,4
4478884,58129,77420,9928,14,0
4479235,34729,3127,8128,14,0
4479237,66421,65268,2787,24,1
4479392,74785,178634,8635,24,1
4479396,67345,107647,7648,18,2
4479521,49064,106182,3713,12,2
4479652,56371,142351,2352,22,3
4479746,40984,5846,3347,23,3
4479814,24826,86121,3646,20,4
4479874,73672,186533,9052,0,0
4479877,33674,152639,2640,12,2
4479905,64046,146441,8956,22,3
4480193,61105,90163,2673,16,0
4480197,23992,69809,4822,17,1
4480231,43670,50392,7908,21,2
4480354,26101,46499,9004,18,2
4480518,74995,192493,7532,20,4
4480707,25574,82391,2392,22,3
4480708,71467,186896,6897,17,1
4480771,20176,173660,8695,20,4
4480771,20176,181396,8951,20,4
4480865,62090,5657,8158,24,1
4480903,36239,10224,5227,12,2
4481123,68969,129905,4930,0,0
4481127,46450,68365,3378,24,1
4481187,70466,32715,5219,12,2
4481248,67133,29408,1911,17,1
4481254,69704,38789,8790,23,3
4481286,67220,50739,8255,12,2
4481351,46148,22510,2511,17,1
4481536,30650,197353,7354,14,0
4481604,37336,145332,7847,20,4
4481891,48331,69206,9207,22,3
4481953,19000,174451,6969,18,2
4482209,51109,32541,2542,22,3
4482245,39055,137660,2687,18,2
4482432,37673,88622,8623,19,3
4482563,28349,46533,4046,18,2
4482854,69838,126370,8883,16,0
4483106,27358,109812,2323,20,4
4483138,44908,148407,8408,19,3
4483238,62251,156217,6218,16,0
4483395,41503,56945,9451,17,1
4483425,31376,166523,6524,19,3
4483459,35401,141477,1478,17,1
4483492,52777,83066,8083,16,0
4483712,37244,64364,1883,19,3
4483911,47671,17072,7073,12,2
4484070,70184,31822,1823,1,1
4484098,43541,147706,7707,24,1
4484101,37078,123004,3005,1,1
4484102,62044,141202,6231,0,0
4484161,70165,98177,5705,0,0
4484167,24901,45101,2614,18,2
4484388,58549,62647,5154,17,1
4484613,72170,45460,5461,19,3
4484802,38359,132162,2163,13,4
4484833,24971,52419,4925,20,4
4484901,49801,167088,9605,22,3
4485284,55616,30710,3214,24,1
4485445,25196,108051,5582,22,3
4485478,34373,167024,9541,19,3
4485664,55486,174208,1760,22,3
4485700,29843,159277,6823,13,4
4485925,58559,187139,4694,16,0
4485926,49177,147687,7688,23,3
4486049,29875,186798,9317,18,2
4486273,38770,57447,2458,0,0
4486530,28057,182180,4699,19,3
4486755,62191,140663,3178,15,0
4486851,19084,165152,7669,23,3
4486983,67235,9781,9782,16,0
4487207,60346,188751,1270,1,1
4487777,24577,169864,9865,21,2
4487841,73978,135221,5222,16,0
4487907,53179,27791,7792,15,0
4487907,53179,91627,4137,15,0
4488103,62212,90188,5207,22,3
4488135,73277,65169,5170,17,1
4488198,28850,170265,7817,14,0
4488387,36758,189806,4843,17,1
4488420,59684,5959,5960,1,1
4488448,51034,12599,7602,20,4
4488997,72733,62777,2778,14,0
4489190,54331,125898,3435,13,4
4489219,39187,110880,3392,18,2
4489312,59648,130876,3390,19,3
4489473,54518,14963,4964,0,0
4489474,72832,94602,2130,13,4
4489793,65263,37675,2682,12,2
4489954,25093,38052,5562,22,3
4489959,70799,39161,9162,15,0
4490115,35710,150311,5342,1,1
4490177,58678,4963,9964,1,1
4490208,51136,161699,6732,22,3
4490465,61144,51669,6680,15,0
4490599,26086,31649,1650,18,2
4490658,44636,1722,4223,19,3
4490693,28225,160111,7660,12,2
4490752,59618,86479,4004,1,1
4490884,52363,89935,9936,16,0
4490884,52363,96401,1420,16,0
4491009,32056,74172,6680,15,0
4491015,29026,184213,6732,22,3
4491204,57184,61265,3772,16,0
4491204,57184,173307,8342,16,0
4491460,30079,27469,4976,22,3
4491524,24988,199209,6767,20,4
4491814,28330,19287,9288,21,2
4491814,28330,61936,9455,21,2
4491877,43324,4213,4214,1,1
4491877,43324,140185,5214,1,1
4492100,37043,124722,9747,19,3
4492103,30961,197047,2086,23,3
4492608,45814,155226,7742,23,3
4492645,64447,58310,8311,1,1
4492645,64447,137362,9876,1,1
4492774,26390,110680,3192,15,0
4492837,50074,109695,4716,22,3
4492903,72421,5687,5688,19,3
4493094,54556,94022,4023,21,2
4493094,54556,155161,7677,21,2
4493284,51395,96449,1468,23,3
4493381,70564,75433,5434,19,3
4493923,21709,193874,8913,20,4
4494087,71353,6780,1781,14,0
4494240,41000,154150,6666,22,3
4494464,63925,119163,6697,15,0
4494471,44344,52078,4584,1,1
4494563,69122,137083,2110,13,4
4494631,35695,7839,7840,14,0
4494784,25175,30313,7823,22,3
4494912,33217,5962,5963,1,1
4494917,37315,145010,2553,16,0
4494948,58561,69019,1526,22,3
4495397,35369,31129,8639,17,1
4495621,27340,45831,8336,23,3
4495652,49910,144239,1782,14,0
4495719,26467,156616,1647,1,1
4495746,37958,185736,8255,12,2
4495905,72304,193763,6283,20,4
4495936,23809,86829,4354,14,0
4495968,24466,169261,4294,24,1
4496098,43366,115106,2640,12,2
4496258,27661,39018,4025,16,0
4496323,58874,188338,3375,17,1
4497060,74792,5826,5827,22,3
4497091,26392,40035,5044,14,0
4497189,22588,66903,1916,20,4
4497216,38059,31513,6520,21,2
4497280,40894,159742,9743,13,4
4497316,71944,29605,9606,12,2
4497380,40909,86905,1922,16,0
4497574,30199,96461,6462,23,3
4497760,41522,10294,7798,19,3
4497830,46567,177688,2723,23,3
4497892,24233,141590,4105,13,4
4497989,57017,131203,8743,18,2
4498083,51830,114398,1932,15,0
4498149,56272,170217,2735,16,0
4498311,30880,49475,1980,17,1
4498501,20362,103023,3024,19,3
4498531,38242,159329,9330,0,0
4498630,33511,166693,4242,18,2
4498887,19912,38857,8858,16,0
4499111,44983,140862,8405,14,0
4499201,34288,190903,5942,22,3
4499232,42707,95829,8339,21,2
4499264,45088,59078,6594,1,1
4499269,42373,161649,1650,18,2
4499463,44005,9203,1704,18,2
4499586,70279,64569,4570,18,2
4499620,61069,161166,6199,15,0
4499623,21605,96852,1871,13,4
4499623,21605,189876,7431,13,4
4500132,45973,55300,2816,16,0
4500134,27475,140034,7577,13,4
4500199,54788,62762,2763,13,4
4500199,54788,137025,4565,13,4
4500354,34607,78266,3281,13,4
4500449,49001,147348,4891,12,2
4500550,33601,39128,6638,0,0
4500612,58945,34557,4558,18,2
4500676,31681,87438,4963,14,0
4500676,31681,161612,9161,14,0
4500679,56861,43678,8687,0,0
4500771,53671,145759,5760,22,3
4501030,59608,11993,4495,18,2
4501444,21571,148169,5712,24,1
4501862,69701,24801,4802,12,2
4501926,73759,145346,5347,20,4
4502116,1730,114645,4646,1,1
4502405,28084,82147,2148,24,1
4502786,43001,191124,6163,12,2
4502981,73561,22528,7533,18,2
4502981,73561,79938,9939,18,2
4503141,69718,105065,2596,20,4
4503142,70628,75263,2785,14,0
4503142,70628,91503,4013,14,0
4503394,49582,28958,1461,12,2
4503427,32864,171684,9236,13,4
4503846,39250,189038,6593,1,1
4504000,35393,43494,3495,1,1
4504065,59683,2314,4815,17,1
4504231,37723,110450,7984,14,0
4504486,49624,38982,8983,19,3
4504515,30829,108132,5663,16,0
4504517,56989,173758,1310,24,1
4504580,23203,158127,5673,16,0
4504674,71638,83029,5538,1,1
4504772,60610,191639,1640,13,4
4504801,29047,107148,4679,16,0
4504900,48889,64549,2068,18,2
4505121,73834,92172,4682,19,3
4505126,31457,17887,5391,18,2
4505251,42481,181986,1987,12,2
4505478,73886,45238,7743,15,0
4505508,49963,88984,4001,13,4
4505509,27961,121011,8548,0,0
4505670,52381,109765,9766,12,2
4505824,19057,184325,4326,22,3
4506150,74114,156697,4243,15,0
4506212,72257,60465,7984,14,0
4506372,33016,10983,8487,13,4
4506817,52268,3835,1336,20,4
4506820,21589,124621,4622,12,2
4506950,29540,73542,6050,18,2
4507078,62780,65083,7590,24,1
4507171,55489,91808,1809,20,4
4507202,36748,72204,9726,17,1
4507239,69628,107386,7387,20,4
4507396,67333,51540,9056,22,3
4507494,42704,52332,7343,23,3
4507525,70843,86797,4322,21,2
4507584,70457,5316,5317,21,2
4507650,71942,199792,7350,14,0
4507652,42385,199230,6788,1,1
4507685,56176,92283,4793,20,4
4507842,64907,132370,2371,23,3
4507878,39529,120509,5534,19,3
4508035,44683,82,2583,13,4
4508293,32116,149554,4583,13,4
4508356,21971,133185,5699,13,4
4508389,57214,42194,7203,22,3
4508515,55660,32145,9655,18,2
4508611,65719,184517,2072,0,0
4508800,71596,118412,8413,1,1
4509025,64760,190085,2605,15,0
4509158,54406,189704,2223,17,1
4509216,29582,100449,5470,19,3
4509283,70279,61842,1843,18,2
4509347,73487,52307,2308,17,1
4509411,32872,97598,5126,1,1
4509440,71066,148654,8655,14,0
4509703,33232,150225,2741,12,2
4509954,54829,198219,8220,13,4
4509985,71917,85342,7851,23,3
4510054,45298,51164,3670,19,3
4510081,31183,199704,9705,22,3
4510112,65285,95524,8034,22,3
4510179,64204,107297,4828,14,0
4510341,73796,173199,5717,18,2
4510432,30790,39606,9607,16,0
4510436,49043,198633,6191,14,0
4510658,51739,181540,9095,23,3
4510694,31178,4695,9696,15,0
4510724,25783,67086,2099,0,0
4510759,38122,156708,9224,20,4
4511235,61288,91544,6563,16,0
4511270,23428,93430,3431,22,3
4511430,68906,151731,4247,0,0
4511559,54514,167384,7385,19,3
4511778,24509,84359,9376,24,1
4511969,49519,162539,5056,16,0
4512736,62204,162861,5378,16,0
4512868,39397,25543,3050,15,0
4513057,36937,54872,4873,20,4
4513060,48373,98277,5805,14,0
4513350,28489,27756,2761,18,2
4513537,68818,170119,5154,17,1
4513603,1366,9993,4994,20,4
4513699,29896,19566,2068,18,2
4513889,28247,74523,2045,14,0
4514119,25417,80441,5458,24,1
4514147,22385,92185,9713,12,2
4514371,27061,15732,3236,16,0
4514371,27061,51897,4403,16,0
4514471,39322,121779,6804,19,3
4514471,39322,176981,6982,19,3
4514592,52483,116832,6833,18,2
4514694,72941,7363,4864,24,1
4514753,54115,79189,6711,12,2
4514912,24767,135008,5009,19,3
4515008,30608,147946,5489,0,0
4515207,28492,27900,7901,13,4
4515238,43382,40844,8357,16,0
4515365,25289,147865,7866,19,3
4515395,37678,151670,1671,23,3
4515617,45859,50750,5761,15,0
4515617,45859,62463,9982,15,0
4515813,64243,106895,9406,0,0
4516194,55606,96654,4182,18,2
4516354,22796,183500,6019,22,3
4516354,22796,194731,7251,22,3
4516771,54556,92304,9832,21,2
4516864,64132,194623,4624,17,1
4517027,56491,189829,4866,23,3
4517088,52051,184120,6639,17,1
4517152,29785,173304,3305,21,2
4517569,20222,47662,2671,19,3
4517575,54313,189378,1897,24,1
4517604,61456,142207,7236,24,1
4517729,61061,125289,7802,22,3
4518145,61255,81552,9077,24,1
4518848,1532,13365,8368,1,1
4518848,1532,35538,8042,1,1
4518855,28330,31509,6516,21,2
4518918,20806,119819,9820,21,2
4519136,23398,32276,7283,18,2
4519329,49417,38918,1422,0,0
4519329,49417,76544,9052,0,0
4519712,37492,73382,3383,13,4
4519719,25429,180390,5427,18,2
4519809,20813,183419,5938,22,3
4519844,47663,52653,2654,17,1
4520166,49795,62877,5384,14,0
4520640,51731,114237,1771,1,1
4520930,69811,106304,1325,14,0
4521025,59842,13793,3794,23,3
4521184,32131,139724,7264,16,0
4521569,64087,11310,6313,12,2
4521697,33460,119509,2021,18,2
4521893,68018,194674,9713,12,2
4521894,24550,162064,7097,14,0
4521921,61891,49032,9033,17,1
4522017,24400,36657,9161,14,0
4522177,50348,178066,3101,20,4
4522182,73567,121889,4402,21,2
4522241,34171,64236,1755,21,2
4522245,62513,59460,4471,18,2
4522275,50327,45395,2908,17,1
4522307,27958,16209,3713,12,2
4522436,46012,39046,4053,1,1
4522436,46012,136964,1991,1,1
4522501,27796,184984,7503,22,3
4522533,65711,10232,5235,20,4
4522753,45190,55506,8012,18,2
4522754,52486,72707,2708,12,2
4522816,54284,198970,8971,17,1
4522821,64625,154197,4198,1,1
4522946,41260,20251,2754,15,0
4523107,39416,7560,5061,20,4
4523366,53930,111959,1960,20,4
4523429,51352,158650,8651,21,2
4523681,38893,64548,9561,20,4
4523813,30280,128793,3818,21,2
4524032,37865,65327,5328,1,1
4524070,73318,71921,1922,16,0
4524192,32975,126903,1928,18,2
4524514,52936,149579,4608,19,3
4524581,48268,132690,7717,14,0
4524772,70447,132625,5139,0,0
4524961,50776,53613,3614,23,3
4525123,22612,37502,7503,22,3
4525286,28100,181858,4377,22,3
4525602,22099,159111,9112,0,0
4525634,34088,166979,9496,17,1
4525634,34088,199507,9508,17,1
4525730,47521,25013,5014,1,1
4525986,53977,107385,4916,15,0
4525991,43273,141710,6739,22,3
4526021,34654,110638,3150,21,2
4526181,21892,136453,1480,23,3
4526466,69979,81152,3661,1,1
4526723,35939,159972,7518,0,0
4526881,57536,34141,1651,21,2
4526885,42721,199618,9619,21,2
4526947,22057,145113,5114,17,1
4526982,30806,1384,1385,13,4
4527296,1204,188472,6027,20,4
4527399,22001,6098,3599,16,0
4527460,20906,150161,2677,21,2
4527557,21682,116783,4317,19,3
4527717,71471,125129,2666,18,2
4527782,41036,45296,2809,17,1
4527879,62785,110469,2981,19,3
4528512,56098,97900,2919,17,1
4528646,40588,100843,5864,22,3
4528707,71002,154454,9485,19,3
4529063,41192,83467,5976,22,3
4529121,1811,126244,6245,14,0
4529344,61261,69099,4112,20,4
4529639,30668,86581,9090,19,3
4529702,67667,79670,2178,16,0
4529794,41242,17405,2408,15,0
4529827,42079,149381,4410,12,2
4529987,57001,37934,7935,0,0
4530049,57070,159828,7374,24,1
4530277,1792,35801,3311,1,1
4530403,60599,98626,3645,20,4
4530528,50162,76026,8534,21,2
4530594,42676,23043,3044,15,0
4530916,74303,22633,5136,17,1
4530949,63962,16780,4284,19,3
4531073,53963,57332,9838,18,2
4531075,51830,76875,6876,15,0
4531075,51830,91217,6236,15,0
4531075,51830,164428,6945,15,0
4531107,36523,114546,7058,16,0
4531107,36523,170733,5768,16,0
4531138,51935,84296,4297,22,3
4531461,1519,159116,1632,14,0
4531461,1519,179846,2364,14,0
4531589,64115,128326,5863,14,0
4531843,46532,172535,5053,15,0
4531874,39521,14707,2211,16,0
4531879,60244,140725,3240,24,1
4531942,33434,96370,3898,22,3
4531972,61120,149190,4219,19,3
4532001,73532,35795,8299,1,1
4532006,43114,153475,3476,13,4
4532518,51221,30841,3345,24,1
4532674,25210,189990,7545,17,1
4532704,53002,59543,2049,14,0
4532741,26872,99876,7404,17,1
4532866,69331,36011,6012,12,2
4533057,34861,31614,1615,20,4
4533159,60176,131431,8971,17,1
4533316,56908,33051,8058,23,3
4533479,32255,49132,1637,21,2
4533669,38035,115384,7896,20,4
4533985,29383,97062,7063,12,2
4534016,35843,178763,1281,23,3
4534049,21818,52400,2401,13,4
4534054,44507,127650,7651,23,3
4534273,35608,96530,4058,12,2
4534370,64283,153878,6394,20,4
4534689,72478,64579,4580,0,0
4534849,55066,16908,6909,20,4
4535014,70495,27605,7606,18,2
4535045,53053,125578,5579,21,2
4535429,53006,92231,7250,21,2
4535591,37562,181884,4403,16,0
4535619,53627,102166,4677,23,3
4535716,21250,102258,7279,15,0
4535751,31213,114744,9767,1,1
4535843,27740,121760,9297,14,0
4536197,47750,191575,9133,17,1
4536199,41491,61493,9012,19,3
4536199,41491,92661,5171,19,3
4536256,38000,174538,9573,14,0
4536451,30829,92840,7859,16,0
4536513,48542,52440,4946,13,4
4536674,30727,97930,7931,1,1
4537059,74956,13026,5528,12,2
4537504,74824,166149,6150,16,0
4537604,34801,52180,7191,19,3
4537728,21100,82110,2111,1,1
4537728,21100,188752,3789,1,1
4537733,21181,136782,9296,21,2
4537798,41258,89040,1549,0,0
4537955,46469,16881,4385,1,1
4538084,67507,140257,7800,12,2
4538086,33928,184973,10,24,1
4538114,63895,178892,8893,19,3
4538247,32383,44569,2082,16,0
4538407,21895,184495,7014,19,3
4538464,25678,21102,3605,22,3
4538501,23486,16162,6163,12,2
4538503,74150,14059,6561,20,4
4538629,59410,78757,3772,16,0
4538659,40333,97313,7314,16,0
4538754,20380,10694,5697,20,4
4538880,24937,72007,2008,17,1
4538978,28162,138982,4009,20,4
4538982,38500,160758,5791,19,3
4539011,23422,7209,9710,12,2
4539011,23422,99236,9237,12,2
4539106,25514,145469,7984,14,0
4539142,48097,189143,6698,14,0
4539204,49276,121167,3680,12,2
4539302,43126,12377,4879,15,0
4539330,27289,15866,5867,0,0
4539427,57112,11194,6197,1,1
4539617,43210,37723,5233,12,2
4539623,34340,61964,1965,1,1
4539841,25894,11451,1452,20,4
4540039,27323,43280,5785,14,0
4540262,73144,66462,8969,18,2
4540453,34213,67296,2309,16,0
4540455,51251,159695,2211,16,0
4540480,61843,1190,3691,19,3
4540548,65555,175412,7930,18,2
4540708,63487,108164,8165,17,1
4540932,66227,40310,7823,22,3
4541184,43556,143877,1420,16,0
4541255,53192,186870,9389,22,3
4541282,33764,61471,3978,15,0
4541572,20576,129386,1899,14,0
4541699,34480,121992,7017,14,0
4541798,67525,87266,9775,18,2
4541828,33220,4818,9819,24,1
4542017,19864,39064,1568,12,2
4542662,24895,104409,6920,23,3
4542820,19051,23091,8096,22,3
4542947,64198,132004,7031,1,1
4542978,46435,117334,7335,16,0
4543044,66046,33280,8287,17,1
4543044,66046,73046,5554,17,1
4543111,1663,76280,8788,16,0
4543396,63389,68718,3731,23,3
4543585,66160,131374,1375,18,2
4543684,41450,27624,7625,23,3
4543778,33971,183569,3570,1,1
4543874,29062,120824,3337,15,0
4543973,65975,59346,4357,0,0
4544001,35923,70155,5170,17,1
4544096,58276,93913,8932,22,3
4544228,34961,59410,1916,20,4
4544325,56665,154621,4622,12,2
4544677,35963,197149,4707,13,4
4544832,32822,86964,4489,20,4
4544961,56065,118293,3316,0,0
4545089,72961,167152,9669,24,1
4545093,62476,77742,7743,15,0
4545156,37219,65611,8118,22,3
4545157,23474,136620,4160,13,4
4545253,25417,117301,9813,24,1
4545284,53603,67671,7672,15,0
4545314,48028,25967,5968,15,0
4545349,23434,771,3272,12,2
4545409,61360,119601,2113,17,1
4545665,69805,187111,2148,24,1
4545671,23374,1924,1925,20,4
4545792,43324,68035,8036,1,1
4546086,36815,141695,4210,1,1
4546337,67390,61220,8739,20,4
4546660,36560,103275,5786,14,0
4546722,44723,48023,8024,13,4
4546725,56959,136658,4198,1,1
4546754,55132,24731,9736,1,1
4546950,24418,176609,1644,19,3
4547013,66424,165764,8281,16,0
4547014,69407,143632,8661,22,3
4547489,67663,54277,9288,21,2
4547684,31190,117839,7840,14,0
4547780,41929,102962,2963,13,4
4547878,1186,117899,2922,23,3
4547907,46852,25671,5672,17,1
4547971,25129,39084,6594,1,1
4548066,59621,176490,6491,15,0
4548166,51877,81866,4375,21,2
4548194,53185,152015,9561,20,4
4548228,59443,134408,1948,24,1
4548455,30218,89906,2415,14,0
4548544,57922,185752,3307,13,4
4548613,24383,188169,8170,19,3
4548641,51835,123762,1299,14,0
4548672,20018,105355,7866,19,3
4548742,37021,168174,3207,24,1
4549028,41479,144308,1851,15,0
4549058,45131,21181,3684,23,3
4549282,34928,147186,9701,15,0
4549285,73514,74118,1640,13,4
4549668,47258,17466,2469,13,4
4549668,47258,187561,2598,13,4
4549698,55580,199335,4374,22,3
4549702,74026,187843,2880,1,1
4549924,28366,39185,1689,0,0
4550081,37145,14088,6590,1,1
4550341,19552,198898,1418,0,0
4550564,47828,165621,5622,21,2
4550785,53215,126609,4146,15,0
4550854,24790,84644,9661,22,3
4550883,1784,124778,4779,15,0
4550949,72478,83161,3162,0,0
4551301,69941,7777,5278,19,3
4551334,38548,149471,9472,15,0
4551360,57281,186832,1869,21,2
4551395,48977,81088,6105,18,2
4551427,69088,112695,7718,16,0
4551494,20149,50511,8027,24,1
4551586,48404,97870,5398,17,1
4551649,31033,155417,7933,14,0
4551685,45394,24877,9882,15,0
4551843,52334,165483,3032,16,0
4552228,22069,171882,9434,18,2
4552384,32608,171708,1709,15,0
4552480,43786,153425,5941,17,1
4552578,65158,18135,5639,14,0
4552739,55291,71250,6265,1,1
4552770,49297,44797,7302,18,2
4552770,49297,132723,7750,18,2
4552900,56309,149595,4624,17,1
4553095,33385,139385,9386,13,4
4553220,56278,142090,9633,21,2
4553415,74852,60096,2603,17,1
4553731,52598,141743,9286,18,2
4554017,67873,91520,9048,18,2
4554080,36172,149405,9406,0,0
4554311,34960,61618,6631,14,0
4554401,60245,174824,7342,22,3
4554532,22429,164777,9810,1,1
4554662,72070,177114,7115,22,3
4554689,42299,130955,5982,23,3
4554752,50492,71619,6634,18,2
4554790,72418,154806,4807,15,0
4554887,67270,144469,6984,24,1
4554887,67270,197557,5115,24,1
4555298,25156,8201,8202,13,4
4555398,57332,96532,6533,22,3
4555461,64384,37856,7857,14,0
4555525,42604,146504,4047,0,0
4555525,42604,149983,5012,0,0
4555554,26551,103897,8918,19,3
4555584,33607,151183,6214,23,3
4555586,58945,177280,2315,18,2
4556391,57386,51365,6376,23,3
4556643,59012,59246,4257,12,2
4556708,63866,99315,4334,13,4
4556708,63866,132716,5230,13,4
4556899,31892,16852,9354,16,0
4556901,33325,154479,6995,23,3
4557025,73606,46289,8794,12,2
4557221,41987,67445,9952,22,3
4557766,47449,59226,4237,16,0
4557955,27649,144177,1720,0,0
4558085,65638,71029,8551,20,4
4558085,65638,105847,5848,20,4
4558148,29135,47042,2051,13,4
4558148,29135,144926,2469,13,4
4558308,52453,60837,5850,24,1
4558433,23339,150234,2750,16,0
4558497,61808,128667,3692,15,0
4558592,24226,152832,5348,12,2
4558656,40979,14146,9149,21,2
4558657,72952,86297,8806,18,2
4559073,28198,23299,5802,16,0
4559073,28198,154402,4403,16,0
4559139,25531,5370,5371,22,3
4559334,32546,19045,1547,0,0
4559334,32546,104072,1603,0,0
4559428,55849,1924,6925,20,4
4559456,74731,38591,6101,1,1
4559491,58061,123579,3580,24,1
4559527,74350,157159,4705,23,3
4559586,44389,66390,8897,1,1
4559872,35062,91584,9112,0,0
4559875,52144,112480,4992,18,2
4559968,67885,163865,6382,15,0
4559971,52897,184731,9768,14,0
4560647,51205,67052,9559,15,0
4560647,51205,152761,7792,15,0
4560740,64966,112289,2290,18,2
4560965,27203,17065,2068,18,2
4560995,36274,123894,3895,24,1
4561027,70330,23314,3315,13,4
4561254,28165,154308,4309,1,1
4561345,51229,34837,4838,23,3
4561511,57577,36556,6557,12,2
4561511,57577,174489,7007,12,2
4561795,24715,37725,7726,13,4
4561798,31796,184388,6907,0,0
4561927,43142,133010,3011,21,2
4561957,26855,188257,5812,13,4
4562021,39841,69673,4686,24,1
4562115,43298,83997,1522,24,1
4562146,50599,56824,6825,20,4
4562405,64546,20386,5391,18,2
4562564,73324,180030,7585,24,1
4562946,42232,153210,3211,24,1
4563206,67156,184005,6524,19,3
4563333,68713,27331,2336,22,3
4563392,59266,68900,8901,24,1
4563398,57559,31548,1549,0,0
4563619,29846,153844,6360,15,0
4564195,55382,108372,5903,12,2
4564419,51697,67121,9628,19,3
4564482,60970,138801,6341,18,2
4564640,28516,227,7728,1,1
4564644,27908,39652,4659,19,3
4564870,51509,149714,7257,23,3
4564994,21764,7886,7887,19,3
4564994,21764,137013,7014,19,3
4565030,45476,163685,3686,14,0
4565157,20623,8352,3353,16,0
4565217,23384,189393,1912,15,0
4565253,32000,53974,8985,19,3
4565283,30722,194290,1848,16,0
4565536,23596,114046,6558,17,1
4565671,64120,196465,4023,21,2
4565859,50614,157006,2037,12,2
4565863,70357,27237,2242,12,2
4566146,55282,17203,9705,22,3
4566560,43366,57233,9739,12,2
4566627,57112,174725,7243,1,1
4566916,28684,184085,6604,18,2
4566945,74051,63713,6220,24,1
4567168,40643,159579,2095,20,4
4567463,29965,196721,9241,22,3
4567522,48379,188833,8834,19,3
4567524,36574,87760,5285,13,4
4567622,68224,103537,3538,23,3
4567715,73087,68980,1487,18,2
4567840,25213,148458,6001,22,3
4568165,50296,190035,2555,22,3
4568199,20221,49511,9512,14,0
4568576,57692,91717,9245,15,0
4568612,43186,93725,8744,22,3
4568612,43186,186211,6212,22,3
4568806,41068,129391,6928,13,4
4568838,25684,22777,7782,0,0
4568898,31303,101961,4472,20,4
4568966,52243,61437,8956,22,3
4569254,65686,61380,8899,16,0
4569313,67708,25246,5247,23,3
4569313,67708,98067,8068,23,3
4569415,66568,99939,2449,13,4
4569541,55510,18368,8369,24,1
4569571,30328,11780,9284,18,2
4569571,30328,171739,6774,18,2
4569894,23558,110437,5460,12,2
4570020,71056,66238,6239,23,3
4570023,29131,9045,4046,18,2
4570149,21853,36248,6249,18,2
4570177,26719,67257,9764,17,1
4570307,54779,136319,1346,12,2
4570343,45160,164965,7482,14,0
4570432,45775,42455,7464,0,0
4570790,68663,12231,4733,18,2
4570919,70400,194187,6707,13,4
4570980,53663,166280,6281,20,4
4571393,37492,93057,8076,13,4
4571425,68648,178838,6390,13,4
4571460,20575,65149,2668,21,2
4571491,27943,27060,4567,13,4
4571491,27943,129247,6784,13,4
4571556,22774,116855,1878,0,0
4571745,56278,76229,8737,21,2
4571971,58570,141915,9458,12,2
4572032,33913,24784,2291,1,1
4572193,46637,23147,3148,13,4
4572229,73378,114246,6758,24,1
4572418,29269,51628,6639,17,1
4572679,71659,167010,7011,16,0
4572864,29662,80676,5693,1,1
4572960,68491,143955,1498,20,4
4573155,60370,22828,2829,20,4
4573314,64385,96793,4321,20,4
4573318,36710,12210,7213,21,2
4573478,54815,111986,7009,14,0
4573573,60212,116697,9209,23,3
4573607,33706,19227,1729,18,2
4573607,33706,79885,2393,18,2
4573670,73240,130976,6003,23,3
4573735,43517,177569,2604,15,0
4573763,19597,66685,6686,16,0
4573829,44312,53658,3659,14,0
4573958,74722,39187,6697,15,0
4573986,30410,18362,8363,12,2
4574147,70555,132235,4749,22,3
4574305,74725,107217,7218,22,3
4574624,23029,191891,6930,13,4
4574755,69379,182150,4669,14,0
4574819,39211,61939,9458,12,2
4574823,55319,136363,8877,17,1
4574976,40861,38,7539,18,2
4575008,30797,109942,7473,23,3
4575076,71218,33060,5564,1,1
4575105,41590,174328,1880,22,3
4575623,41215,54552,7058,16,0
4575815,53977,149420,9421,15,0
4575907,25727,27376,2381,15,0
4575941,34825,107572,7573,16,0
4576033,71890,197171,7172,16,0
4576070,56912,192571,2572,22,3
4576230,25993,67589,7590,24,1
4576352,74864,151899,1900,23,3
4576387,52328,106328,3859,1,1
4576423,64447,74080,6588,1,1
4576516,43601,156786,4332,17,1
4576518,27124,13055,8058,23,3
4576770,65107,161858,9407,23,3
4576807,73996,139413,9414,0,0
4577057,68354,39382,4389,16,0
4577057,68354,75532,5533,16,0
4577222,59468,25503,5504,16,0
4577223,24775,113357,3358,0,0
4577351,56726,34375,9382,18,2
4577472,37183,107740,2761,18,2
4577509,64102,60,2561,22,3
4577892,54988,148923,6466,14,0
4578213,68894,186884,9403,21,2
4578372,62611,48791,6304,0,0
4578562,40948,86669,4194,13,4
4578691,26494,117275,7276,21,2
4578720,36575,6831,6832,24,1
4578755,63097,47823,7824,1,1
4578884,27916,119281,6815,19,3
4578917,54331,22520,5023,13,4
4579011,68350,10504,3006,1,1
4579329,60013,188475,8476,0,0
4579360,32732,29379,1882,21,2
4579366,59419,55334,2850,23,3
4579684,73967,111768,4280,12,2
4579911,48727,877,3378,24,1
4580451,55868,160238,2755,23,3
4580481,22762,166218,1251,20,4
4580705,69599,164793,7310,23,3
4580934,30659,151511,9057,12,2
4581025,19483,87904,2921,0,0
4581191,29282,95826,5827,22,3
4581793,34643,179996,7548,23,3
4582144,54740,190325,7883,16,0
4582246,48766,197668,2707,20,4
4582304,21016,74962,9977,18,2
4582372,36506,34970,7474,19,3
4582496,60952,91400,6419,14,0
4582598,19810,4804,4805,24,1
4582625,30034,113859,8882,20,4
4583040,71119,123949,3950,17,1
4583172,1663,109761,4782,16,0
4583172,1663,188857,8858,16,0
4583366,66626,34899,4900,17,1
4583396,56323,75713,8221,17,1
4583618,62641,36358,8862,24,1
4583713,60737,107447,2468,22,3
4583936,31174,174786,4787,24,1
4584226,63691,177526,5078,0,0
4584352,63560,38187,8188,15,0
4584420,37780,38736,3743,1,1
4584484,63691,42992,8001,0,0
4584514,74363,173420,8455,18,2
4584581,28246,25435,2942,13,4
4584898,37342,94188,9207,22,3
4584960,60832,61140,8659,15,0
4584960,60832,69546,7065,15,0
4584963,44989,7708,7709,0,0
4585125,45379,118643,3666,21,2
4585186,45508,20670,3173,15,0
4585447,65426,72784,7799,22,3
4585447,65426,80230,7755,22,3
4585479,1855,125178,5179,13,4
4585607,44968,80510,5527,16,0
4585699,23423,174430,9465,23,3
4585824,20629,85414,7923,16,0
4585984,36880,79968,9969,12,2
4586022,28942,108946,3967,19,3
4586084,54250,138327,5867,0,0
4586180,56008,108047,8048,13,4
4586567,52399,106601,6602,1,1
4586723,57340,9772,2273,19,3
4586757,50335,9412,6913,0,0
4586790,74393,29009,9010,22,3
4586983,36946,185816,5817,1,1
4587105,67183,87796,7797,13,4
4587271,56560,24295,4296,15,0
4587298,38723,49642,4651,18,2
4587525,51988,88301,3318,17,1
4587970,74728,162529,5046,23,3
4588197,60776,46329,6330,22,3
4588261,72251,60515,5528,12,2
4588290,1504,57853,5369,0,0
4588324,26368,74590,2112,19,3
4588581,63632,169622,9623,1,1
4588704,70295,109068,6599,19,3
4588769,56282,62620,5127,23,3
4588866,71458,169968,9969,12,2
4588929,31255,87401,9910,17,1
4589094,31660,130461,8001,0,0
4589255,59429,148226,5769,12,2
4589345,25097,104537,9558,22,3
4589856,21125,21362,8869,22,3
4590017,55516,166728,4277,1,1
4590023,33319,178692,3727,20,4
4590053,34573,17999,5503,16,0
4590210,31451,76908,6909,20,4
4590402,35890,45028,7533,18,2
4590947,1484,5716,5717,18,2
4590948,28924,12612,2613,15,0
4591075,62305,185515,3070,22,3
4591104,35137,82074,2075,24,1
4591104,35137,158404,5950,24,1
4591302,41884,135659,5660,1,1
4591397,41137,195711,3269,22,3
4591428,37804,46652,6653,12,2
4591587,62293,129880,7417,20,4
4591589,35824,61287,3794,23,3
4591686,55868,75323,2845,23,3
4591751,35066,169823,7372,23,3
4591783,21094,115931,5932,17,1
4591911,41744,48644,6157,17,1
4591972,63020,46560,6561,20,4
4592002,34717,3609,3610,22,3
4592006,52975,134620,9647,20,4
4592037,70495,120202,2715,18,2
4592102,50506,59736,4747,24,1
4592162,67618,188445,8446,19,3
4592418,50971,171699,4217,16,0
4592582,69673,7031,9532,17,1
4592582,69673,83895,8912,17,1
4592677,73598,174203,1755,21,2
4592803,45413,132003,9543,20,4
4592837,57529,54031,1547,0,0
4592898,31505,193072,3073,24,1
4593062,30679,126809,1834,19,3
4593155,24868,53881,6387,15,0
4593252,57979,8416,3417,23,3
4593286,55321,123245,5758,18,2
4593347,56489,20728,8235,21,2
4593347,56489,23381,8386,21,2
4593668,32134,89263,1772,14,0
4593921,47563,126786,1811,1,1
4593926,74680,104768,9789,22,3
4594051,60449,176252,6253,20,4
4594340,39838,123123,3124,15,0
4594598,56294,69970,4983,12,2
4594821,65722,138036,5576,0,0
4595040,51379,181544,6581,15,0
4595206,51811,95187,2715,18,2
4595747,73568,172323,9875,1,1
4595846,67126,1468,8969,18,2
4596006,41362,13224,5726,23,3
4596100,43696,198129,8130,15,0
4596193,28417,106024,3555,21,2
4596354,59438,115590,8102,0,0
4596551,49591,153639,6155,18,2
4596611,58459,169426,1943,13,4
4596614,25706,103370,5881,14,0
4596641,58783,161272,6305,13,4
4596644,28300,33230,5734,0,0
4596803,35129,110179,7713,21,2
4596902,29002,127554,5091,1,1
4596965,74995,4166,6667,20,4
4597122,54871,109857,7388,1,1
4597249,23008,186862,9381,21,2
4597345,60757,4612,9613,24,1
4597476,68992,78404,5926,21,2
4597987,25732,125408,7921,16,0
4598087,69734,43708,6213,14,0
4598308,49393,120303,5328,1,1
4598598,36832,39128,6638,0,0
4598919,31255,69320,4333,17,1
4598981,45958,104438,1969,0,0
4598983,48250,16885,9387,18,2
4599170,61171,63979,1498,20,4
4599206,39386,131341,3855,12,2
4599270,27623,124184,1721,23,3
4599492,45691,2013,2014,13,4
4599495,62290,188993,1512,23,3
4599585,72814,36554,9058,0,0
4599750,69517,173337,3338,12,2
4599842,49033,88244,5769,12,2
4599910,52183,8500,8501,1,1
4600035,21754,128277,8278,13,4
4600167,56341,23791,8796,13,4
4600226,42802,106167,6168,17,1
4600704,41542,16785,6786,21,2
4600704,41542,99258,6786,21,2
4600771,74860,127089,9602,16,0
4600871,37213,167449,7450,19,3
4600901,70510,155083,5084,18,2
4601027,44480,159961,4992,18,2
4601191,46238,43297,3298,23,3
4601252,68338,179580,9581,0,0
4601472,72508,149471,7014,19,3
4601543,23554,130796,3310,23,3
4601670,38345,51362,3868,21,2
4601765,42544,146882,1911,17,1
4601793,58142,102433,9964,1,1
4601859,53011,12244,7247,17,1
4602049,24623,61891,6904,17,1
4602306,22657,47896,5409,22,3
4602466,44203,167379,9896,20,4
4602693,48055,140441,7984,14,0
4602754,50714,26818,1823,1,1
4602788,64048,160343,5376,20,4
4602789,39127,184596,9633,21,2
4602791,28829,182094,4613,23,3
4602978,67360,95781,3309,12,2
4603010,66772,103424,8445,15,0
4603105,44909,119342,4365,18,2
4603136,74923,60993,6006,19,3
4603170,63431,174841,2393,18,2
4603617,55363,119937,2449,13,4
4603782,32509,187416,4971,24,1
4603847,58879,23709,8714,22,3
4603942,1267,195950,3508,24,1
4604128,68084,101780,1781,14,0
4604128,68084,144494,7009,14,0
4604164,18889,70103,7625,23,3
4604164,18889,161859,9408,23,3
4604389,58901,181514,9069,17,1
4604768,31720,22320,9827,23,3
4604996,74044,159227,1743,1,1
4605024,72037,10303,7807,22,3
4605380,74138,142374,4889,21,2
4605731,45416,99907,4926,17,1
4605762,74860,125894,8407,16,0
4606019,27193,6510,4011,15,0
4606053,70568,66953,6954,23,3
4606118,33328,154990,2536,23,3
4606148,70852,9580,2081,12,2
4606272,32683,37878,5388,23,3
4606307,44354,136413,1440,16,0
4606371,55123,114646,9669,24,1
4606499,22825,156014,6015,18,2
4606500,40177,96264,1283,21,2
4606566,47780,150686,8232,17,1
4606596,59935,44073,6578,24,1
4606596,59935,78958,8959,24,1
4606721,26117,37255,9759,1,1
4606817,66937,31192,8702,20,4
4607073,68297,50106,2612,1,1
4607074,54172,49613,9614,17,1
4607428,36985,159054,6600,1,1
4607618,38773,11922,4424,12,2
4607810,36080,16702,4206,13,4
4607873,64100,79076,9077,24,1
4607875,70883,62007,7020,13,4
4608102,48493,107451,7452,13,4
4608103,55541,189582,2101,18,2
4608387,70645,156757,6758,24,1
4608517,28832,77644,2659,17,1
4608518,65512,141178,8721,15,0
4608704,68269,163266,8299,1,1
4608705,34790,94917,4918,16,0
4609061,33133,142074,4589,16,0
4609221,50191,24136,1643,15,0
4609381,74582,176378,6379,20,4
4609603,29806,109772,2283,16,0
4609700,27892,36224,8728,14,0
4609701,22292,186537,4092,22,3
4609985,42935,139990,2504,19,3
4610019,61003,159804,2320,1,1
4610178,58495,111224,6247,24,1
4610274,30337,168299,5848,20,4
4610342,69016,113957,1491,21,2
4610916,49265,3441,5942,22,3
4610977,1294,129748,9749,23,3
4611202,64852,49840,9841,1,1
4611232,33979,168177,3210,1,1
4611267,19916,165671,3220,20,4
4611300,64123,58630,3641,23,3
4611367,54314,27411,9914,1,1
4611395,31343,61045,3552,17,1
4611558,45931,103785,3786,0,0
4611589,23293,172689,5207,22,3
4611591,34810,26828,6829,19,3
4612003,49643,182063,4582,22,3
4612004,47321,135905,5906,20,4
4612965,72329,116331,3865,16,0
4612965,72329,140433,7976,16,0
4613095,59722,46309,8814,0,0
4613280,46090,837,3338,12,2
4613282,67393,104794,4795,19,3
4613349,74926,5629,3130,23,3
4613383,73892,174886,2438,16,0
4613893,67003,77770,5292,0,0
4614242,20729,22561,2562,18,2
4614336,55616,51561,9077,24,1
4614368,69766,12907,5409,22,3
4614469,39862,121862,6887,18,2
4614529,36421,99378,1888,19,3
4614595,1789,11137,6140,0,0
4614695,49669,181322,3841,1,1
4614722,60593,165398,7915,20,4
4614790,52400,49270,4279,22,3
4614853,59866,153798,6314,0,0
4615073,41443,194349,9388,24,1
4615137,60475,47147,4660,13,4
4615234,1699,177727,7728,1,1
4615300,42920,130640,5667,17,1
4615457,62983,91502,9030,22,3
4615713,44609,24626,9631,24,1
4616066,48412,120205,5230,13,4
4616355,46201,170693,8245,14,0
4616357,35437,49439,6952,17,1
4616645,61658,9730,7231,23,3
4616772,48538,177677,2712,15,0
4616993,59503,93726,6236,15,0
4616999,51451,41355,6364,14,0
4617093,41926,162381,9930,12,2
4617154,36197,131174,6201,14,0
4617283,70171,174350,1902,1,1
4617314,70279,172392,2393,18,2
4617318,37690,167012,7013,14,0
4617537,62095,197152,2191,14,0
4617603,29332,79039,1547,0,0
4617636,69982,127891,2916,22,3
4617734,43225,198858,8859,19,3
4617767,57248,102014,7035,1,1
4618177,52039,34175,9182,21,2
4618244,42751,50486,2992,23,3
4618375,25514,164673,9706,14,0
4618405,36343,9363,1864,18,2
4618436,69466,104514,9535,21,2
4618437,56926,115684,5685,20,4
4618754,74332,182551,5070,13,4
4618912,19336,169723,4756,1,1
4619140,27731,167345,7346,19,3
4619170,69460,103899,3900,24,1
4619238,24418,177384,7385,19,3
4619297,41356,169102,1619,23,3
4619424,29726,196966,9486,17,1
4619618,58040,10227,5230,13,4
4619716,26113,41898,6907,0,0
4619748,20117,187435,4990,18,2
4619777,60436,29178,6685,0,0
4619815,42611,74267,1789,20,4
4619910,66016,106043,8554,0,0
4620418,70807,194051,6571,18,2
4620455,71117,54903,4904,16,0
4620677,51775,123626,8651,21,2
4620865,49610,36533,9037,19,3
4620900,38275,9188,1689,0,0
4620900,38275,20524,3027,0,0
4621027,64111,107197,9708,12,2
4621157,69760,139505,7045,21,2
4621217,34666,103168,5679,14,0
4621412,71657,118568,6102,1,1
4621636,41524,19473,6977,19,3
4621857,49330,70606,3114,22,3
4621954,51208,140148,5177,19,3
4621985,51854,190015,5054,1,1
4622018,68110,26819,9322,22,3
4622080,72952,129107,4132,18,2
4622178,64448,25471,5472,21,2
4622305,18784,14522,4523,17,1
4622341,43858,56154,6155,18,2
4622624,36169,70187,7709,0,0
4623079,63578,91444,3954,23,3
4623138,39820,121578,9115,23,3
4623428,66959,116359,8871,0,0
4623459,48022,87705,5230,13,4
4623875,42379,101976,9507,1,1
4624167,60833,102367,9898,20,4
4624416,58157,27977,7978,14,0
4624482,73906,2647,5148,19,3
4624551,58018,14029,6531,14,0
4624551,58018,114930,4931,14,0
4624675,51877,44575,9584,21,2
4624736,67049,98285,5813,15,0
4624804,33502,103959,8980,23,3
4624962,21508,4371,4372,21,2
4625316,41479,67556,5075,15,0
4625442,51643,73479,3480,13,4
4625443,54280,107126,9637,12,2
4625794,21574,186858,1895,21,2
4625858,1448,175956,3508,24,1
4625858,1448,199220,9221,24,1
4625923,69847,74158,1680,24,1
4626054,20666,183693,6212,22,3
4626597,24409,55243,5244,20,4
4626663,66403,95280,2808,1,1
4626790,50131,166357,6358,15,0
4626887,72206,46916,9421,15,0
4627044,51751,169727,7276,21,2
4627077,65743,42988,5493,19,3
4627173,45508,143043,3044,15,0
4627332,45616,7153,7154,23,3
4627367,50935,15660,3164,15,0
4627521,23306,153517,6033,13,4
4627527,28520,158615,6161,14,0
4627811,22259,128586,3611,12,2
4628261,71992,156506,6507,22,3
4628390,26401,160456,8005,13,4
4628576,31444,50417,2923,15,0
4629153,39457,69606,7125,19,3
4629348,70115,192962,8001,0,0
4629505,70274,115691,3225,23,3
4629633,53314,167761,2794,14,0
4629794,39697,141887,1888,19,3
4629798,19957,178845,1363,0,0
4629860,55837,176369,8887,0,0
4629958,54355,189023,9024,13,4
4630087,43060,117299,2322,20,4
4630433,24325,144988,4989,22,3
4630529,46778,55739,3255,22,3
4630565,22033,110125,2637,17,1
4630599,44921,6102,6103,21,2
4630790,46483,76002,6003,23,3
4630885,42952,107373,9884,21,2
4630914,25223,48095,8096,22,3
4630914,25223,126090,8603,22,3
4630951,22960,69099,6618,1,1
4630981,21826,151097,3613,23,3
4631043,64702,94222,9241,22,3
4631047,73918,11161,8665,15,0
4631047,73918,39961,2465,15,0
4631270,56548,130928,3442,0,0
4631367,33410,121554,6579,21,2
4631617,22330,3367,5868,16,0
4631719,63985,73483,8498,22,3
4632195,69962,33291,3292,0,0
4632290,54335,61169,8688,15,0
4632324,23899,49680,9681,0,0
4632324,23899,166518,4067,0,0
4632481,65389,119108,9109,21,2
4632707,61357,69173,9174,13,4
4632737,47486,81939,9464,16,0
4632769,22918,72199,9721,20,4
4632804,60409,195261,2819,13,4
4633120,56648,78771,6293,18,2
4633191,67472,156062,8578,13,4
4633604,20243,127425,4962,12,2
4633635,48070,162472,4989,22,3
4633827,51263,39446,1950,17,1
4633827,51263,117097,4631,17,1
4633894,52504,176174,6175,21,2
4633959,61195,106619,1640,13,4
4634086,62132,95283,7793,17,1
4634086,62132,116458,8970,17,1
4634407,49357,79510,4525,18,2
4634565,32882,89372,4389,16,0
4634592,61189,121312,1313,12,2
4634754,73015,107054,9565,23,3
4634791,34726,75144,7652,23,3
4635009,45013,125465,7978,14,0
4635075,56039,28042,5549,0,0
4635269,57233,162014,2015,15,0
4635362,27226,10147,7651,23,3
4635362,27226,37323,9827,23,3
4635362,27226,124177,6690,23,3
4635650,29258,14385,4386,14,0
4635651,30484,105360,7871,19,3
4636069,66478,179153,6705,20,4
4636162,71602,154287,6803,17,1
4636198,36802,54723,4724,18,2
4636295,70856,99095,1605,13,4
4636611,28531,1683,6684,20,4
4636865,61328,172612,7647,19,3
4636932,60892,161797,1798,15,0
4636998,69182,91885,6904,17,1
4637124,35951,91554,6573,21,2
4637124,35951,103165,5676,21,2
4637152,45286,129291,1804,0,0
4637313,71246,91032,8560,14,0
4637319,39199,45612,8117,21,2
4637319,39199,185547,5548,21,2
4637633,49714,16719,6720,18,2
4637670,41614,30282,7792,15,0
4637699,54790,181158,3677,12,2
4637985,74591,195893,3451,16,0
4638276,25973,6709,4210,1,1
4638626,24790,186157,3712,22,3
4638660,21802,55936,3452,21,2
4638724,61066,87778,7779,19,3
4638786,38540,60993,3500,13,4
4638791,70375,140697,3212,20,4
4639073,27154,112595,7618,22,3
4639076,22859,178276,8277,18,2
4639104,21713,81462,8987,17,1
4639271,65345,45232,7737,17,1
4639335,30506,157985,5531,23,3
4639495,45245,130041,2555,22,3
4639523,69409,39527,2031,13,4
4639523,69409,122570,7595,13,4
4639523,69409,196276,1315,13,4
4639553,35422,196379,1418,0,0
4639584,27970,62130,2131,0,0
4639618,23105,165560,5561,12,2
4639649,25243,121380,6405,1,1
4640002,1504,195254,5255,0,0
4640037,43939,8063,8064,21,2
4640230,58639,172868,2869,20,4
4640291,71446,77159,2174,1,1
4640449,43033,188840,1359,13,4
4640453,33667,86174,6175,21,2
4640545,20108,155456,7972,21,2
4640771,26627,128114,5651,13,4
4641125,36466,1154,6155,18,2
4641219,31807,36331,3841,1,1
4641254,64450,69549,2056,20,4
4641344,45394,4420,9421,15,0
4641539,67807,81374,6391,12,2
4641728,60313,181609,9164,20,4
4641792,61643,16681,6682,20,4
4641792,61643,79524,4539,20,4
4641984,71659,7106,9607,16,0
4642336,62938,196412,1451,16,0
4642503,56695,94537,7047,17,1
4642661,40672,118397,5931,16,0
4643137,31048,88765,6290,21,2
4643173,37432,110444,5467,0,0
4643237,41134,187114,7115,22,3
4643328,19868,24847,7350,14,0
4643621,36412,167383,4932,15,0
4643652,23174,107693,5224,17,1
4643713,72601,12450,9954,21,2
4643745,63115,131669,1670,14,0
4643974,65491,94649,2177,0,0
4644034,34102,129223,4248,1,1
4644099,47899,134392,6906,1,1
4644644,68770,104927,4928,19,3
4644673,56420,53501,8512,16,0
4644833,57340,179893,4928,19,3
4644864,71168,120531,8068,23,3
4644865,19837,23861,3862,21,2
4644961,37412,112968,5480,24,1
4645095,39334,181607,9162,15,0
4645121,25391,41296,6305,13,4
4645121,25391,87598,7599,13,4
4645411,25924,11070,3572,13,4
4645505,58388,69354,9355,17,1
4645508,41974,61611,4118,23,3
4645568,43813,32312,4816,13,4
4645792,67484,43876,1389,24,1
4645824,42712,36296,1303,12,2
4645956,50509,199212,4251,16,0
4646086,74540,126595,1620,24,1
4646086,74540,166684,4233,24,1
4646151,64651,183484,6003,23,3
4646246,70648,170909,5944,1,1
4646304,43298,197075,4633,24,1
4646690,60583,95112,2640,12,2
4646756,33559,115356,5357,13,4
4646885,38041,63310,5817,1,1
4646887,32044,193544,6064,1,1
4646912,40618,96472,6473,22,3
4646949,73606,101516,4027,12,2
4646951,53719,19570,9571,17,1
4647040,73213,181442,8997,21,2
4647169,46897,92098,4608,19,3
4647235,29095,51188,8704,21,2
4647363,60835,2500,1,17,1
4647364,34669,177144,4696,14,0
4647366,19715,20449,5454,16,0
4647425,47501,134265,1805,19,3
4647559,49330,58407,3418,22,3
4647559,49330,162690,5207,22,3
4648294,42238,165567,8084,13,4
4648515,71720,196499,4057,17,1
4648583,31676,188199,3236,16,0
4648741,21485,31487,1488,23,3
4648839,45919,84073,6582,12,2
4648964,46693,187264,4819,16,0
4648994,59782,157553,5099,12,2
4649088,68975,118935,6469,23,3
4649125,36970,137257,4797,15,0
4649474,57754,150984,3500,13,4
4649479,67138,133571,6085,19,3
4649603,67522,47547,7548,23,3
4649889,49094,192064,2065,0,0
4650055,19543,101230,8761,22,3
4650119,59971,192881,5401,21,2
4650272,35743,52840,2841,23,3
4650274,27620,171847,6882,22,3
4650368,54695,82866,2867,17,1
4650401,49486,131497,6524,19,3
4650566,48652,119976,2488,23,3
4650567,19651,41944,1945,16,0
4650723,62050,15553,8055,20,4
4650950,28499,174660,9695,17,1
4650981,22711,145250,2793,18,2
4651202,64955,154567,4568,23,3
4651237,1544,172628,7663,23,3
4651430,59275,123585,3586,19,3
4651488,63028,118127,3150,21,2
4651590,51011,141553,1554,12,2
4651680,26695,172003,4521,24,1
4651749,57811,136725,9239,24,1
4651941,26623,6609,6610,24,1
4652129,53639,74903,9918,24,1
4652166,20926,92413,9941,18,2
4652227,23339,119851,4874,16,0
4652515,28268,687,5688,19,3
4652711,21898,170830,8382,16,0
4652738,18898,49660,9661,22,3
4652772,61735,83849,6358,15,0
4652807,22207,90517,3027,0,0
4653063,68236,150982,6013,20,4
4653089,48157,197420,7421,19,3
4653222,25858,45040,7545,17,1
4653281,41924,98299,8300,1,1
4653287,66097,90111,5130,0,0
4653383,71287,92637,7656,20,4
4653476,52451,160475,2992,23,3
4653603,34096,47056,7057,0,0
4653799,54076,123019,8044,12,2
4653988,57755,80170,5187,12,2
4654050,57494,138238,5778,21,2
4654177,35086,107372,2393,18,2
4654181,40120,116963,6964,1,1
4654209,51370,75927,8435,22,3
4654660,29761,88758,1267,17,1
4654852,19075,55212,2728,24,1
4655174,54658,136081,6082,23,3
4655174,54658,152095,4611,23,3
4655270,41749,43262,3263,14,0
4655335,59263,21042,6047,19,3
4655746,65272,61535,6548,21,2
4655746,65272,199926,7484,21,2
4655751,27970,194329,1887,0,0
4655813,56539,150465,2981,19,3
4655842,66602,22497,7502,18,2
4655843,73459,97743,2762,1,1
4655843,73459,156577,9093,1,1
4655846,63976,12431,4933,16,0
4655846,63976,46704,4217,16,0
4655904,55286,100331,5352,13,4
4656068,69712,44476,9485,19,3
4656101,48898,167814,2847,22,3
4656134,38872,112975,2976,21,2
4656134,38872,167455,7456,21,2
4656259,1643,164333,4334,13,4
4656321,67681,65389,7896,20,4
4656448,52861,188438,3475,21,2
4656455,61750,44523,9532,17,1
4656705,19466,164087,9120,12,2
4656833,54875,34243,1753,23,3
4657250,67807,98955,6483,12,2
4657380,50207,121364,6389,0,0
4657408,58216,91801,1802,13,4
4657698,55366,176616,4168,16,0
4657728,40654,114069,4070,19,3
4658144,33284,160502,5535,14,0
4658180,41837,79721,7243,1,1
4658183,63523,172196,7231,23,3
4658566,44758,13042,3043,16,0
4658594,73073,72151,4659,19,3
4658758,36562,69514,9515,12,2
4658785,58045,71210,8732,24,1
4658982,55018,86942,6943,16,0
4659395,31208,165201,7718,16,0
4659526,41869,60598,5611,24,1
4659717,52291,141017,6046,16,0
4659751,30829,99850,7378,16,0
4659751,30829,142613,5128,16,0
4659781,52363,134236,4237,16,0
4659874,35917,49216,4225,18,2
4660005,36719,154863,7379,12,2
4660163,25082,32111,4615,14,0
4660389,24470,150997,3513,22,3
4660391,63289,185575,5576,0,0
4660423,34240,12121,2122,1,1
4660516,39035,12174,9678,24,1
4660839,50461,79905,9906,24,1
4660932,69436,198010,5568,20,4
4661024,21790,47662,2671,19,3
4661026,25934,159840,2356,19,3
4661030,53791,106187,6188,23,3
4661092,45157,75048,2570,15,0
4661189,40246,7349,9850,20,4
4661606,44225,132666,2667,18,2
4661858,49265,75217,2739,22,3
4662117,44485,47216,9721,20,4
4662375,54677,11349,1350,13,4
4662531,20249,55598,3114,22,3
4662531,20249,116467,6468,22,3
4662534,44620,96598,6599,19,3
4662561,38017,15804,8306,21,2
4662567,48022,52419,2420,13,4
4662594,28633,150011,5042,20,4
4662596,66695,2731,7732,19,3
4663109,39359,23666,8671,20,4
4663490,38198,65747,5748,23,3
4663649,58333,172735,7770,18,2
4663813,58184,172800,5318,17,1
4663943,59258,41553,1554,12,2
4664065,23249,91984,4494,0,0
4664130,71264,75225,7733,1,1
4664228,21076,106668,4199,20,4
4664354,25702,141173,6202,13,4
4664390,58637,119923,2435,21,2
4664512,30880,72375,4883,17,1
4664644,64729,128029,8030,20,4
4664710,52639,193851,6371,23,3
4664775,18856,79574,4589,16,0
4665382,47449,61991,7004,16,0
4665472,39620,41596,1597,0,0
4665476,68512,21870,1871,13,4
4665699,70064,60854,5867,0,0
4665699,70064,128128,5665,0,0
4665799,43343,143316,3317,19,3
4665827,70184,126028,6029,1,1
4666053,56380,174912,4913,21,2
4666310,1441,39968,7478,23,3
4666465,73466,79947,2455,16,0
4666497,65951,63634,6141,13,4
4666756,39490,148254,3283,20,4
4666822,53482,117810,2833,15,0
4666823,53902,12175,4677,23,3
4666882,23674,111614,9148,1,1
4666882,23674,158539,3570,1,1
4666912,53275,110318,5341,1,1
4667334,57310,154724,9755,0,0
4667366,56555,132273,4787,24,1
4667458,21115,127140,9653,14,0
4667687,48952,122442,9979,0,0
4667745,27476,62526,7539,18,2
4667968,34489,148119,3148,13,4
4668001,38275,28992,3997,0,0
4668001,38275,131198,8738,0,0
4668007,25612,144053,9082,14,0
4668070,20272,152643,5159,19,3
4668071,44795,114026,4027,12,2
4668161,35969,117786,2809,17,1
4668295,64690,42214,4719,17,1
4668321,44692,24716,9721,20,4
4668321,44692,63373,3374,20,4
4668422,24817,120592,3105,19,3
4668611,64642,41570,4075,22,3
4668611,64642,168266,8267,22,3
4668643,59824,182429,2430,13,4
4668677,63724,123959,3960,23,3
4668805,23329,109759,2270,21,2
4668805,23329,124084,9109,21,2
4668901,27031,46581,6582,12,2
4669254,63037,50748,5759,1,1
4669280,69203,579,3080,22,3
4669280,69203,122402,2403,22,3
4669351,74327,198354,8355,24,1
4669507,48886,71008,6023,13,4
4669703,29086,130608,5635,16,0
4669925,63670,102308,4819,16,0
4670113,28027,76456,6457,18,2
4670208,74696,119229,4252,1,1
4670305,1799,77868,5390,20,4
4670339,55369,40173,7686,20,4
4670502,62351,44985,7490,23,3
4670503,32378,59285,9286,18,2
4670503,32378,151915,4431,18,2
4670626,62722,138805,3832,14,0
4670630,45721,140350,7893,22,3
4670694,44012,28680,6187,23,3
4670726,70220,164267,6784,13,4
4670916,64453,132448,4962,12,2
4671044,20455,163120,3121,19,3
4671079,40360,39910,7420,24,1
4671169,57001,46743,6744,0,0
4671169,57001,163900,6417,0,0
4671235,42152,74804,4805,24,1
4671492,74527,195505,3063,20,4
4671623,58355,24195,6698,14,0
4671810,74203,40954,5963,1,1
4671936,19429,37900,5410,23,3
4672483,72770,118477,8478,21,2
4672486,21358,157783,5329,14,0
4672577,67531,157691,2722,19,3
4672645,46586,103010,5521,1,1
4672768,66118,139882,4909,1,1
4672902,31711,191406,8964,21,2
4673060,25114,119340,1852,24,1
4673248,60314,14382,1886,12,2
4673286,62786,184684,9721,20,4
4673351,70330,26310,1315,13,4
4673636,43258,196244,1283,21,2
4673760,29479,131172,6199,15,0
4673927,45754,85602,5603,0,0
4674113,38011,72783,7798,19,3
4674339,50516,35524,5525,14,0
4674724,30592,194102,9141,20,4
4674755,39125,93086,8105,20,4
4674786,62002,19069,6573,21,2
4674788,50191,134372,1912,15,0
4674791,33868,40333,2838,17,1
4674791,33868,50907,3413,17,1
4674823,65542,139678,4705,23,3
4674915,42275,5548,8049,24,1
4675015,35290,196029,3587,23,3
4675072,70111,1724,6725,15,0
4675235,19162,139048,9049,23,3
4675301,40045,129307,9308,18,2
4675940,35476,77606,7607,0,0
4676003,26258,106780,1801,13,4
4676038,41050,179802,2320,1,1
4676133,34063,162353,7386,22,3
4676291,27361,124238,1775,12,2
4676355,68557,9100,1601,20,4
4676418,20722,83272,3273,23,3
4676451,49076,39161,1665,20,4
4676611,60553,191820,1821,21,2
4676645,30163,120654,8191,0,0
4676773,31063,91283,1284,16,0
4676897,27832,41530,6539,18,2
4677222,30202,105101,5102,24,1
4677378,40618,66100,8607,22,3
4677447,71483,149624,4653,15,0
4677541,73810,1787,6788,1,1
4678118,54232,114568,4569,18,2
4678209,50833,193280,5800,0,0
4678565,53084,56698,1709,15,0
4678753,32842,157977,7978,14,0
4678852,63424,140825,5854,18,2
4678884,22885,66949,9456,23,3
4678916,18994,126848,4385,1,1
4678945,68713,11871,1872,22,3
4678976,61709,197812,7813,24,1
4679011,28969,129576,7113,15,0
4679078,43126,35265,5266,15,0
4679236,55697,188871,1390,20,4
4679268,53681,184828,4829,20,4
4679431,66200,8553,8554,0,0
4679524,40960,146572,6573,21,2
4679558,45799,100217,2728,24,1
4679618,38540,67957,7958,13,4
4679618,38540,199375,4414,13,4
4679623,55102,33955,3956,17,1
4679940,56323,193414,3415,17,1
4680001,52967,167716,7717,14,0
4680608,35782,36639,1646,23,3
4680642,69416,156427,1458,24,1
4680705,73471,30407,7917,12,2
4680769,67396,15435,5436,20,4
4680769,67396,161101,3618,20,4
4680773,64885,24761,9766,12,2
4680773,64885,53308,3309,12,2
4680871,65323,3813,8814,0,0
4680871,65323,196373,3931,0,0
4680995,64048,96496,6497,20,4
4681156,47879,142289,2290,18,2
4681188,21076,84908,7417,20,4
4681188,21076,147206,9721,20,4
4681382,72124,47602,5115,24,1
4681510,53905,162445,9994,16,0
4681828,20764,122646,5159,19,3
4682144,71594,140211,5240,21,2
4682181,57460,122832,5345,16,0
4682275,61198,194069,9108,16,0
4682370,50909,7765,7766,24,1
4682370,50909,185364,5365,24,1
4682628,26758,107379,7380,1,1
4682882,50953,112724,5236,20,4
4682919,28289,190168,2688,15,0
4683107,26077,80746,8271,13,4
4683297,74809,18013,3016,17,1
4683525,37121,186789,1826,24,1
4683621,23392,170525,3043,16,0
4683717,43033,59187,9188,13,4
4683777,29231,89367,6892,20,4
4683777,29231,107416,7417,20,4
4684289,35311,102287,4798,1,1
4684289,35311,121376,6401,1,1
4684675,36365,103807,3808,13,4
4684800,21637,65179,5180,16,0
4684838,36712,129589,7126,1,1
4684903,65678,102767,2768,15,0
4685095,62737,181473,9028,14,0
4685378,58181,64918,7425,19,3
4685412,22936,96609,6610,24,1
4685507,54946,66682,1695,13,4
4685537,57590,182304,4823,0,0
4685574,32522,104196,6707,13,4
4685668,44689,52234,9750,21,2
4685988,24509,72871,2872,24,1
4686177,29459,91836,1837,24,1
4686240,69173,25343,2850,23,3
4686567,45787,39159,1663,13,4
4686657,66031,14334,4335,23,3
4686817,23398,193416,8455,18,2
4687585,71951,143409,5924,18,2
4687685,40022,9432,4433,24,1
4687904,62701,143512,6027,20,4
4688195,29924,101723,6744,0,0
4688293,55174,198455,6013,20,4
4688353,40840,152204,9750,21,2
4688385,37801,12336,4838,23,3
4688519,29089,133897,3898,22,3
4688646,26867,43941,3942,16,0
4688773,43186,71920,1921,22,3
4688803,71617,88905,6430,21,2
4688902,57832,36508,9012,19,3
4688963,63713,78597,8598,14,0
4689061,32660,86334,1351,21,2
4689189,21247,92388,7407,23,3
4689280,59444,19193,1695,13,4
4689319,32533,175209,2761,18,2
4689413,65786,84833,2358,22,3
4689440,34036,59097,1603,0,0
4689575,69434,125261,7774,16,0
4689892,53129,12192,2193,19,3
4689954,41531,102294,7315,22,3
4689958,58981,82993,8010,13,4
4690016,63226,42653,7662,20,4
4690052,45244,155756,8272,24,1
4690210,44017,36220,8724,16,0
4690210,44017,139463,9464,16,0
4690310,72041,27283,2288,23,3
4690310,72041,144378,9407,23,3
4690402,42850,55935,3451,16,0
4690403,27290,177143,2178,16,0
4690434,59924,129535,4560,19,3
4690755,35680,96775,1794,16,0
4691008,49306,40777,8290,21,2
4691008,49306,136884,9398,21,2
4691076,56674,43665,3666,21,2
4691586,60973,63658,3659,14,0
4691680,54826,29521,9522,18,2
4691815,64955,187968,5523,23,3
4691874,70957,76481,1496,0,0
4692038,74168,176245,8763,1,1
4692133,38879,76436,6437,23,3
4692225,68702,45918,3431,22,3
4692324,50215,49247,6760,18,2
4692481,51835,177135,9653,14,0
4692518,27460,130716,8256,12,2
4692518,27460,133649,6163,12,2
4693158,61426,173910,3911,14,0
4693634,31216,153179,8210,20,4
4693698,27781,148581,3610,22,3
4694112,30112,105114,2645,12,2
4694183,64387,91956,4466,1,1
4694244,69071,192403,7442,21,2
4694339,42389,104902,2433,22,3
4694466,57751,120802,3315,13,4
4694528,71210,162280,9829,24,1
4694818,31402,148886,8887,0,0
4695268,34261,61114,6127,1,1
4695332,44519,174699,7217,0,0
4695494,58052,126652,6653,12,2
4695520,36121,65205,7712,21,2
4695909,50147,162794,7827,12,2
4695937,18893,111360,1361,15,0
4696000,37019,178902,1420,16,0
4696422,24271,159980,7526,13,4
4696422,24271,178325,5877,13,4
4696480,65576,11961,9465,23,3
4696513,73831,126112,3649,24,1
4696517,60979,72186,4694,16,0
4696835,73268,192355,4875,14,0
4696837,34516,37399,7400,21,2
4696870,66925,176581,6582,12,2
4696998,52597,63705,6212,22,3
4697026,20158,45966,5967,21,2
4697089,65111,40867,3372,20,4
4697121,19120,10354,5357,13,4
4697122,41626,93298,5808,20,4
4697414,50218,129136,6673,13,4
4697479,61700,192242,9800,13,4
4697890,41557,131847,1848,16,0
4698016,69829,62312,9831,19,3
4698177,1388,80001,7526,13,4
4698180,57376,172448,2449,13,4
4698182,31597,79903,4918,16,0
4698208,32686,177891,2926,20,4
4698336,59698,45042,2555,22,3
4698340,61492,154673,7189,19,3
4698405,74737,148530,6073,15,0
4698436,35333,49312,9313,24,1
4698533,51646,6295,8796,13,4
4698754,35809,136334,3874,17,1
4699009,20842,115570,8082,0,0
4699333,57956,128372,3397,19,3
4699367,63448,142267,4782,16,0
4699431,36991,122067,2068,18,2
4699520,65230,151113,3629,18,2
4699524,53590,9727,7228,20,4
4699911,63128,173948,8983,19,3
4699942,59899,45470,7975,24,1
4699972,51355,80034,7559,21,2
4700359,60880,117917,5451,23,3
4700481,73711,69734,9735,15,0
4700578,56992,179196,4231,13,4
4700581,62851,152432,2433,22,3
4700608,57631,103626,6137,24,1
4700804,73918,187671,7672,15,0
4700805,22661,69637,7156,0,0
4700867,74650,14602,7104,17,1
4700903,33545,67334,9841,1,1
4700993,62197,134295,9322,22,3
4701056,41068,15176,2680,13,4
4701184,58439,99474,1984,24,1
4701220,64573,29897,4902,0,0
4701345,34543,105788,5789,21,2
4701345,34543,166125,8642,21,2
4701603,70807,49229,9230,18,2
4701765,64556,59247,4258,23,3
4701765,64556,148446,8447,23,3
4701798,49924,8748,8749,12,2
4702082,50983,145720,5721,20,4
4702304,46942,63300,8313,19,3
4702406,38636,35441,5442,0,0
4702464,49828,186955,4510,12,2
4702596,57139,134009,1549,0,0
4702790,39877,18614,8615,16,0
4702885,37654,50309,7825,24,1
4702982,35788,179650,2168,12,2
4703010,19708,36988,6989,16,0
4703237,45223,134955,9982,15,0
4703332,62296,69862,7381,20,4
4703332,62296,131129,8669,20,4
4703332,62296,162228,7261,20,4
4703397,35950,197053,9573,14,0
4703491,24304,13134,8137,14,0
4703585,59110,92399,7418,0,0
4703588,31432,138524,6064,1,1
4703652,30650,24675,4676,14,0
4703907,48208,3165,8166,19,3
4704294,26029,41846,4351,0,0
4704454,74756,56856,9362,14,0
4704645,64480,176022,8540,16,0
4704996,73732,160286,5319,20,4
4705024,74582,102683,5194,20,4
4705024,74582,170650,3168,20,4
4705120,29264,122148,2149,24,1
4705220,66034,100696,5717,18,2
4705285,55066,155539,8055,20,4
4705319,30289,165105,2654,17,1
4705349,61909,119321,9322,22,3
4705601,41716,34080,4081,12,2
4705666,66757,12557,7560,19,3
4705696,30827,38904,1408,16,0
4706016,67663,109558,2069,21,2
4706017,45673,23249,5752,24,1
4706176,65218,21538,9045,18,2
4706403,72911,148070,8071,14,0
4706631,38206,78164,3179,22,3
4706848,34916,122925,7950,20,4
4706946,44044,18545,3548,20,4
4707138,22756,59337,4348,15,0
4707138,22756,132880,2881,15,0
4707399,1745,157470,7471,22,3
4707463,44975,30744,5751,22,3
4707717,54539,33366,8373,13,4
4707744,55898,187251,2288,23,3
4707782,49756,163569,6086,24,1
4707847,53776,74047,9062,14,0
4707874,74801,144979,7494,20,4
4707968,51043,196550,6551,0,0
4708068,69079,34869,4870,16,0
4708068,69079,37184,7185,16,0
4708097,60502,136540,4080,1,1
4708128,54785,87283,4808,14,0
4708386,28483,28490,8491,15,0
4708480,1259,128090,5627,20,4
4708512,60880,141104,3619,23,3
4708804,64952,184142,6661,12,2
4708806,20563,167041,4590,22,3
4708865,71458,163878,6395,12,2
4708998,53407,100397,7928,0,0
4709157,47809,76833,4355,16,0
4709377,65644,160954,5987,1,1
4709473,55994,44288,9297,14,0
4709473,55994,131516,4030,14,0
4709636,38570,33374,3375,17,1
4709636,38570,108929,3950,17,1
4709729,32305,102812,7833,16,0
4710146,33043,31370,8880,16,0
4710240,30682,18925,8926,24,1
4710240,30682,125834,3371,24,1
4710339,29878,38962,1466,18,2
4710402,48568,8074,3075,20,4
4710470,59668,134186,4187,0,0
4710471,65126,144161,9190,20,4
4710694,32174,153528,3529,0,0
4710853,29155,29430,1933,22,3
4711142,55756,56555,6556,17,1
4711175,56077,76168,6169,14,0
4711270,25696,74350,1872,22,3
4711297,44008,169177,6726,23,3
4711425,53558,47449,2458,0,0
4711552,59978,112695,2696,21,2
4711558,71428,12583,2584,19,3
4711558,71428,74375,4376,19,3
4711687,71591,126198,6199,15,0
4711873,44222,137,5138,17,1
4712069,48865,225,5226,23,3
4712327,44281,86345,1362,0,0
4712517,53014,72639,7654,18,2
4712645,21560,141502,6531,14,0
4712770,46889,168912,1429,21,2
4712833,45358,128834,6371,23,3
4712928,61064,52716,2717,20,4
4712928,61064,103100,3101,20,4
4713089,62347,56759,9265,0,0
4713280,42637,36923,1930,21,2
4713447,49135,161429,1430,12,2
4713569,53578,110400,2912,12,2
4713826,32974,58267,5783,1,1
4713856,56083,55528,3044,15,0
4714151,73438,86014,3539,0,0
4714406,70127,102833,2834,12,2
4714471,35554,8912,1413,24,1
4714563,57907,79207,9208,1,1
4714663,43874,91829,9357,19,3
4714725,29633,129862,2375,18,2
4715650,32672,111437,8971,17,1
4715650,32672,135689,3229,17,1
4715685,29084,79352,1860,18,2
4715751,53516,120417,5442,0,0
4715841,31690,149622,4651,18,2
4716100,68081,153952,3953,18,2
4716134,42668,188917,3954,23,3
4716226,74968,186111,8630,1,1
4716451,73252,96668,9178,23,3
4716454,73588,29598,2101,18,2
4716802,69331,8271,3272,12,2
4717408,63370,66915,1928,18,2
4717568,55618,109630,2141,13,4
4717639,46951,125046,5047,19,3
4717666,34892,78440,8441,18,2
4717669,46700,56009,8515,19,3
4717702,67600,6659,4160,13,4
4717767,38359,176463,4015,13,4
4717857,23824,19896,7400,21,2
4717927,67033,182505,5024,19,3
4717986,25078,180350,2869,20,4
4718691,74918,164367,6884,24,1
4718912,1795,9103,4104,21,2
4718912,1795,137887,2914,21,2
4718976,21247,110208,7742,23,3
4719207,34666,21160,3663,14,0
4719235,46339,168009,8010,13,4
4719459,30674,34553,7057,0,0
4719459,30674,117870,5404,0,0
4719526,29695,46114,8619,21,2
4719846,55955,199843,7401,18,2
4719974,22279,111033,8567,19,3
4720070,49627,176120,8638,21,2
4720225,44528,10432,7936,13,4
4720228,42916,198831,8832,0,0
4720449,44689,184706,2261,21,2
4720770,20372,5399,7900,12,2
4720770,20372,54080,4081,12,2
4720964,72632,65706,3225,23,3
4721125,34885,149191,4220,21,2
4721159,22588,118093,8094,20,4
4721472,19145,41761,6770,17,1
4721606,54092,37050,4560,19,3
4721762,29260,26916,6917,13,4
4721895,71986,139944,7484,21,2
4722181,27367,82581,7598,1,1
4722181,27367,179119,6671,1,1
4722307,42013,69505,4518,17,1
4722368,53398,64929,9942,12,2
4722467,45826,142835,7864,17,1
4722725,1426,187249,2286,15,0
4722981,23386,166506,4055,12,2
4723204,31528,28564,6071,18,2
4723234,34508,197403,2442,19,3
4723264,30613,147721,2750,16,0
4723332,67246,168631,6180,14,0
4723332,67246,176898,6899,14,0
4723333,73249,147409,7410,15,0
4723429,61474,176270,8788,16,0
4723618,73792,192619,5139,0,0
4723909,1366,137908,7909,20,4
4723937,22661,38660,6170,0,0
4724132,41855,153963,3964,16,0
4724166,56255,101677,4188,24,1
4724359,44779,41450,1451,16,0
4724386,24742,97299,9809,17,1
4724423,45808,45331,7836,16,0
4724423,45808,52957,5463,16,0
4724549,58798,122447,9984,13,4
4724673,41068,149241,6784,13,4
4724805,47236,31600,1601,20,4
4724807,20260,149528,4557,17,1
4724865,55495,50936,3442,0,0
4724865,55495,65441,5442,0,0
4724930,44747,163313,5830,0,0
4725057,72016,55624,8130,15,0
4725219,28856,14660,7162,21,2
4725445,51878,10541,3043,16,0
4725473,39112,22688,7693,1,1
4725479,62461,24246,1753,23,3
4725730,23374,22574,7579,20,4
4725760,45176,36416,6417,0,0
4726020,19864,129799,4824,12,2
4726148,65900,55131,5132,1,1
4726503,71419,80193,5210,0,0
4726884,29275,17149,9651,24,1
4726982,72040,75098,5099,12,2
4727072,28600,95879,8389,17,1
4727074,33388,144540,4541,24,1
4727173,36752,16092,8594,17,1
4727303,53324,11894,4396,17,1
4727488,59089,129841,2354,14,0
4727841,28766,183119,5638,1,1
4728294,28070,85827,3352,19,3
4728483,58730,120497,3010,1,1
4728514,32683,2716,5217,23,3
4728900,28111,767,8268,19,3
4729059,45221,161938,6971,12,2
4729123,52288,45909,5910,17,1
4729159,52474,191480,9038,19,3
4729411,32441,41192,6201,14,0
4729825,32941,182586,7623,0,0
4729827,53189,3887,8888,14,0
4730016,26533,12349,2350,21,2
4730055,53459,122856,5369,0,0
4730055,53459,145915,5916,0,0
4730145,28352,149860,9861,20,4
4730304,46246,138985,8986,23,3
4730723,72166,130947,8487,13,4
4731012,19684,111886,9420,19,3
4731015,63304,186060,3615,16,0
4731044,45596,56939,1950,17,1
4731143,48014,61848,4355,16,0
4731393,59402,152027,7058,16,0
4731430,26044,141775,6804,19,3
4731747,73606,158682,3713,12,2
4732002,39929,34840,4841,1,1
4732195,25372,170907,5942,22,3
4732229,43550,88357,3374,20,4
4732326,20981,93031,5541,18,2
4732453,70084,72528,7543,23,3
4732832,31195,199578,2098,18,2
4732899,67085,61585,4092,22,3
4733189,42952,68137,3150,21,2
4733190,61675,78968,8969,18,2
4733220,68770,94497,9516,19,3
4733506,46709,150969,6000,21,2
4733537,25718,131351,3865,16,0
4733731,71219,31165,6172,16,0
4734149,51850,132474,4988,14,0
4734309,1693,133230,5744,12,2
4734564,45961,114778,4779,15,0
4734694,29414,31553,4057,17,1
4734788,65693,148034,8035,22,3
4734849,32314,177068,9586,19,3
4734917,24394,13398,3399,16,0
4734918,23168,171960,1961,17,1
4735044,29155,18870,1372,22,3
4735073,57056,150262,2778,14,0
4735520,31253,40653,5662,20,4
4735527,35593,8949,6450,20,4
4735906,35086,63875,3876,18,2
4736071,51775,40734,5743,21,2
4736550,55967,81669,1670,14,0
4736550,55967,198687,6245,14,0
4736710,66890,181796,9351,19,3
4736838,32591,14853,4854,18,2
4736870,25280,73412,5920,20,4
4737152,54644,109232,1743,1,1
4737280,19402,183682,8719,12,2
4737350,30877,82870,5379,21,2
4737377,24964,184810,7329,22,3
4737509,23933,90993,6012,12,2
4737536,27671,42469,4974,15,0
4737605,27727,12198,2199,1,1
4737766,68773,6905,6906,1,1
4737888,54251,139520,7060,16,0
4737925,59984,120110,5135,22,3
4738086,68362,64810,9823,13,4
4738181,43432,178411,5963,1,1
4738208,48317,189744,9745,16,0
4738434,36055,113792,3793,24,1
4738497,42548,26938,1943,13,4
4738565,21274,21885,9392,21,2
4738689,40096,142286,9829,24,1
4738852,23029,105474,5475,13,4
4739076,69523,169644,4677,23,3
4739138,66661,183839,1394,23,3
4739331,47809,95504,3032,16,0
4739331,47809,176873,1908,16,0
4739431,43957,61834,6847,13,4
4739623,33005,39080,4087,12,2
4739872,45988,114592,4593,1,1
4739936,55517,185096,2651,18,2
4740291,68164,137696,2723,23,3
4740355,67364,167397,4946,13,4
4740487,34084,164353,1902,1,1
4740551,60436,178587,8588,0,0
4740646,53686,98302,5830,0,0
4740992,22792,185431,7950,20,4
4741250,51352,139625,9626,21,2
4741313,30502,78758,3773,21,2
4741319,32572,4484,1985,24,1
4741319,32572,88202,3219,24,1
4741443,27193,96004,6005,15,0
4741474,37934,153311,8342,16,0
4741474,37934,165344,5345,16,0
4741827,25015,124251,4252,1,1
4742017,46183,122662,5175,12,2
4742210,35300,130114,5141,13,4
4742278,45394,23696,6199,15,0
4742630,49613,4859,4860,17,1
4742820,19064,102846,2847,22,3
4742820,19064,106795,4326,22,3
4742820,19064,119987,5010,22,3
4742885,30547,174033,9068,0,0
4743015,27446,31260,1261,17,1
4743015,27446,115486,5487,17,1
4743047,69128,121867,6892,20,4
4743174,73399,155786,5787,23,3
4743302,44018,137839,5379,21,2
4743331,35524,38201,8202,13,4
4743398,55540,26881,6882,22,3
4743456,35107,150427,7973,19,3
4743525,28330,111286,8820,21,2
4743588,20107,57920,7921,16,0
4743745,21806,22358,4861,22,3
4744135,32005,95765,3293,0,0
4744259,19516,38983,8984,19,3
4744322,30187,67141,9648,20,4
4744514,43297,198376,8377,21,2
4744547,44062,86140,6141,13,4
4744577,35575,54099,6605,0,0
4744769,35278,79554,4569,18,2
4744769,35278,126934,4471,18,2
4744834,23900,74106,6614,15,0
4744864,29461,154079,4080,1,1
4744866,55967,98955,1465,14,0
4745123,71449,90705,8233,12,2
4745155,32332,136323,1350,13,4
4745223,48293,166767,6768,0,0
4745316,57137,117058,9570,1,1
4745378,37591,188965,1484,16,0
4745542,26938,103685,3686,14,0
4745542,26938,184926,9963,14,0
4746016,41461,140250,5279,17,1
4746019,24043,127417,2442,19,3
4746050,21721,122706,7731,22,3
4746052,22057,72518,5026,17,1
4746116,25219,148753,6296,23,3
4746146,26021,168004,8005,13,4
4746310,35189,13112,5614,19,3
4746371,45923,166146,8663,12,2
4746471,70211,162864,5381,14,0
4746534,56897,77372,7373,12,2
4746596,22033,49354,9355,17,1
4746720,24362,69708,7227,16,0
4746788,66613,8986,1487,18,2
4746822,30773,140730,3245,22,3
4746854,72298,50716,5727,0,0
4746881,45226,12310,4812,16,0
4747239,68573,138873,3900,24,1
4747265,50734,161657,4174,21,2
4747267,49642,126707,1732,18,2
4747267,49642,162067,2068,18,2
4747810,49228,110720,8254,12,2
4747910,73958,79303,1811,1,1
4747937,50791,68510,3523,18,2
4749024,31402,138893,1407,0,0
4749057,73318,186386,8905,16,0
4749222,20108,9728,7229,21,2
4749735,66260,131466,1467,17,1
4749796,32716,199383,9384,24,1
4749925,21826,6401,8902,23,3
4750017,40622,190896,8454,22,3
4750021,65239,44184,9193,17,1
4750176,57136,77135,7136,17,1
4750176,57136,89379,4396,17,1
4750214,56432,75724,8232,17,1
4750241,72790,129192,4217,16,0
4750306,19282,71544,6559,0,0
4750502,39145,173242,8277,18,2
4750592,54280,121498,9035,12,2
4750756,60334,45354,2867,17,1
4750818,19840,195670,3228,19,3
4750917,58714,171939,1940,21,2
4750949,56677,188145,5700,18,2
4750951,72031,180480,5517,22,3
4751142,63239,31127,3631,17,1
4751264,67801,81597,4106,12,2
4751264,67801,113700,8723,12,2
4751363,74716,142636,2637,17,1
4751456,46634,76375,6376,23,3
4751623,60748,182213,9768,14,0
4751776,61745,17228,2231,18,2
4751845,58649,49922,7435,1,1
4752098,60244,149840,7383,24,1
4752102,48658,54319,1835,0,0
4752197,26797,71862,9384,24,1
4752579,19739,168655,8656,18,2
4752646,71783,164599,4600,12,2
4752711,69682,36592,9096,16,0
4752834,49999,17773,5277,20,4
4752871,63221,22658,7663,23,3
4752897,51697,185687,5688,19,3
4752994,67570,7249,4750,16,0
4753351,30415,28814,3819,12,2
4753351,30415,124774,2311,12,2
4753668,55816,71907,6922,0,0
4753893,71126,144923,4924,15,0
4753921,37939,36016,6017,15,0
4753923,36217,96720,6721,0,0
4754150,48580,53843,3844,13,4
4754208,25237,116923,6924,23,3
4754212,43642,55372,5373,19,3
4754433,59095,193243,5763,19,3
4754468,71296,164461,2010,0,0
4754567,25490,32632,7639,15,0
4754594,63328,4949,7450,19,3
4754823,72433,39922,9923,23,3
4754852,42406,172945,7980,22,3
4755365,33694,1677,1678,16,0
4755365,33694,136325,3865,16,0
4755456,51781,96389,6390,13,4
4755527,34042,79193,6715,19,3
4755584,24679,56968,4484,22,3
4755649,37102,157380,4926,17,1
4755840,69043,139050,4077,18,2
4755938,25391,58844,1350,13,4
4755938,25391,161987,7020,13,4
4755938,25391,174412,6930,13,4
4755942,74347,57572,2583,13,4
4756096,59891,21462,3965,23,3
4756132,46225,22618,5121,14,0
4756288,32239,188367,3404,1,1
4756291,23198,193261,5781,18,2
4756932,73021,124912,4913,21,2
4757026,57010,187594,2631,18,2
4757152,25786,44221,6726,23,3
4757185,30877,161280,8829,21,2
4757283,23174,182413,9968,17,1
4757348,71894,153770,8801,1,1
4757511,51344,52878,7889,20,4
4757538,72674,61853,4360,21,2
4757570,27970,92884,5394,0,0
4757697,54436,113255,8278,13,4
4757766,40219,157073,4619,22,3
4757857,58637,99341,4360,21,2
4758113,41074,112864,5376,20,4
4758177,36817,83643,6152,13,4
4758177,36817,186858,9377,13,4
4758436,32914,115498,3032,16,0
4758501,73825,184640,9677,17,1
4758530,1186,170802,5837,23,3
4758692,68701,193457,3458,15,0
4758919,23809,19872,4875,14,0
4759044,51697,89568,4585,19,3
4759044,51697,189815,9816,19,3
4759205,60226,149823,2338,22,3
4759207,23093,161508,9057,12,2
4759331,22427,146703,1732,18,2
4759394,25526,175512,8030,20,4
4759489,45161,189799,2318,24,1
4759974,69013,94792,4793,20,4
4760160,67804,197036,4594,24,1
4760320,47503,155664,5665,0,0
4760448,69412,178150,5702,12,2
4760451,62174,140459,8002,0,0
4760453,59002,179057,9058,0,0
4760673,40786,7809,7810,20,4
4761091,27203,24569,4570,18,2
4761156,59633,58349,8350,1,1
4761287,55216,14383,9386,13,4
4761446,40123,151600,4116,17,1
4761859,19321,144608,4609,17,1
4761888,46270,184119,6638,0,0
4762342,34772,124958,7471,22,3
4762437,21272,53687,3688,16,0
4762849,57428,81907,1908,16,0
4762912,29233,75092,2614,18,2
4763044,55129,159957,4988,14,0
4763137,66122,109811,2322,20,4
4763142,36328,23161,8166,19,3
4763142,36328,34311,6815,19,3
4763428,70358,66381,6382,15,0
4763431,46595,131025,3539,0,0
4763431,46595,169988,9989,0,0
4763621,37421,171365,3883,16,0
4764129,42727,101548,6569,20,4
4764135,44549,124514,2051,13,4
4764196,26839,62881,5388,23,3
4764294,53624,92194,7213,21,2
4764454,21262,193318,8357,16,0
4764512,42859,127605,5142,24,1
4764743,46033,166696,6697,15,0
4765057,61489,78473,3488,22,3
4765121,32894,191437,1438,12,2
4765671,48289,77218,9726,17,1
4765952,50549,46608,4121,24,1
4766115,29488,173213,5731,24,1
4766337,19885,33332,3333,24,1
4766467,62308,49219,9220,21,2
4766596,73250,143478,3479,15,0
4766688,25453,95047,2575,21,2
4766789,74977,49342,4351,0,0
4766789,74977,86650,4175,0,0
4767232,43408,108629,6160,16,0
4767235,40780,148142,8143,12,2
4767328,65840,76861,1876,18,2
4767463,73004,15987,5988,13,4
4767719,34061,4500,7001,17,1
4767910,54986,167898,7899,15,0
4767940,41758,47254,7255,20,4
4768161,32848,132236,2237,14,0
4768295,34144,58573,8574,13,4
4768322,64789,107885,5416,13,4
4768323,39478,118819,8820,21,2
4768416,55460,9394,4395,21,2
4768454,35441,187627,5182,0,0
4768548,50266,192582,7621,21,2
4768742,34912,27487,4994,20,4
4768807,72679,44588,9597,0,0
4769155,41731,110333,5356,1,1
4769280,72880,135155,7669,23,3
4769349,26081,192401,9959,23,3
4769351,55585,64259,6766,12,2
4769447,64318,43976,6481,15,0
4769510,35323,139254,9255,21,2
4769638,72821,167525,5074,17,1
4769700,74698,135,5136,17,1
4769985,46504,12404,9908,12,2
4770209,57604,109086,6617,20,4
4770209,57604,118712,3735,20,4
4770209,57604,198282,8283,20,4
4770309,38812,133249,8276,19,3
4770437,70063,183674,3675,20,4
4770466,54755,14250,4251,16,0
4770560,36514,107961,2982,1,1
4770625,20926,130702,5729,18,2
4770854,41090,146192,8707,16,0
4771136,44515,165496,5497,16,0
4771232,43204,31925,4429,23,3
4771236,50833,188588,8589,0,0
4771270,61480,32543,5047,19,3
4771651,1243,194111,9150,14,0
4771747,33137,117906,2929,13,4
4771810,43387,141925,1926,22,3
4772065,59663,98615,3634,22,3
4772167,19777,8254,3255,22,3
4772229,31696,21696,4199,20,4
4772262,37673,58755,8756,19,3
4772423,32197,103655,6166,13,4
4772449,52133,98302,5830,0,0
4772707,67219,144352,1895,21,2
4773216,59003,106944,9455,21,2
4773249,59314,178581,6133,18,2
4773735,23581,133687,6201,14,0
4774016,47413,92028,4538,12,2
4774246,68137,193629,6149,19,3
4774375,53098,144142,1685,16,0
4774465,42305,48677,3686,14,0
4774502,49780,198057,5615,24,1
4774562,40057,178743,8744,22,3
4774945,53179,55159,5160,15,0
4775079,74419,96501,1520,19,3
4775266,36110,99981,2491,1,1
4775495,43322,153037,8068,23,3
4775682,57946,30962,5969,19,3
4775811,37013,148570,3599,16,0
4775908,46633,419,2920,22,3
4776099,49690,154557,2103,24,1
4776226,28457,199968,7526,13,4
4776227,66241,199150,6708,16,0
4776550,35683,106287,3818,21,2
4776580,38632,170663,5698,16,0
4776615,60502,81956,1957,1,1
4776709,43270,15176,5177,19,3
4777127,54311,124224,9249,22,3
4777216,26011,106909,6910,19,3
4777575,24512,98572,6100,16,0
4777920,19829,7443,7444,22,3
4778080,50227,162353,2354,14,0
4778082,25085,166153,6154,22,3
4778086,68995,80730,8255,12,2
4778309,46999,38642,6152,13,4
4778309,46999,192316,2317,13,4
4778336,48115,57327,2338,22,3
4778338,70120,51823,9339,23,3
4778464,64547,93038,3039,21,2
4778661,26861,150544,5575,21,2
4778818,73018,98364,3383,13,4
4778951,62170,80165,5182,0,0
4779175,60760,92202,2203,17,1
4779175,60760,169827,4860,17,1
4779202,35686,14329,6831,15,0
4779328,23725,42218,7227,16,0
4779328,23725,48780,8781,16,0
4779491,46757,120879,8416,0,0
4779493,46303,112864,7887,19,3
4779782,66505,139555,4582,22,3
4779815,19597,44505,9514,16,0
4779847,24511,55862,5863,14,0
4780129,58376,92067,2068,18,2
4780129,58376,118345,5879,18,2
4780358,40664,177756,7757,16,0
4780833,37387,59759,4770,0,0
4780871,48338,194190,1748,19,3
4780899,49189,121495,6520,21,2
4780903,20008,192938,5458,24,1
4781252,62287,113715,8738,0,0
4781344,41072,33684,3685,21,2
4781349,41548,151009,3525,18,2
4781412,33394,661,3162,0,0
4781415,67096,181226,3745,22,3
4781479,65918,52281,4787,24,1
4781479,65918,74232,4233,24,1
4781536,62641,2112,9613,24,1
4781536,62641,6342,1343,24,1
4781575,19013,9433,4434,1,1
4781575,19013,39639,2143,1,1
4781575,19013,160002,2519,1,1
4781701,19330,101191,3702,19,3
4781701,19330,149215,4244,19,3
4781889,54548,30174,5181,14,0
4782182,22013,157003,7004,16,0
4782660,23545,31956,1957,1,1
4782695,32539,152234,7265,12,2
4782725,19624,29442,1945,16,0
4782880,29584,54286,6792,22,3
4782880,29584,97789,7790,22,3
4782946,25519,33053,8060,16,0
4783362,33124,125060,7573,16,0
4783393,47104,75793,3315,13,4
4783590,50653,68915,8916,18,2
4783620,39566,79012,1520,19,3
4783777,34549,105432,5433,16,0
4784262,73957,158299,5845,15,0
4784390,54172,196872,1911,17,1
4784800,54319,170988,8540,16,0
4784836,27020,49166,1671,23,3
4784867,41456,66258,1271,12,2
4785088,69508,29091,9092,1,1
4785152,23032,34589,2099,0,0
4785222,39835,87188,9697,23,3
4785222,39835,119124,6658,23,3
4785222,39835,189488,7043,23,3
4785280,57248,66400,8907,1,1
4785351,38716,96338,1357,24,1
4785409,69874,23562,3563,18,2
4785793,59461,1552,6553,12,2
4785924,57745,64226,9239,24,1
4785989,28444,88892,1401,23,3
4786021,58406,178207,5759,1,1
4786050,70363,195242,7762,16,0
4786052,31213,14725,9728,1,1
4786053,41743,125859,5860,1,1
4786085,19285,127755,5292,0,0
4786244,36733,36415,1422,0,0
4786339,29390,122020,7045,21,2
4786375,69032,18980,3983,18,2
4786497,62069,117776,5310,16,0
4786595,62983,19351,9352,22,3
4786689,65947,118332,8333,20,4
4786887,61016,131842,6869,12,2
4786982,74848,127632,2657,24,1
4787075,55087,187150,4705,23,3
4787107,25736,55246,5247,23,3
4787203,69194,96375,6376,23,3
4787232,34265,143657,3658,15,0
4787362,40243,117933,5467,0,0
4787493,26491,159788,4819,16,0
4787782,47569,180238,7793,17,1
4788128,22690,40516,5525,14,0
4788229,43804,184071,9108,16,0
4788419,43750,190168,7726,13,4
4788514,55726,33391,8398,20,4
4788611,28693,40442,2947,0,0
4788806,28120,149788,9789,22,3
4788896,63769,161293,6326,20,4
4788899,32878,97430,7431,13,4
4788929,34744,106324,3855,12,2
4788992,23636,85242,2767,0,0
4789063,33583,163011,8044,12,2
4789120,58700,66782,6783,1,1
4789283,71815,11390,6393,1,1
4789283,71815,153255,8286,1,1
4789379,74336,51585,9101,14,0
4789571,19222,66353,1366,23,3
4789575,57374,33802,1312,19,3
4789671,60379,116181,3715,13,4
4789794,19609,190145,5184,18,2
4790150,33310,183040,5559,22,3
4790150,33310,184491,4492,22,3
4790151,39322,125192,2729,19,3
4790369,39695,153004,8035,22,3
4790439,54091,170401,5436,20,4
4790596,25348,101871,6892,20,4
4790790,26173,116750,4284,19,3
4790817,1664,179467,4502,12,2
4791136,52963,21150,8657,12,2
4791173,46906,83093,3094,21,2
4791201,28801,22950,5453,19,3
4791205,43834,20534,3037,22,3
4791264,47261,38820,6330,22,3
4791265,53893,27751,5258,14,0
4791302,20857,156364,3910,17,1
4791428,63838,160645,3162,0,0
4791527,38134,178464,8465,14,0
4791619,36799,127953,2978,20,4
4791749,46031,60314,2821,1,1
4791815,52178,79853,2361,17,1
4791847,41557,131873,1874,16,0
4791908,25276,128340,5877,13,4
4792224,60019,49541,4550,1,1
4792322,59942,82943,2944,24,1
4792800,22204,185958,5959,17,1
4792800,22204,190820,8378,17,1
4792834,37765,13252,8255,12,2
4792866,19249,151437,6468,22,3
4793121,62170,29059,9060,0,0
4793121,62170,96258,3786,0,0
4793284,34511,198907,3946,15,0
4793349,52780,104560,9581,0,0
4793351,68041,166995,9512,14,0
4793380,21952,177564,2599,14,0
4793408,65002,97833,2852,19,3
4793475,68402,9916,4917,17,1
4793574,24994,2864,5365,24,1
4793892,22226,154146,1692,0,0
4794212,30872,51166,3672,18,2
4794244,44542,113260,5772,18,2
4794244,44542,121481,9018,18,2
4794279,52618,71829,9351,19,3
4794304,69151,152871,2872,24,1
4794403,24307,22135,7140,1,1
4794561,48826,33871,1381,24,1
4794723,57071,138408,3435,13,4
4794950,62681,178362,3397,19,3
4795332,54463,174663,9698,18,2
4795393,61682,146918,4461,24,1
4795649,27491,180094,2613,15,0
4795843,59764,13714,8717,22,3
4795905,73690,106190,6191,14,0
4795974,58300,36899,9403,21,2
4796293,39503,34613,7117,23,3
4796384,39775,91826,9354,16,0
4796386,46666,5850,3351,1,1
4796551,48500,140724,3239,23,3
4796709,64909,67557,2570,15,0
4796833,63166,121018,3531,15,0
4796960,23398,74524,4525,18,2
4797221,34288,48497,8498,22,3
4797381,71665,44693,7198,12,2
4797444,23191,34752,4753,22,3
4797600,67880,102466,9997,15,0
4797605,73480,130665,3179,22,3
4797634,24649,32437,4941,22,3
4797666,66031,7248,9749,23,3
4797829,24806,156544,1575,13,4
4798022,45551,79037,4052,14,0
4798022,45551,106180,3711,14,0
4798277,35368,147826,5369,0,0
4798469,69650,78153,3168,20,4
4798531,46732,34871,2381,15,0
4798597,58909,42741,2742,18,2
4798597,58909,76543,9051,18,2
4798626,62029,71350,6365,1,1
4798725,47533,178994,1512,23,3
4798884,32002,108869,8870,16,0
4799009,62707,119011,4034,24,1
4799012,44941,7234,2235,14,0
4799171,66808,26238,6239,23,3
4799171,66808,166383,3932,23,3
4799207,64198,28421,3426,1,1
4799489,67657,126924,6925,20,4
4799524,41375,51380,3886,24,1
4799713,39508,54356,1872,22,3
4799777,28300,41361,1362,0,0
4799815,54320,184772,7291,17,1
4799842,23704,95865,3393,16,0
4799936,54538,4840,9841,1,1
4799942,45616,145216,5217,23,3
4800003,50446,22506,7511,20,4
4800003,50446,58127,5643,20,4
4800005,31315,82053,2054,23,3
4800131,40232,172624,5142,24,1
4800451,33698,187164,7165,0,0
4800453,44407,34369,9376,24,1
4800546,73744,168743,6292,23,3
4800583,52583,154627,2173,14,0
4800645,66121,102550,7571,17,1
4801158,67570,61283,1284,16,0
4801473,45088,161809,1810,1,1
4801766,61118,129374,9375,16,0
4801766,61118,173404,3405,16,0
4801986,34354,72015,7030,16,0
4801986,34354,174361,9396,16,0
4802338,64207,64234,6741,16,0
4802530,37963,81720,6737,20,4
4802759,30484,118003,3026,19,3
4803234,56203,165123,7640,17,1
4803237,47002,68834,1341,22,3
4803396,29969,9778,7279,15,0
4803558,69427,3299,3300,13,4
4803587,21718,25939,5940,21,2
4803681,52111,44426,9435,20,4
4803713,21959,119918,4941,22,3
4803715,66956,161009,6042,21,2
4804101,43262,51904,4410,12,2
4804198,51508,51455,1456,20,4
4804230,62845,92558,2559,12,2
4804357,69316,96823,4351,0,0
4804416,57464,61839,9358,0,0
4804416,57464,104066,1597,0,0
4804418,50462,132140,2141,13,4
4804454,53048,7127,4628,15,0
4804481,47617,1090,3591,12,2
4804801,22936,196075,3633,24,1
4804833,51775,109682,7213,21,2
4804870,25372,53856,1372,22,3
4805059,56428,99671,4690,15,0
4805091,57739,165851,8368,1,1
4805123,64522,109845,7376,17,1
4805285,53177,169082,6631,14,0
4805410,24967,26012,3519,20,4
4805696,58198,54972,9983,18,2
4805766,42238,55791,3307,13,4
4805796,37646,146815,6816,0,0
4805984,43642,177109,4661,19,3
4806593,56764,100065,5086,12,2
4806594,28957,21136,6141,13,4
4806595,53353,90309,5328,1,1
4806656,33130,5626,3127,24,1
4806726,36619,64160,9173,16,0
4806757,19517,20002,2505,15,0
4806785,67061,174419,6937,16,0
4807237,22591,61541,9060,0,0
4807495,49892,165909,8426,24,1
4807558,22195,97749,7750,18,2
4807585,52172,140720,3235,17,1
4807619,20464,154630,2176,16,0
4807685,45146,123767,3768,19,3
4807808,1699,36599,6600,1,1
4807808,1699,109506,9507,1,1
4807874,55600,119206,6740,15,0
4807942,52060,85531,5532,1,1
4808034,19799,139462,1976,18,2
4808166,1318,125899,8412,14,0
4808196,37511,90001,2511,17,1
4808290,33077,98886,1396,13,4
4808391,65426,136605,9119,22,3
4808391,65426,196182,6183,22,3
4808739,41693,56273,3789,1,1
4808899,54112,181058,6095,17,1
4809026,28885,164994,2543,14,0
4809123,55798,53487,3488,22,3
4809441,47399,64366,9379,22,3
4809568,19336,123823,6336,1,1
4809569,70873,90659,5678,23,3
4809762,31189,86655,6656,18,2
4809793,29809,159918,2434,15,0
4809891,45656,184105,4106,12,2
4810081,56894,56617,1628,14,0
4810180,64111,117072,7073,12,2
4810336,46288,63530,8543,21,2
4810336,46288,65832,8339,21,2
4810342,36527,179115,6667,20,4
4810406,46447,186874,9393,16,0
4810438,64178,120852,5877,13,4
4810560,54664,128682,6219,12,2
4810567,49507,99419,4438,19,3
4810758,30088,50830,3336,21,2
4810880,25078,100552,3063,20,4
4810981,67843,99665,4684,24,1
4810982,58061,33370,3371,24,1
4810982,58061,34732,7236,24,1
4811141,46393,18428,5932,17,1
4811463,35087,11431,1432,21,2
4811616,66731,34510,4511,15,0
4812711,65662,191153,3673,24,1
4812738,34372,95119,2647,20,4
4812967,48338,192146,9704,19,3
4813186,73004,90322,2832,13,4
4813217,71944,93976,6486,12,2
4813283,51319,143594,8623,19,3
4813408,25558,168225,3258,19,3
4813472,70736,44744,2257,23,3
4813472,70736,194478,9517,23,3
4813474,62111,28169,5676,21,2
4813600,69556,14279,9282,14,0
4813603,52654,178388,5940,21,2
4813734,22963,107592,2613,15,0
4813794,33943,13062,3063,20,4
4813959,50144,199505,4544,19,3
4813990,31660,159892,9893,0,0
4814209,52904,59657,9658,19,3
4814499,55525,109981,5002,17,1
4814724,74773,44816,4817,24,1
4814816,28951,186039,6040,0,0
4814823,20488,86244,6245,14,0
4814885,43786,150727,8273,17,1
4814979,49505,8424,3425,14,0
4815107,34360,100576,5597,1,1
4815168,63991,53078,5584,1,1
4815170,56020,313,2814,20,4
4815234,74017,106852,6853,13,4
4815269,33422,98442,3461,22,3
4815330,72859,153283,5799,20,4
4815335,40942,80763,5780,24,1
4815367,66212,10214,5217,23,3
4815398,58654,15053,7555,18,2
4815489,21014,136223,3763,18,2
4815522,25352,56047,3563,18,2
4815559,30706,21100,8607,22,3
4815815,71014,7061,2062,12,2
4815936,47255,99013,6541,15,0
4816546,47105,162988,8021,1,1
4816806,48175,76589,9097,23,3
4816835,29626,66118,3637,16,0
4817091,26767,109036,1547,0,0
4817152,61079,187078,4633,24,1
4817221,58429,39588,9589,15,0
4817319,71894,38997,4004,1,1
4817382,65989,194859,9898,20,4
4818340,58618,127927,7928,0,0
4818594,30988,199181,1701,15,0
4818597,51404,197971,5529,12,2
4818625,57632,34773,2283,16,0
4818628,47888,171896,6931,13,4
4818882,1360,117449,7450,19,3
4818914,72932,128361,3386,24,1
4818944,53098,169866,4899,16,0
4819105,39832,77237,9745,16,0
4819589,24640,11871,1872,22,3
4819617,51805,165023,2572,22,3
4819655,68026,156027,6028,12,2
4819906,48448,153596,8627,20,4
4820293,36370,191467,6506,24,1
4820896,36610,51950,1951,20,4
4820928,21920,16754,6755,15,0
4820966,47663,146236,8751,17,1
4820994,56215,55124,5125,12,2
4821351,28930,91875,4385,1,1
4821472,25219,101910,9441,23,3
4821472,25219,126493,1518,23,3
4821479,23450,132177,9717,13,4
4821604,33445,125226,2763,13,4
4821859,34877,161237,8786,22,3
4822241,37870,49758,9759,1,1
4822305,47626,72425,4933,16,0
4822369,40421,143184,8213,13,4
4822593,23636,35466,5467,0,0
4822627,30190,175533,5534,19,3
4822980,24898,166035,6036,15,0
4823009,61639,94089,9108,16,0
4823108,28561,91664,1665,20,4
4823584,69907,26474,8977,16,0
4823649,21142,171582,6617,20,4
4823939,45838,109717,7248,18,2
4823972,68299,7233,4734,0,0
4823974,33125,27294,7295,19,3
4823974,33125,122862,7887,19,3
4824198,21173,149459,7002,20,4
4824453,30748,66784,4303,20,4
4824678,56279,167376,9893,0,0
4824708,22057,106938,1959,17,1
4824805,67696,12763,7766,24,1
4825058,38593,54568,4569,18,2
4825092,34258,194433,9472,15,0
4825411,74251,34525,9532,17,1
4825571,41183,165661,3210,1,1
4825632,44252,175821,5822,22,3
4825665,44711,186234,3789,1,1
4825761,50500,168886,8887,0,0
4825988,54188,195544,5545,0,0
4826080,66661,171324,3842,23,3
4826368,63844,108229,3250,24,1
4826369,47129,117338,2361,17,1
4826437,59881,11794,6797,13,4
4826532,54767,85163,2688,15,0
4826594,1588,155262,2808,1,1
4826631,42742,108423,3444,19,3
4826785,34903,34663,2173,14,0
4826915,61372,128162,8163,22,3
4826915,61372,176792,9310,22,3
4826949,39796,94904,9923,23,3
4827011,29135,16304,3808,13,4
4827104,19499,9029,4030,14,0
4827142,65689,159490,4521,24,1
4827333,1196,76231,8739,20,4
4827623,26572,159824,7370,20,4
4827715,49202,166888,1921,22,3
4827719,48761,49204,1709,15,0
4828039,20210,83264,3265,15,0
4828164,36926,151859,6890,14,0
4828325,31409,94374,4375,21,2
4829382,41909,138482,3509,24,1
4829636,43472,106909,6910,19,3
4829828,60436,16886,4390,0,0
4829954,27212,114953,2487,19,3
4830214,29975,136695,9209,23,3
4830241,29384,129215,6752,18,2
4830244,28918,33439,8446,19,3
4830341,73291,38242,5752,24,1
4830373,63025,44065,1578,24,1
4830469,20414,138294,3321,1,1
4830791,49079,166625,6626,16,0
4830818,22864,156208,8724,16,0
4831047,32822,79025,6547,20,4
4831201,21073,19604,9605,22,3
4831204,70115,34134,6638,0,0
4831239,43114,114820,9843,13,4
4831298,70415,98156,5684,0,0
4831456,34873,120037,7574,0,0
4831554,29623,117806,5340,17,1
4831622,59081,159016,4047,0,0
4831716,56473,179706,4741,24,1
4831842,69283,60480,5493,19,3
4831842,69283,102735,7756,19,3
4832006,64156,100252,2763,13,4
4832066,63127,124517,4518,17,1
4832069,49958,71704,9226,21,2
4832256,72178,66967,4486,21,2
4832292,49774,114190,4191,21,2
4832615,56458,71958,9480,14,0
4832803,21772,140499,8042,1,1
4833088,62404,55020,2536,23,3
4833091,59110,14493,4494,0,0
4833253,21694,31916,1917,16,0
4833313,69206,55350,7856,12,2
4833474,71894,31840,4344,1,1
4833504,22055,55152,5153,23,3
4833799,60562,92650,2651,18,2
4833859,72946,196438,3996,21,2
4834148,59191,153105,3106,15,0
4834215,23476,75475,2997,15,0
4834339,46252,76457,3979,19,3
4834373,31153,160848,5881,14,0
4834784,58706,109136,1647,1,1
4834784,58706,115941,8453,1,1
4834817,18806,125883,3420,12,2
4835044,44260,61537,9056,22,3
4835234,42679,70133,5148,19,3
4835328,66248,129789,4814,19,3
4835396,66860,155406,5407,23,3
4835429,54988,82635,2636,14,0
4835431,49051,48523,6036,15,0
4835589,33890,74810,2332,1,1
4835750,44614,155751,5752,24,1
4835876,58850,178744,6296,23,3
4835942,23084,23277,3278,0,0
4836736,50171,103226,3227,15,0
4836775,45928,54638,9649,15,0
4836775,45928,113123,3124,15,0
4836930,19346,21147,6152,13,4
4836934,30673,120039,5064,21,2
4836963,49216,156030,3576,16,0
4837059,30475,172471,2472,14,0
4837061,29507,171065,3583,20,4
4837063,71125,132384,4898,12,2
4837189,24730,129565,4590,22,3
4837191,49255,38104,8105,20,4
4837604,32773,86661,1678,16,0
4837729,63274,19100,4103,24,1
4837923,70085,50678,8194,22,3
4837986,68573,178599,6151,24,1
4837987,40499,69017,1524,12,2
4838050,24643,142135,9678,24,1
4838086,71131,12103,2104,16,0
4838213,20845,137777,2804,16,0
4838436,36446,13038,3039,21,2
4838436,36446,55402,7908,21,2
4838560,72124,196856,9376,24,1
4838977,53615,23667,6170,0,0
4838980,45058,74176,6684,20,4
4839205,60421,190651,5690,15,0
4839586,34936,104972,7483,17,1
4839616,44032,26714,9217,20,4
4839654,54907,165638,3187,15,0
4839684,34120,62565,5072,19,3
4839876,74875,145469,5470,19,3
4839972,49438,124471,4472,20,4
4840071,45874,71249,8771,19,3
4840131,21992,165447,5448,13,4
4840134,19330,128645,3670,19,3
4840261,32488,105780,5781,18,2
4840577,64153,64389,4390,0,0
4840738,1657,4850,2351,12,2
4840805,44317,183988,6507,22,3
4840903,35423,91683,9211,21,2
4841089,42380,8694,8695,20,4
4841123,73499,109675,4696,14,0
4841383,44026,137839,7840,14,0
4841570,38308,78619,6141,13,4
4841636,46717,57423,4939,18,2
4841926,33334,92416,7435,1,1
4842050,52333,178023,5575,21,2
4842083,56432,131342,6369,17,1
4842181,42013,133885,8912,17,1
4842278,57581,60281,7800,12,2
4842535,69934,82943,7960,17,1
4842566,47030,128545,3570,1,1
4842567,74791,125793,5794,13,4
4842626,24343,3954,1455,12,2
4842724,53683,88517,6042,21,2
4842854,1615,28730,8731,18,2
4842882,73385,7224,9725,12,2
4843457,36955,92140,2141,13,4
4843462,58733,34917,7421,19,3
4843492,66916,14203,9206,14,0
4843526,18752,175365,7883,16,0
4843776,57746,84402,9419,17,1
4843808,19117,7001,2002,22,3
4843908,43483,48299,8300,1,1
4844037,23899,186798,1835,0,0
4844133,52325,191303,6342,20,4
4844160,58822,83362,8379,0,0
4844322,22894,23888,3889,14,0
4844550,34601,46254,6255,18,2
4844933,55429,64848,9861,20,4
4845126,37888,117824,7825,24,1
4845312,46669,89382,9383,24,1
4845411,25688,24725,7228,20,4
4845411,25688,138309,8310,20,4
4845541,39869,89409,4426,13,4
4845792,23164,118795,3818,21,2
4845824,58264,166064,3613,23,3
4845825,31975,68033,3046,17,1
4845863,61231,106923,9434,18,2
4845956,37615,11326,6329,12,2
4845958,35477,32931,5435,20,4
4846020,61510,141796,6825,20,4
4846023,53170,11901,6904,17,1
4846310,19558,44854,7359,21,2
4846372,59416,67461,9968,17,1
4846437,20147,159755,4786,20,4
4846534,27796,21734,9241,22,3
4846787,24886,153038,3039,21,2
4846913,51529,77167,4689,12,2
4846917,44779,155219,5220,16,0
4846918,38077,104989,10,24,1
4847270,38467,97415,7416,17,1
4847493,70360,64030,1549,0,0
4847525,70678,38771,6281,20,4
4847685,59897,121246,8783,14,0
4847685,59897,157716,7717,14,0
4847938,49642,179521,9522,18,2
4847970,32305,57266,4782,16,0
4848194,45526,104832,2363,18,2
4848259,53969,35763,3273,23,3
4848354,60542,28974,6481,15,0
4848416,49703,81136,3645,20,4
4848582,66947,172698,5216,17,1
4848673,67096,171251,6286,22,3
4848770,39716,82653,2654,17,1
4848930,56584,98526,8527,20,4
4849089,52690,134342,6856,18,2
4849408,50299,181697,6734,14,0
4849639,60107,171828,1829,19,3
4849767,38962,149648,9649,15,0
4849794,66100,132069,4583,13,4
4849858,37651,159011,6557,12,2
4849922,63143,85769,3294,20,4
4849984,65752,199488,2008,17,1
4850019,20728,172634,7669,23,3
4850050,69370,76646,4168,16,0
4850145,19756,21189,6194,14,0
4850279,60796,183190,3191,15,0
4850341,48038,71579,4087,12,2
4850341,48038,130078,5105,12,2
4850499,66043,181444,6481,15,0
4850596,43754,58397,8398,20,4
4850631,64450,146683,6684,20,4
4850950,59824,46862,1871,13,4
4851009,55498,154685,2231,18,2
4851072,40970,151733,9279,18,2
4851201,24580,15800,8302,16,0
4851330,58420,81524,6541,15,0
4851488,25459,194972,11,18,2
4851523,70723,128890,8891,22,3
4851687,55796,184310,9347,15,0
4851747,47153,18939,6443,19,3
4851841,26461,46609,6610,24,1
4851843,33937,14764,9767,1,1
4851939,35200,124629,7142,20,4
4852071,34168,87728,7729,24,1
4852196,37903,58992,4003,21,2
4852257,49394,69466,1973,0,0
4852482,58052,117699,5233,12,2
4852514,36667,74394,4395,21,2
4852514,36667,168127,5676,21,2
4852515,43507,139253,1767,16,0
4852805,26227,41809,4314,19,3
4853121,52906,104785,7296,20,4
4853255,38813,109705,7236,24,1
4853473,70510,117539,2562,18,2
4853701,59078,73849,8864,16,0
4853796,66920,106952,4483,17,1
4854209,49225,189061,4098,15,0
4854306,62993,183634,8671,20,4
4854562,45929,166743,9260,23,3
4854626,43303,8076,8077,12,2
4854758,19093,178345,8346,17,1
4854822,67451,54565,7071,15,0
4855073,67133,121094,8631,17,1
4855491,1528,94401,4402,21,2
4855748,26500,36252,8756,19,3
4855749,33184,166984,4533,19,3
4855780,42157,182867,2868,16,0
4856102,39196,119385,1897,24,1
4856193,19531,93667,3668,17,1
4856546,22057,102406,4917,17,1
4856547,31736,153570,3571,24,1
4856835,67915,59907,4918,16,0
4856835,67915,169184,4217,16,0
4856930,65878,190275,7833,16,0
4857154,51037,7761,7762,16,0
4857319,1381,38241,5751,22,3
4857348,66716,117249,7250,21,2
4857381,42700,165441,7958,13,4
4857665,66811,13020,5522,17,1
4857665,66811,30334,2838,17,1
4857697,35603,99305,4324,12,2
4857700,26659,82306,4815,17,1
4857793,26807,397,2898,13,4
4857825,24479,97235,9745,16,0
4857920,42601,151976,7007,12,2
4857952,40103,148462,8463,23,3
4858247,39796,121987,7012,23,3
4858311,32084,198937,6495,24,1
4858503,36835,137195,7196,0,0
4858561,71863,35295,7799,22,3
4858720,70852,16513,6514,12,2
4858855,69415,91813,1814,24,1
4858881,52291,33314,5818,16,0
4858915,63535,109629,9630,20,4
4858949,25678,199677,4716,22,3
4859010,45337,124392,1929,22,3
4859107,45691,77953,5475,13,4
4859877,27766,33987,8994,14,0
4859970,67799,4420,6921,23,3
4860260,26071,87996,5521,1,1
4860322,47096,71616,6631,14,0
4860359,22609,5957,3458,15,0
4860545,74032,80332,5349,0,0
4860929,38296,31752,4256,13,4
4860960,32917,19057,6561,20,4
4860993,56200,132053,2054,23,3
4861061,69553,92384,7403,19,3
4861062,23453,137774,7775,16,0
4861189,57404,87572,2589,12,2
4861506,29894,61598,6611,20,4
4861507,73643,17655,5159,19,3
4861508,52694,129249,6786,21,2
4861703,56020,142356,2357,20,4
4861825,28162,83510,8527,20,4
4861989,65252,229,7730,19,3
4862112,63152,88667,3684,23,3
4862151,44291,159686,9687,24,1
4862562,54220,39130,9131,21,2
4862626,61334,183937,3938,18,2
4862630,55843,130692,5719,15,0
4862690,19768,165868,5869,24,1
4862944,70120,3469,8470,23,3
4862947,57742,67633,2646,19,3
4862983,46786,36587,1594,23,3
4863040,40495,116234,8746,19,3
4863205,37847,74827,2349,22,3
4863235,49241,115451,7963,16,0
4863303,34460,54564,2080,17,1
4863462,20198,155113,7629,24,1
4863780,62083,109560,7091,15,0
4863813,23827,132773,7800,12,2
4863943,31324,140876,8419,15,0
4864038,25808,157303,2334,21,2
4864038,25808,167333,4882,21,2
4864103,71467,53628,8639,17,1
4864326,21356,1263,6264,13,4
4864487,71353,121385,8922,14,0
4864645,40888,187290,4845,16,0
4864708,62027,116524,1547,0,0
4864771,60221,190221,2741,12,2
4864802,55129,192354,9912,14,0
4864933,40138,85357,5358,23,3
4865474,41384,103469,8490,20,4
4865633,27160,98170,5698,16,0
4865830,65000,35753,5754,13,4
4866214,63118,71614,1615,20,4
4866656,67811,76328,1343,24,1
4866695,52754,117796,5330,15,0
4866727,53792,32980,2981,19,3
4866755,37514,14071,6573,21,2
4866853,36895,35647,8151,1,1
4866853,36895,109979,7510,1,1
4866855,59140,97686,5214,1,1
4867009,22279,146969,9484,19,3
4867110,24490,142420,4935,16,0
4867203,71575,19449,1951,20,4
4867267,48949,22858,5361,15,0
4867492,58894,187593,5148,19,3
4867555,65089,109844,4865,14,0
4867589,43603,185397,5398,17,1
4867717,62968,29336,4341,21,2
4867719,69184,185800,5801,13,4
4867781,24403,52132,2133,23,3
4867812,1445,82212,7229,21,2
4867812,1445,128780,3805,21,2
4867812,1445,155103,2649,21,2
4867974,52649,199063,1583,14,0
4868000,47323,98685,3704,24,1
4868004,19586,56480,8986,23,3
4868032,29564,159227,4258,23,3
4868292,48046,62147,9666,15,0
4868294,63482,42361,7370,20,4
4868294,63482,183261,3262,20,4
4868324,65951,124415,6928,13,4
4868483,20056,46623,1632,14,0
4868608,37828,90176,2686,1,1
4868770,48578,190114,2634,12,2
4868804,54524,15381,7883,16,0
4869025,46351,127901,7902,12,2
4869216,31357,151071,8617,24,1
4869607,74246,104170,9191,13,4
4869986,28255,59573,4584,1,1
4870051,38980,79747,4762,1,1
4870086,63448,133761,8788,16,0
4870242,18838,18031,8032,16,0
4870438,41152,27916,5423,12,2
4870438,41152,95000,2528,12,2
4870630,48190,176969,6970,1,1
4870688,43411,119951,4974,15,0
4871237,46555,79052,1560,19,3
4871297,66959,184249,1804,0,0
4871360,71320,85345,2870,17,1
4871396,25486,81700,1701,15,0
4871553,23461,19776,7280,12,2
4871587,65332,114092,6604,18,2
4871617,66602,120002,7539,18,2
4872033,60314,44479,9488,12,2
4872039,63298,113309,3310,23,3
4872071,36142,66789,9296,21,2
4872102,39949,138561,6101,1,1
4872615,63673,88476,8477,15,0
4872674,39727,102050,4561,15,0
4872705,54166,98375,8376,20,4
4872740,74800,27882,7883,16,0
4872835,45832,140463,5492,17,1
4872963,72080,104274,1805,19,3
4873413,53881,32381,7388,1,1
4873413,53881,99913,9914,1,1
4873796,58096,157301,2332,1,1
4873798,42619,82727,2728,24,1
4873924,66979,176617,9135,17,1
4874181,72097,51720,4226,12,2
4874436,51611,193715,6235,19,3
4874593,58388,80522,5539,17,1
4874593,58388,119860,4883,17,1
4874786,64217,69447,1954,24,1
4874852,72469,69672,7191,19,3
4875557,65419,178074,8075,14,0
4875683,1855,60822,8341,13,4
4876097,24391,30078,2582,24,1
4876163,24829,16425,3929,14,0
4876194,74330,102329,9860,22,3
4876231,24536,123021,8046,0,0
4876386,41935,179806,9807,15,0
4876772,58463,164002,4003,21,2
4876807,62632,74619,7127,20,4
4876836,35776,90950,5969,19,3
4877031,40531,81608,6625,24,1
4877157,56108,164815,4816,13,4
4877283,57826,4350,9351,19,3
4877283,57826,178976,6528,19,3
4877410,56966,39029,9030,22,3
4877506,34213,4455,4456,16,0
4877667,66424,95871,3399,16,0
4877926,56045,121017,8554,0,0
4878019,57481,28005,3010,1,1
4878083,68872,119965,7499,19,3
4878085,23860,79497,7019,21,2
4878177,60985,115283,7795,14,0
4878725,35636,126701,4238,0,0
4879271,34030,171403,6438,18,2
4879329,56341,142162,2163,13,4
4879329,56341,156805,9321,13,4
4879366,34594,176301,1336,20,4
4879745,42320,54823,9834,15,0
4879843,48181,193565,6085,19,3
4880037,20842,140582,8125,0,0
4880097,36454,166742,1775,12,2
4880165,22456,134597,4598,23,3
4880259,38192,19246,1748,19,3
4880352,26147,88629,3646,20,4
4880548,69460,100410,7941,24,1
4880803,64808,127800,5337,22,3
4881088,74519,101503,6524,19,3
4881095,35879,71152,3660,15,0
4881125,53084,159067,4098,15,0
4881318,36965,63402,5909,21,2
4881351,67144,148122,8123,13,4
4881380,64720,105749,5750,19,3
4881733,50242,144189,9218,16,0
4881828,68317,6697,1698,0,0
4881925,20818,123931,8956,22,3
4882050,65809,183995,6514,12,2
4882051,74092,113736,1270,1,1
4882149,57740,75489,5490,13,4
4882405,50479,195782,3340,18,2
4882407,20464,79455,1963,16,0
4882438,44374,71414,1415,16,0
4882438,44374,149327,1842,16,0
4882466,25546,31502,1503,24,1
4882817,68581,24414,6917,13,4
4882820,27650,184666,7185,16,0
4882849,23533,104868,2399,15,0
4883012,70771,136380,1407,0,0
4883073,67915,93596,8615,16,0
4883425,26617,197276,4834,1,1
4883521,34846,141255,6284,14,0
4883554,58111,98599,6127,1,1
4883557,62356,96697,6698,14,0
4883876,50882,73053,8068,23,3
4884385,68726,63331,5838,0,0
4884423,52207,51111,8627,20,4
4884935,65158,28266,3271,14,0
4885027,64306,82517,5026,17,1
4885187,38147,49237,1742,21,2
4885315,35359,94006,6516,21,2
4885317,50407,165723,3272,12,2
4885733,29773,162221,2222,14,0
4885735,42908,131730,9270,0,0
4885762,56354,5500,8001,0,0
4885762,56354,123179,3180,0,0
4885792,46778,144841,9870,22,3
4885797,70237,127311,7312,20,4
4885830,39727,5764,3265,15,0
4885952,59824,112055,4567,13,4
4886182,19129,73781,1303,12,2
4886243,33667,105828,8339,21,2
4886407,38894,95341,2869,20,4
4886434,43792,12629,7632,21,2
4886470,58384,159558,7104,17,1
4886848,55121,121719,9256,16,0
4886886,46883,4872,7373,12,2
4886980,22118,110909,5932,17,1
4887040,33127,96666,6667,20,4
4887046,46277,174483,2035,13,4
4887104,34141,54977,7483,17,1
4887137,52754,96679,6680,15,0
4887141,31033,13424,3425,14,0
4887264,54797,6669,4170,18,2
4887328,49655,197255,9775,18,2
4887490,73003,190826,5865,23,3
4887655,67219,71390,1391,21,2
4887713,36829,107348,9859,24,1
4887751,42671,20946,3449,17,1
4887873,70003,19963,2465,15,0
4887873,70003,111808,6831,15,0
4887943,37160,53793,1309,21,2
4888001,25493,47420,7421,19,3
4888320,71956,31016,6023,13,4
4888549,65648,31894,6901,0,0
4888549,65648,159329,9330,0,0
4888672,62608,59299,1805,19,3
4888770,48029,65089,5090,24,1
4888899,73483,34630,7134,17,1
4888965,25058,72105,4613,23,3
4889094,65245,11105,8609,14,0
4889188,41950,132117,4631,17,1
4889669,21247,40229,7742,23,3
4889669,21247,113979,3980,23,3
4889701,73888,95394,2922,23,3
4889732,46355,112189,9723,13,4
4889796,64700,109794,2305,23,3
4889825,40115,24281,6784,13,4
4889863,68852,13729,8732,24,1
4889920,32074,140698,5727,0,0
4889955,55735,34970,9977,18,2
4890085,33763,173867,8902,23,3
4890114,35671,182049,4568,23,3
4890276,24110,18257,3260,15,0
4890276,24110,70264,2772,15,0
4890436,55858,167601,2634,12,2
4890470,46927,44288,6793,18,2
4890470,46927,181209,3728,18,2
4890563,74809,59859,7375,17,1
4890596,32878,8858,1359,13,4
4890727,37342,70280,7802,22,3
4890784,46300,177047,9565,23,3
4890822,73357,155718,8234,20,4
4891009,62956,146406,1435,20,4
4891171,1405,118626,6160,16,0
4891202,21419,37489,4999,18,2
4891239,54133,176593,9111,18,2
4891364,47692,12106,2107,1,1
4891428,44056,101418,1419,22,3
4891488,30166,105353,5354,17,1
4891617,29071,76753,1768,22,3
4891940,29644,30255,2759,19,3
4892292,21038,84385,9402,19,3
4892455,65366,83477,8494,24,1
4892512,33337,64078,1597,0,0
4892519,36221,15986,3490,16,0
4892544,53669,191927,9485,19,3
4892610,57898,47534,2543,14,0
4892674,22366,28202,8203,19,3
4892678,18763,188146,8147,20,4
4892705,39805,41346,3851,16,0
4892739,41758,20883,8390,20,4
4892739,41758,82279,9804,20,4
4893058,46186,80524,3033,13,4
4893157,69799,122811,2812,21,2
4893185,1615,120512,3025,18,2
4893219,49492,19048,9049,23,3
4893444,64558,64425,9438,0,0
4893731,60034,31116,6123,14,0
4893731,60034,156329,3875,14,0
4893733,21257,198455,3494,12,2
4893760,63592,165946,8463,23,3
4893761,24253,121880,6905,12,2
4893766,72601,114598,4599,21,2
4893830,29308,170230,5265,18,2
4893922,43489,187421,2458,0,0
4893984,31435,31095,3599,16,0
4893985,1699,3558,3559,1,1
4894148,72013,142190,4705,23,3
4894180,39814,141679,1680,24,1
4894342,27454,181977,9532,17,1
4894659,27421,20078,5083,18,2
4894721,34690,140816,5845,15,0
4895040,35087,104790,4791,21,2
4895042,54067,192527,2528,12,2
4895109,44017,27835,7836,16,0
4895296,24121,105377,2908,17,1
4895296,24121,162177,9726,17,1
4895296,24121,165171,2720,17,1
4895424,1645,180835,3354,16,0
4895460,45253,75028,2550,21,2
4895524,37642,151569,1570,12,2
4895622,61496,156060,6061,18,2
4895622,61496,178948,1466,18,2
4895744,67144,24759,4760,13,4
4895777,33982,55834,5835,21,2
4895780,57410,143129,8158,24,1
4895780,57410,143378,3379,24,1
4895810,22240,186602,1639,15,0
4896160,67058,86628,4153,15,0
4896199,1871,190910,3430,15,0
4896423,20851,165270,2819,13,4
4896487,72734,74405,9420,19,3
4896551,45217,97195,4723,23,3
4897026,74038,78016,5538,1,1
4897156,65801,2193,4694,16,0
4897191,71908,25174,5175,12,2
4897191,71908,39117,4124,12,2
4897222,62644,119395,6929,23,3
4897606,35926,19787,2289,22,3
4897666,28703,176041,3593,15,0
4897669,45464,194549,4550,1,1
4897671,24628,3903,3904,17,1
4897696,52877,186571,9090,19,3
4897703,55205,9755,2256,20,4
4897829,47134,149124,1639,15,0
4898052,19763,448,5449,21,2
4898054,60607,76827,4349,21,2
4898246,37495,62085,2086,23,3
4898309,41404,129649,9650,14,0
4898309,41404,194930,4931,14,0
4898368,45991,147459,5002,17,1
4898464,34465,136589,6590,1,1
4898534,51905,191077,8635,24,1
4898656,49502,117422,4956,24,1
4898723,67780,36035,6036,15,0
4898849,42431,149067,9068,0,0
4898881,33847,182190,7227,16,0
4898885,70120,38359,8360,23,3
4898887,24454,122959,7984,14,0
4898947,55702,87701,2718,13,4
4898982,27916,158514,8515,19,3
4899008,36718,52353,2354,14,0
4899009,19423,14447,4448,18,2
4899014,47593,163996,3997,0,0
4899302,32788,171252,1253,0,0
4899463,42751,5894,3395,23,3
4899875,41308,69471,9472,15,0
4899939,25706,266,5267,14,0
4899972,62209,140670,5699,13,4
4900097,59446,156432,3978,15,0
4900102,51499,146499,4042,18,2
4900166,1787,151706,6737,20,4
4900193,35131,152434,9980,0,0
4900196,34027,82313,4822,17,1
4900386,48469,2000,4501,20,4
4900519,52090,47556,5069,15,0
4900548,31744,151764,1765,19,3
4900610,32071,2998,5499,19,3
4900610,32071,183601,3602,19,3
4900705,43114,176836,1871,13,4
4900736,34468,183108,5627,20,4
4900864,72938,165204,7721,22,3
4901248,29231,78845,1353,20,4
4901255,1367,94139,9158,22,3
4901255,1367,177830,2865,22,3
4901410,18781,141388,6417,0,0
4901410,18781,146388,6389,0,0
4901506,45112,132607,5121,14,0
4901571,60557,53293,5799,20,4
4901636,65882,46089,8594,17,1
4901764,73835,11593,6596,20,4
4901766,47959,151395,8941,0,0
4901892,68950,132254,7281,1,1
4901892,68950,163742,3743,1,1
4901953,66556,32495,4999,18,2
4902176,33910,11428,3930,24,1
4902209,19409,120514,3027,0,0
4902629,48653,198533,8534,21,2
4902721,21920,174900,9935,15,0
4902786,34367,42995,5500,12,2
4902881,55111,171162,8714,22,3
4903141,60505,161915,9464,16,0
4903232,44141,50405,7921,16,0
4903366,58651,32175,4679,16,0
4903366,58651,39892,4899,16,0
4903584,39322,40597,3102,19,3
4903812,30976,1291,3792,12,2
4903845,47738,178746,8747,0,0
4903941,67108,80052,5069,15,0
4904130,44545,85348,5349,0,0
4904577,41822,36707,9211,21,2
4904672,51887,69909,2416,13,4
4904742,56294,113419,3420,12,2
4904743,72418,34843,4844,15,0
4904802,26402,18462,8463,23,3
4904802,26402,87706,2723,23,3
4904805,61154,186509,9028,14,0
4904901,69688,160186,5219,12,2
4905159,51958,181915,1916,20,4
4905185,44074,18894,3897,0,0
4905313,70784,178129,8130,15,0
4905700,61657,142176,2177,0,0
4905701,58771,77877,2892,12,2
4905796,24091,84260,6769,18,2
4906017,73984,45068,2581,14,0
4906052,23740,162187,2188,17,1
4906338,55805,147489,7490,23,3
4906758,58468,141148,3663,14,0
4907009,34273,193808,8847,0,0
4907073,59653,152175,9721,20,4
4907073,59653,168179,8180,20,4
4907269,50329,40119,7632,21,2
4907553,53767,40724,3229,17,1
4907617,70748,139963,2477,14,0
4907617,70748,190586,5625,14,0
4907781,61843,47496,5009,19,3
4907843,49544,14430,9433,18,2
4908167,28057,15084,2588,19,3
4908518,22585,194417,6937,16,0
4908551,38249,12471,9975,17,1
4908581,33640,44903,2416,13,4
4908581,33640,149356,1871,13,4
4908611,46129,123504,8529,20,4
4909152,69220,197472,2511,17,1
4909155,32611,173913,1465,14,0
4909218,26428,168300,8301,20,4
4909255,30184,44652,2165,13,4
4909255,30184,81299,3808,13,4
4909351,35810,64509,9522,18,2
4909411,25759,56693,1704,18,2
4909474,63371,2663,5164,23,3
4909728,47713,12856,7859,16,0
4909827,55585,34801,2311,12,2
4910117,38129,46570,6571,18,2
4910275,39298,106279,6280,18,2
4910405,55279,103269,5780,24,1
4910561,22906,164659,4660,13,4
4910851,19241,43013,5518,0,0
4910983,32984,46826,4339,21,2
4911456,62719,178340,3375,17,1
4911555,1438,44482,4483,17,1
4911620,73738,16662,1665,20,4
4911715,71846,5468,5469,20,4
4911715,71846,33227,8234,20,4
4911874,63163,39764,9765,23,3
4911939,28925,106734,9245,15,0
4911942,29480,20523,5528,12,2
4912167,32138,95479,5480,24,1
4912321,58216,123739,6252,13,4
4912483,69080,23481,8486,23,3
4912835,48329,13663,3664,18,2
4912900,20848,60340,2847,22,3
4913029,73690,59966,2472,14,0
4913031,31735,44535,2048,0,0
4913058,22720,110223,2735,16,0
4913376,29236,174310,1862,12,2
4913414,45421,183360,8397,1,1
4913540,37439,82730,2731,19,3
4913568,61381,116839,1862,12,2
4913632,23581,125179,7692,14,0
4913700,68060,13601,3602,19,3
4913733,50800,88939,6464,14,0
4914149,63556,79763,9764,17,1
4914150,30790,192943,5463,16,0
4914212,27058,134440,6954,23,3
4914214,37151,126806,1831,14,0
4914404,43658,146834,4377,22,3
4914438,29122,47239,9744,24,1
4914470,59896,67491,9998,1,1
4914531,56803,93613,8632,19,3
4914662,72661,53804,6310,12,2
4914754,51344,1692,6693,20,4
4914759,22738,7916,7917,12,2
4914884,38296,19512,2014,13,4
4915045,36274,168616,8617,24,1
4915206,52172,96926,4454,17,1
4915395,54850,90450,5469,20,4
4915552,54488,162695,7728,1,1
4915648,67162,94556,9575,24,1
4915875,65185,176110,3662,17,1
4915879,23803,151194,6225,18,2
4916033,60193,37260,9764,17,1
4916034,32242,169467,1984,24,1
4916070,32755,156611,6612,24,1
4916418,20875,172358,2359,1,1
4916482,57604,198915,1435,20,4
4916484,74671,54537,9548,14,0
4916578,74860,154641,7157,16,0
4916608,61138,197215,4773,1,1
4916704,50660,171377,1378,18,2
4916932,36970,198546,6104,15,0
4916961,52528,41998,4503,1,1
4916999,65326,92173,2174,1,1
4917318,51517,14411,1915,13,4
4917318,51517,124333,4334,13,4
4917376,36118,147108,2137,23,3
4917543,30328,177467,7468,18,2
4917794,72748,117382,7383,24,1
4918146,40706,146742,9257,17,1
4918178,1439,40199,7712,21,2
4918245,36421,94019,9038,19,3
4918532,74599,144171,4172,13,4
4918560,68975,60718,3225,23,3
4918595,46651,154268,6784,13,4
4918725,42050,176792,4344,1,1
4918753,28405,117217,9729,16,0
4918886,61093,191043,6082,23,3
4918918,55567,169387,9388,24,1
4919043,71027,43244,3245,22,3
4919170,72511,118549,6083,23,3
4919200,58864,14250,6752,18,2
4919235,64387,118004,5538,1,1
4919328,65669,143381,5896,20,4
4919460,55355,185812,5813,15,0
4919649,40453,124320,6833,18,2
4919874,59977,128357,5894,0,0
4919876,45886,105277,7788,22,3
4919941,70969,10540,5543,12,2
4919941,70969,66485,6486,12,2
4920098,39964,167789,7790,22,3
4920230,50722,12982,7985,16,0
4920550,51548,104632,7143,24,1
4920645,36475,170738,3256,22,3
4920645,36475,179240,9241,22,3
4921024,65404,136439,3979,19,3
4921025,31241,129580,4605,1,1
4921315,37819,58101,5617,24,1
4921474,55453,77592,5114,17,1
4921536,41638,131270,3784,19,3
4921607,52057,62735,2736,18,2
4921826,60970,42159,9672,18,2
4921958,56611,109864,4885,0,0
4922051,64264,18991,6495,24,1
4922148,39230,132230,9770,21,2
4922179,61684,19957,9958,21,2
4922565,24122,64007,4008,22,3
4922625,48697,61116,8635,24,1
4922980,71269,6169,6170,0,0
4923014,60832,147319,9834,15,0
4923429,56131,97228,4756,1,1
4923559,72404,55346,5347,20,4
4923623,23747,6259,8760,19,3
4923653,22682,44790,4791,21,2
4923683,60442,168819,6368,14,0
4924070,22691,51669,6680,15,0
4924103,69829,106526,9037,19,3
4924103,69829,178972,6524,19,3
4924645,62341,143734,1277,0,0
4924705,31328,176685,6686,16,0
4924768,39362,39322,6832,24,1
4925191,36802,32669,2670,18,2
4925221,44272,168950,8951,20,4
4925314,34439,110411,2923,15,0
4925347,28366,19563,2065,0,0
4925381,44263,136664,9178,23,3
4925382,47626,154865,2411,16,0
4925600,23513,140562,3077,12,2
4925888,41182,11991,9495,23,3
4926019,49756,66610,9117,24,1
4926400,31246,128482,6019,22,3
4926501,58108,127587,2612,1,1
4926631,58967,59161,1667,22,3
4926788,40934,152143,7174,24,1
4926945,71153,111968,4480,21,2
4926948,37456,114855,4856,19,3
4926951,47939,92889,5399,17,1
4926951,47939,109536,4557,17,1
4927013,20821,121947,4460,22,3
4927200,51124,39874,9875,1,1
4927301,1615,4278,9279,18,2
4927520,62167,10917,5920,20,4
4927588,22330,88148,5673,16,0
4927681,23089,31061,6068,22,3
4927873,65155,198899,3938,18,2
4927877,67993,25539,3046,17,1
4928097,69266,36992,9496,17,1
4928359,70615,160177,2694,15,0
4928709,67031,76065,3587,23,3
4928871,62060,31120,3624,24,1
4928993,72490,29661,2164,17,1
4929127,36313,178429,8430,13,4
4929190,51805,49009,9010,22,3
4929218,34273,33870,3871,0,0
4929253,41404,35429,7933,14,0
4929445,70894,92105,4615,14,0
4929511,45157,31911,9421,15,0
4929637,27547,12380,2381,15,0
4929728,30415,185226,5227,12,2
4929728,30415,185843,5844,12,2
4929857,41899,148417,5960,1,1
4930112,65044,95103,7613,24,1
4930368,37405,149645,4674,15,0
4930406,61300,74590,2112,19,3
4930657,44177,120772,3285,14,0
4930820,42325,10976,5979,22,3
4930978,64795,94146,9165,24,1
4931044,24890,48895,3904,17,1
4931110,68581,134923,9950,13,4
4931203,19792,30035,5042,20,4
4931621,21035,134599,7113,15,0
4931621,21035,195668,3226,15,0
4931719,49085,92873,5383,20,4
4931781,1618,69056,9057,12,2
4931907,39514,179132,4167,19,3
4931936,28306,86867,1884,1,1
4932034,33892,148974,1489,15,0
4932292,23278,132349,2350,21,2
4932608,24952,136900,6901,0,0
4932706,51013,127865,7866,19,3
4932739,66769,4887,7388,1,1
4932739,66769,148896,8897,1,1
4932930,42250,137954,2981,19,3
4932964,57308,129917,9918,24,1
4933026,58745,132891,5405,24,1
4933057,67612,67399,4918,16,0
4933088,37564,34089,9096,16,0
4933316,24512,71588,9110,16,0
4933473,36817,131650,6677,13,4
4933639,71525,74381,9396,16,0
4933824,28810,115644,3178,15,0
4934179,33745,66635,4154,18,2
4934405,46111,41712,4217,16,0
4934405,46111,157634,5180,16,0
4934467,74293,134920,7434,13,4
4934627,66008,198593,3632,23,3
4934725,71446,111359,1360,1,1
4934786,30422,189679,4716,22,3
4934791,1567,55590,5591,24,1
4934848,36379,77887,5409,22,3
4934848,36379,198434,8435,22,3
4935008,45854,78054,8055,20,4
4935201,22583,160336,5369,0,0
4935525,55708,62422,2423,16,0
4935525,55708,177198,4750,16,0
4935780,72406,172765,7800,12,2
4935939,42587,113537,6049,1,1
4936065,29413,63885,8898,0,0
4936487,21826,104902,9923,23,3
4936550,54505,119234,4257,12,2
4936679,65563,122219,9756,18,2
4936775,52849,175016,7534,14,0
4936800,55991,126838,1863,17,1
4937056,68074,120838,8375,23,3
4937091,50179,194165,4166,22,3
4937314,46567,78224,3239,23,3
4937382,33133,80656,5673,16,0
4937508,74674,134518,2058,1,1
4937510,59692,112482,4994,20,4
4937730,70477,195183,7703,24,1
4937762,33694,40311,2816,16,0
4937856,51613,2415,9916,13,4
4937924,71782,21389,1390,20,4
4937985,58891,52528,5034,23,3
4938305,20467,18683,3686,14,0
4938439,59810,120554,5579,21,2
4938628,61151,153169,5685,20,4
4938662,28355,64897,9910,17,1
4938791,53672,145858,5859,22,3
4938817,73273,44220,6725,15,0
4939045,39064,167454,5003,14,0
4939138,34313,27331,2336,22,3
4939168,51140,81781,6798,16,0
4939168,51140,184167,4168,16,0
4939236,65341,105851,3382,17,1
4939236,65341,112020,9554,17,1
4939239,44576,171540,9092,1,1
4939265,37655,171769,6804,19,3
4939296,59821,189425,1944,20,4
4939334,40537,51442,6453,20,4
4939591,23239,44048,9057,12,2
4939680,74599,66053,3572,13,4
4939906,62071,172929,7964,0,0
4940001,51653,11342,3844,13,4
4940007,64241,194103,1661,12,2
4940037,56002,3532,6033,13,4
4940070,68899,78921,1429,21,2
4940070,68899,137044,2071,21,2
4940227,1696,117844,5378,16,0
4940227,1696,187642,7643,16,0
4940256,71657,136905,6906,1,1
4940288,41674,25305,2812,21,2
4940288,41674,56468,8974,21,2
4940292,33532,142664,5179,13,4
4940352,66958,198207,8208,18,2
4940451,45895,60442,2949,20,4
4940645,23374,54189,9200,20,4
4940865,27809,162,7663,23,3
4940898,24325,75337,5338,22,3
4940928,48332,6834,4335,23,3
4940931,28717,27314,7315,22,3
4941092,32998,101291,1292,13,4
4941287,41387,68186,3199,18,2
4941344,57715,74612,9627,1,1
4941348,72400,76638,6639,17,1
4941382,26374,64683,9696,15,0
4941472,63244,85704,8213,13,4
4941605,22207,14929,4930,0,0
4941605,22207,93438,5948,0,0
4941634,25493,15176,5177,19,3
4941664,41605,112494,7517,20,4
4941735,36055,82633,5142,24,1
4941856,65560,175835,3387,17,1
4941921,26959,39504,2008,17,1
4941921,26959,129599,4624,17,1
4941921,26959,189806,4843,17,1
4941987,25546,145865,5866,24,1
4942054,35827,222,2723,23,3
4942081,59557,29564,7071,15,0
4942087,41272,90766,3276,19,3
4942338,29350,26868,9371,16,0
4942338,29350,145453,5454,16,0
4942343,69979,85685,3210,1,1
4942436,37282,81611,6628,13,4
4942500,19444,154794,7310,23,3
4942817,74807,107216,7217,0,0
4943239,43747,90335,5354,17,1
4943399,58699,87815,5340,17,1
4943653,53459,138764,6304,0,0
4943716,50755,144500,4501,20,4
4943719,65648,27378,4885,0,0
4943719,65648,76125,3647,0,0
4943844,39481,137054,2081,12,2
4943846,51199,79204,6726,23,3
4943937,55276,173714,8749,12,2
4944000,45973,88002,5527,16,0
4944032,71299,147318,9833,13,4
4944096,45901,55940,5941,17,1
4944163,51602,166678,9195,19,3
4944226,33373,111634,4146,15,0
4944226,33373,142138,4653,15,0
4944295,36826,97086,7087,15,0
4944578,43133,84281,4282,1,1
4944742,45892,185393,7912,16,0
4944806,59899,153835,1381,24,1
4945216,45421,99743,4762,1,1
4945344,32548,21949,1950,17,1
4945380,19235,31428,3932,23,3
4945536,48412,24413,4414,13,4
4945702,57065,168880,3913,23,3
4945824,54740,44818,4819,16,0
4945991,55879,196430,8950,23,3
4946049,26605,129432,6969,18,2
4946208,37262,14311,1815,19,3
4946373,19768,173606,8641,24,1
4946562,66505,65726,3245,22,3
4946562,66505,144325,4326,22,3
4946624,32546,84311,1836,0,0
4946855,35311,68349,8350,1,1
4946917,24973,49724,4733,18,2
4946983,64055,84693,9710,12,2
4947141,72892,154807,4808,14,0
4947200,39035,45108,7613,24,1
4947205,48473,172936,5454,16,0
4947331,50753,29139,6646,19,3
4947331,50753,155023,5024,19,3
4947680,69106,32129,2130,13,4
4948101,33535,54961,4962,12,2
4948196,56609,129479,9480,14,0
4948262,66056,141880,4395,21,2
4948325,29549,135548,3088,24,1
4948548,34973,104973,9994,16,0
4948548,34973,127791,2816,16,0
4948578,74306,23245,5748,23,3
4948614,20704,36133,3643,18,2
4948865,35524,112289,9823,13,4
4949440,74779,38700,3707,21,2
4949920,25381,52481,2482,18,2
4950212,26449,137502,2529,21,2
4950466,41287,115039,2573,13,4
4950534,57172,125621,3158,19,3
4950689,51596,179748,7300,19,3
4950817,22334,187222,4777,1,1
4950854,68704,145053,5054,1,1
4951074,47011,125218,2755,23,3
4951239,34522,39839,4846,24,1
4951239,34522,131674,4188,24,1
4951428,28699,115974,3508,24,1
4951462,62576,14380,9383,24,1
4951553,59684,44247,4248,1,1
4951622,50935,192767,2768,15,0
4951654,72737,120401,2914,21,2
4951942,37204,112771,7794,23,3
4951975,51154,149744,2259,14,0
4952098,48257,104389,4390,0,0
4952161,39934,116938,6939,20,4
4952162,49510,104089,9110,16,0
4952195,64567,133859,3860,14,0
4952195,64567,157838,5384,14,0
4952386,62240,34537,2047,0,0
4952898,68551,196927,4485,23,3
4952931,30730,125147,7660,12,2
4952967,28388,87093,9602,16,0
4953030,29644,39669,9670,19,3
4953093,30011,111047,3559,1,1
4953187,72989,37183,7184,1,1
4953280,45271,154017,9048,18,2
4953445,26551,160503,3020,19,3
4953506,48317,54922,2438,16,0
4953571,46349,39132,4139,14,0
4953604,35608,47448,9953,12,2
4953604,35608,52456,4962,12,2
4953895,22795,25170,5171,19,3
4954337,37759,172173,4691,23,3
4954341,48391,150683,3199,18,2
4954661,67204,97332,2351,12,2
4954821,27710,78430,8431,22,3
4955041,69565,49130,4139,14,0
4955042,55549,86450,6451,12,2
4955302,54133,72575,5083,18,2
4955430,46426,178129,3164,15,0
4955493,45304,153482,5998,20,4
4955939,61096,8702,6203,15,0
4956388,36265,63901,1420,16,0
4956486,45449,158445,8446,19,3
4956518,60053,178224,8225,0,0
4956770,68581,72679,2680,13,4
4956866,35050,97991,5519,12,2
4957155,66082,75501,5502,17,1
4957696,45784,62923,5430,17,1
4957696,45784,155303,2849,17,1
4958019,71344,164851,9884,21,2
4958052,45856,120390,5415,12,2
4958115,71498,88834,3851,16,0
4958119,43004,169488,4521,24,1
4958150,19363,36496,1503,24,1
4958308,31055,104434,1965,1,1
4958658,62294,167031,7032,13,4
4958690,21319,10500,5503,16,0
4958759,20986,34903,9910,17,1
4958823,71960,135219,5220,16,0
4958913,58124,115867,5868,16,0
4958950,45092,71719,6734,14,0
4959075,55213,155219,5220,16,0
4959075,55213,165635,5636,16,0
4959200,73487,102208,4719,17,1
4959301,71735,121800,6825,20,4
4959686,59842,2850,7851,23,3
4959747,39328,65853,8360,23,3
4960132,19543,86870,9379,22,3
4960610,25718,39261,9262,16,0
4960643,44767,178275,8276,19,3
4960708,57808,44903,2416,13,4
4960804,32485,141820,6849,0,0
4960807,47365,10918,5921,17,1
4960868,46303,147309,9824,19,3
4961286,23191,66086,3605,22,3
4961286,23191,182264,4783,22,3
4961380,72415,144725,4726,14,0
4961505,74392,46057,6058,22,3
4961860,64366,86725,1742,21,2
4961952,55966,189252,6807,16,0
4962309,48626,21309,1310,24,1
4962432,43814,38134,5644,1,1
4962468,36922,65975,8482,12,2
4962499,43591,13852,3853,0,0
4962628,59033,139787,7327,12,2
4962912,41461,22922,7927,17,1
4962976,63655,25651,3158,19,3
4962976,63655,128297,3322,19,3
4963652,71579,83100,3101,20,4
4964100,70039,22150,9657,18,2
4964163,22451,64286,9299,14,0
4964448,49835,18595,3598,0,0
4964577,64066,76211,8719,12,2
4965122,60427,154810,4811,23,3
4965124,57086,142237,7266,18,2
4965127,44072,166650,6651,0,0
4965158,58594,133147,5661,21,2
4965254,22057,40410,5419,17,1
4965281,53206,39547,9548,14,0
4965351,28822,122371,9908,12,2
4965574,56611,196659,1698,0,0
4965760,59572,51797,9313,24,1
4965797,20596,121795,4308,23,3
4965797,20596,159804,4835,23,3
4966053,27992,153013,5529,12,2
4966115,28966,88338,8339,21,2
4966279,35054,109353,6884,24,1
4966401,20785,78658,3673,24,1
4966594,51535,128362,8363,12,2
4966628,30152,54025,6531,14,0
4966695,46333,68315,8316,19,3
4966753,42379,63842,8855,1,1
4966821,25303,197731,7732,19,3
4966917,40687,142360,9903,13,4
4966919,55822,159987,9988,0,0
4966947,47369,176776,1811,1,1
4967047,69310,65316,7823,22,3
4967331,33382,21987,4490,15,0
4967428,62794,178102,3137,0,0
4968102,37088,121136,3649,24,1
4968389,46483,84932,9949,23,3
4968579,51949,104333,9354,16,0
4968676,67852,61506,4013,14,0
4968739,62845,163552,6069,12,2
4968804,35110,49768,7281,1,1
4968869,45260,39083,1587,24,1
4968932,61004,127452,2477,14,0
4968966,32506,94965,4966,18,2
4969127,52213,4494,6995,23,3
4969350,67652,66206,3725,12,2
4969350,67652,95390,7900,12,2
4969414,67540,29963,7470,19,3
4969445,51404,44228,9237,12,2
4969504,46132,151451,3967,19,3
4969607,52108,115408,7920,22,3
4969733,46132,7647,5148,19,3
4969766,67471,8508,6009,17,1
4969766,67471,172307,2308,17,1
4969798,31712,5929,3430,15,0
4969862,53356,3483,5984,13,4
4970470,63779,156648,4194,13,4
4970498,65302,15354,7856,12,2
4970915,38764,148153,3182,22,3
4970979,57253,18202,5706,17,1
4971046,30044,187433,2470,22,3
4971074,26972,174058,1610,18,2
4971079,45241,27315,7316,15,0
4971139,52960,113724,8747,0,0
4971139,52960,157175,7176,0,0
4971427,59422,151929,6960,14,0
4971457,1679,79381,9382,18,2
4971457,1679,185727,5728,18,2
4971584,41174,18429,8430,13,4
4971586,34262,74179,4180,14,0
4971751,19249,197959,5517,22,3
4972006,63607,86309,1326,0,0
4972036,23669,135649,8163,22,3
4972224,70325,23235,8240,24,1
4972228,49123,197532,7533,18,2
4972257,31868,100513,3024,19,3
4972323,34760,158738,6284,14,0
4972480,38312,137464,2491,1,1
4972576,54844,63272,3273,23,3
4972868,40868,136818,6819,12,2
4972967,47488,97225,4753,22,3
4972999,54514,112096,4608,19,3
4973028,20992,170119,5154,17,1
4973028,20992,175236,2788,17,1
4973125,58021,113885,8908,20,4
4973186,50873,146526,6527,16,0
4973221,35533,28974,3979,19,3
4973281,55558,195012,7532,20,4
4973312,57727,136927,6928,13,4
4973729,66950,122501,5014,1,1
4973730,62422,136609,4149,0,0
4973795,43078,9736,9737,1,1
4974022,39103,185249,7768,24,1
4974113,59953,147460,9975,17,1
4974433,59140,195188,5189,1,1
4974756,55735,169730,2247,18,2
4974881,34457,121,2622,12,2
4974881,34457,149262,6805,12,2
4975012,71728,27032,2037,12,2
4975072,67973,152935,5451,23,3
4975106,31460,139179,9180,23,3
4975205,18962,7042,9543,20,4
4975236,19555,187150,9669,24,1
4975393,38266,11910,1911,17,1
4975428,36911,158068,5614,19,3
4975494,38570,172974,5492,17,1
4975521,34009,1543,1544,1,1
4975552,29929,125664,5665,0,0
4975622,51691,31145,6152,13,4
4976097,59368,29149,9150,14,0
4976103,24754,144823,2366,14,0
4976480,51844,46024,8529,20,4
4976546,33559,14815,4816,13,4
4976615,71614,118772,1284,16,0
4976803,59939,49047,6560,17,1
4977121,54511,126027,6028,12,2
4977126,24286,69969,7488,0,0
4977126,24286,156889,1920,0,0
4977475,1837,148256,3285,14,0
4977699,49108,167780,5329,14,0
4977825,61480,94646,4647,19,3
4977825,61480,109845,2356,19,3
4977890,26863,135750,5751,22,3
4978145,74848,156576,6577,24,1
4978208,48422,148131,8132,17,1
4978208,48422,196856,6857,17,1
4978500,67957,88869,1378,18,2
4978657,38999,122215,7240,23,3
4978755,50672,119259,9260,23,3
4978784,55162,140766,8309,21,2
4978787,1699,180547,5584,1,1
4978848,42235,128587,8588,0,0
4978848,42235,196847,4405,0,0
4979047,45943,63663,3664,18,2
4979104,48850,16462,1465,14,0
4979175,41908,199040,6598,20,4
4979461,67279,145904,8419,15,0
4979585,33007,38926,1430,12,2
4979591,1766,188418,8419,15,0
4980327,73981,159377,9378,0,0
4980547,40939,17197,2200,19,3
4980547,40939,156199,8715,19,3
4980611,72707,20338,2841,23,3
4980740,72284,69565,2072,0,0
4980740,72284,116572,9084,0,0
4980805,29756,125463,5464,14,0
4980930,63716,71401,8923,19,3
4980961,38035,66086,6087,20,4
4981024,32032,24178,9183,12,2
4981154,63686,83689,6198,16,0
4981316,73174,23798,8803,18,2
4981542,33418,19998,7502,18,2
4981824,46601,156941,4487,18,2
4982023,66481,934,3435,13,4
4982240,25225,185331,5332,22,3
4982273,68425,159925,2441,15,0
4982279,68180,22635,7640,17,1
4982311,28120,28096,8097,22,3
4982400,52174,90434,2944,24,1
4982435,70798,172190,7225,0,0
4982439,54187,94575,2103,24,1
4982439,54187,106318,1339,24,1
4982469,36182,43846,1359,13,4
4982566,27761,85707,3232,22,3
4982598,36799,27578,7579,20,4
4982978,68009,34546,4547,18,2
4982978,68009,198730,8731,18,2
4982979,24181,37357,9861,20,4
4983041,71389,66879,4398,21,2
4983137,34096,29507,2010,0,0
4983174,44738,40032,5041,15,0
4983202,51445,161973,9522,18,2
4983332,21848,159585,9586,19,3
4983456,21107,172088,9640,17,1
4983616,65071,194324,1882,21,2
4983941,61348,11222,6225,18,2
4983971,58081,34142,6646,19,3
4984004,44932,1832,6833,18,2
4984007,51439,113557,6069,12,2
4984068,32552,149155,6698,14,0
4984324,61115,92924,5434,19,3
4984614,53542,151725,6756,20,4
4984676,73958,90184,5203,1,1
4984676,73958,119558,4581,1,1
4984742,57764,105866,3397,19,3
4984802,53122,42065,4570,18,2
4985123,57884,27403,2408,15,0
4985220,20752,71540,9062,14,0
4985317,25114,174059,6577,24,1
4985509,31456,97269,2288,23,3
4985538,38719,56375,6376,23,3
4985541,43078,22274,4777,1,1
4985568,58207,162450,2451,16,0
4985637,32737,16322,1325,14,0
4985665,43462,63019,3020,19,3
4985665,43462,192294,4814,19,3
4986112,74894,10599,8103,16,0
4986150,23374,68881,8882,20,4
4986530,74711,175588,3140,21,2
4986789,23533,198819,6377,15,0
4986884,66037,189302,9303,16,0
4986886,29746,82288,2289,22,3
4987015,23057,39511,4518,17,1
4987136,51814,61963,6976,23,3
4987201,53489,187042,9561,20,4
4987203,71513,1381,3882,24,1
4987463,73996,190065,7623,0,0
4987559,55348,91976,1977,23,3
4987687,59801,10303,5306,23,3
4987745,33124,149642,7185,16,0
4988037,57661,54444,9455,21,2
4988103,36823,50738,8254,12,2
4988195,65183,183154,5673,16,0
4988196,66440,159854,4885,0,0
4988391,55469,12071,9575,24,1
4988486,30881,192381,7420,24,1
4988515,28174,98601,8602,15,0
4988613,43750,183725,3726,13,4
4989062,57733,118417,3440,23,3
4989121,53848,111458,1459,24,1
4989154,43919,153077,8108,19,3
4989408,37834,15278,7780,14,0
4989476,57838,172906,5424,18,2
4989477,71735,25003,5004,20,4
4989506,19009,120566,5591,24,1
4989570,36073,3359,8360,23,3
4989570,36073,41536,1537,23,3
4989607,24389,178444,3479,15,0
4989733,71569,179385,9386,13,4
4989760,41236,43225,8234,20,4
4990243,49325,118730,6264,13,4
4990308,71939,33784,8791,15,0
4990311,38756,55463,5464,14,0
4990434,27119,90441,5460,12,2
4990598,43078,68468,5987,1,1
4991012,28910,3366,5867,0,0
4991074,37636,59923,2429,1,1
4991074,37636,110159,7693,1,1
4991107,48955,104739,9760,14,0
4991364,20398,78588,6110,12,2
4991365,59824,25805,3312,13,4
4991365,59824,100720,5741,13,4
4991463,54767,26414,3921,15,0
4991554,33712,86358,3883,16,0
4991744,51778,76465,1480,23,3
4991938,43430,194726,4727,16,0
4992226,36340,129478,4503,1,1
4992353,72472,163966,3967,19,3
4992453,42055,27947,7948,17,1
4992576,54754,170449,2967,18,2
4992615,53330,61894,6907,0,0
4992768,30361,77147,4669,14,0
4992903,34916,194591,9630,20,4
4993186,31757,71596,1597,0,0
4993286,23653,189516,9517,23,3
4993318,23416,98986,6514,12,2
4993346,37468,171716,6751,18,2
4993700,67390,83074,5583,20,4
4993863,53582,90299,5318,17,1
4994309,53117,48395,3404,1,1
4994403,23524,138225,5765,18,2
4994433,32983,8957,8958,21,2
4994501,58628,56072,6073,15,0
4994503,28067,139367,4394,16,0
4994535,45314,42532,7541,22,3
4994881,37460,104460,9481,16,0
4994946,20792,27509,2514,17,1
4995045,65785,81591,4100,20,4
4995234,41626,25552,8055,20,4
4995456,36802,110396,7930,18,2
4995555,55121,47169,2178,16,0
4995904,60035,58201,8202,13,4
4996163,70235,8684,8685,15,0
4996354,21301,193057,8096,22,3
4996578,59119,155871,8387,22,3
4996677,34585,186237,3792,12,2
4996835,26359,30411,2915,20,4
4996839,35891,77814,2829,20,4
4996964,35747,69137,6656,18,2
4996965,49280,151162,3678,14,0
4996965,49280,194987,4988,14,0
4996999,53596,89312,1821,21,2
4997187,53065,131119,8659,15,0
4997285,1870,60329,5342,1,1
4997540,23998,177806,2841,23,3
4997602,62620,98566,6094,0,0
4997602,62620,140781,3296,0,0
4997603,50107,144899,2442,19,3
4997732,27166,161846,9395,16,0
4997760,36754,138993,8994,14,0
4997792,57913,63878,8891,22,3
4997830,38122,64883,9896,20,4
4997926,24263,49738,4747,24,1
4998016,65269,86567,6568,17,1
4998145,51959,16239,6240,1,1
4998210,74293,51294,6305,13,4
4998240,64243,54932,2448,0,0
4998625,40399,63810,1329,24,1
4998788,60757,161568,9117,24,1
4998820,42775,5629,3130,23,3
4999009,35014,120681,3194,1,1
4999175,46225,15245,7747,14,0
4999271,19595,10162,2664,18,2
4999360,34411,14742,9745,16,0
4999363,53809,22567,7572,22,3
4999458,35015,180325,7880,20,4
4999588,25840,42815,7824,1,1
4999588,25840,107475,5006,1,1
4999621,44342,109236,4257,12,2
4999716,33418,71220,3728,18,2
4999718,74059,17157,4661,19,3
4999750,44258,185157,7676,0,0
4999911,47564,193642,8681,17,1
4999970,58897,3757,8758,24,1
5000515,47701,123039,8064,21,2
5000711,23747,64575,9588,19,3
5000768,33563,51814,4320,23,3
5000800,39499,10004,5007,12,2
5000834,37453,33856,1366,23,3
5000903,50896,5865,3366,13,4
5001314,67979,124501,4502,12,2
5001669,43901,153040,8071,14,0
5001764,32677,113727,6239,23,3
5001764,32677,199431,4470,23,3
5001798,63935,140729,8272,24,1
5002019,51062,112219,7242,0,0
5002179,57694,84197,4198,1,1
5002179,57694,192962,5482,1,1
5002338,46292,4790,9791,19,3
5002663,25480,154288,1834,19,3
5002723,23765,131351,3865,16,0
5002818,31289,3133,3134,17,1
5002913,51523,115401,2935,16,0
5003042,36329,123006,3007,15,0
5003490,35545,7258,4759,18,2
5003526,40342,56749,9255,21,2
5003648,68762,21975,9482,14,0
5003906,51241,138984,8985,19,3
5003936,38653,56352,3868,21,2
5003973,20539,42879,2880,1,1
5004100,31300,27051,2056,20,4
5004772,47557,67459,2472,14,0
5004804,55373,126596,9109,21,2
5004996,66560,28278,5785,14,0
5005153,49591,65261,5262,18,2
5005158,32675,107249,2270,21,2
5005315,55162,61853,4360,21,2
5005315,55162,75520,3042,21,2
5005607,61891,16384,6385,17,1
5005638,61399,103451,5962,14,0
5005639,68890,29680,7187,15,0
5005858,56383,19298,1800,0,0
5006176,20332,35311,2821,1,1
5006183,57913,886,8387,22,3
5006183,57913,94139,9158,22,3
5006406,24121,71003,3511,17,1
5006660,51125,45039,5040,0,0
5006887,34954,165397,5398,17,1
5007012,23021,184210,1765,19,3
5007552,25129,116413,8925,1,1
5007618,22751,69721,9722,15,0
5007619,24305,176725,4277,1,1
5007777,63136,50494,3000,21,2
5007811,29507,23950,6453,20,4
5008000,63250,18423,5927,22,3
5008228,46366,159943,4974,15,0
5008294,35377,56546,9052,0,0
5008321,43954,112406,4918,16,0
5008481,66031,101814,6835,23,3
5008481,66031,171802,4320,23,3
5008487,29350,152734,2735,16,0
5008547,39796,10057,5060,23,3
5008609,60607,183474,3475,21,2
5008612,49132,2368,2369,22,3
5008743,61849,173175,8210,20,4
5008769,42271,5025,2526,22,3
5008770,20383,160747,8296,0,0
5008935,33197,77224,7225,0,0
5008961,45521,146524,6525,23,3
5008999,26972,56905,9411,18,2
5009571,28892,101618,9149,21,2
5009730,72284,1611,9112,0,0
5010144,51343,59662,7178,15,0
5010275,34130,157426,4972,16,0
5010854,20863,580,5581,24,1
5010855,74782,84631,7140,1,1
5011142,23431,62557,7570,19,3
5011205,38114,77771,5293,23,3
5011233,19649,116516,9028,14,0
5011493,55498,141377,1378,18,2
5011557,42859,53672,3673,24,1
5011813,19673,9878,7379,12,2
5011877,44897,141451,8994,14,0
5011877,44897,191489,9047,14,0
5012032,33601,192166,9724,0,0
5012067,54370,48626,6139,17,1
5012227,26249,176936,4488,14,0
5012320,51284,16898,1901,24,1
5012995,50609,80839,3348,15,0
5012995,50609,167141,4690,15,0
5013058,27200,56666,4182,18,2
5013095,50956,27179,4686,24,1
5013379,22706,5892,3393,16,0
5013379,22706,19885,9886,16,0
5013408,19219,74447,4448,18,2
5013410,44810,44240,6745,12,2
5013440,20905,116558,1581,13,4
5013664,34807,15039,5040,0,0
5013794,33799,190599,5638,1,1
5013894,60046,111546,6569,20,4
5013986,57772,49930,4939,18,2
5014048,30208,97531,5059,1,1
5014115,24368,14156,6658,23,3
5014342,61639,13864,3865,16,0
5014502,74372,79881,7403,19,3
5014599,67486,43829,1342,0,0
5014624,61681,86075,8584,23,3
5015010,45389,196853,4411,23,3
5015137,68770,26007,6008,19,3
5015463,23080,142968,7997,17,1
5015555,38449,163630,3631,17,1
5015590,45731,163769,1318,21,2
5015648,20858,15161,7663,23,3
5015712,58603,19943,9944,1,1
5015745,37435,104204,6715,19,3
5015783,23285,27642,7643,16,0
5015975,32002,4101,9102,16,0
5016036,67147,46304,6305,13,4
5016229,23597,56182,8688,15,0
5016423,61031,64635,9648,20,4
5016484,69028,71781,1782,14,0
5016548,68807,71158,3666,21,2
5016742,56008,111654,9188,13,4
5016961,72854,186452,6453,20,4
5017187,67811,172875,2876,24,1
5017344,21274,186490,1527,21,2
5017476,61751,192303,9861,20,4
5017573,53044,188419,3456,16,0
5017664,31468,188227,3264,14,0
5017793,20537,46367,3880,21,2
5017920,46384,34587,9594,21,2
5017984,61460,89915,7440,19,3
5018246,53734,127463,7464,0,0
5018246,53734,141821,1822,0,0
5018309,37930,190077,7635,17,1
5018631,20731,142119,7148,19,3
5018886,73105,81034,3543,22,3
5018914,25630,89678,9679,12,2
5019074,50077,125677,5678,23,3
5019078,19162,16897,1900,23,3
5019139,49286,117080,9592,18,2
5019653,66905,27828,2833,15,0
5019747,32569,26424,1429,21,2
5019909,33367,99989,5008,18,2
5019939,23800,469,5470,19,3
5019942,70616,44168,4169,20,4
5020070,71099,38591,3598,0,0
5020132,46448,43990,1503,24,1
5020226,38638,184912,4913,21,2
5020227,34690,8572,6073,15,0
5020805,71623,155296,2842,0,0
5020899,73801,64584,9597,0,0
5021313,66371,126600,4137,15,0
5021349,62945,74873,9888,21,2
5021409,36967,119804,2316,1,1
5021857,25088,87527,7528,17,1
5022117,43270,126630,4167,19,3
5022279,46324,13878,1382,24,1
5022373,21103,164822,2371,23,3
5022563,70852,166708,4257,12,2
5022723,36961,83172,3173,15,0
5022723,36961,181492,4011,15,0
5022817,55498,30258,5265,18,2
5022818,48607,42720,5225,24,1
5022851,44519,179936,7488,0,0
5022915,57578,112412,4924,15,0
5023239,65357,114832,2366,14,0
5023426,29395,42060,9573,14,0
5023616,44458,92196,9724,0,0
5023654,36694,17742,7743,15,0
5023975,37091,178345,8346,17,1
5024038,25993,13377,3378,24,1
5024066,45707,195585,8105,20,4
5024198,37208,125895,3432,18,2
5024838,71819,43364,8373,13,4
5024897,40885,152199,2200,19,3
5025123,31802,139290,4317,19,3
5025123,31802,141236,3751,19,3
5025189,58625,149846,4875,14,0
5025220,36421,186977,4532,19,3
5025411,45202,48247,3256,22,3
5025507,73051,102842,2843,1,1
5025572,23141,39934,2438,16,0
5025666,46174,36406,3916,1,1
5025986,68608,197065,4623,19,3
5026017,46984,50344,5355,12,2
5026080,62371,92848,2849,17,1
5026114,27578,66820,1833,16,0
5026144,65404,28445,8446,19,3
5026246,60815,154900,7416,17,1
5026309,61399,153751,8782,14,0
5026336,73960,78641,8642,21,2
5026400,50311,63888,8901,24,1
5026596,48457,143518,8547,19,3
5026660,42763,46219,6220,24,1
5026753,39035,115753,8265,24,1
5026912,22340,26447,3954,23,3
5027013,72121,148827,3856,13,4
5027239,1490,91068,6087,20,4
5027299,73480,137365,2392,22,3
5027431,66160,52212,4718,18,2
5027495,50275,37720,5230,13,4
5027527,49355,162507,5024,19,3
5027776,22684,81246,3755,24,1
5027908,38077,147173,7174,24,1
5028160,55108,4322,1823,1,1
5028160,55108,129447,9448,1,1
5028163,38233,118257,5791,19,3
5028198,68269,131290,3804,1,1
5028257,27340,46834,6835,23,3
5028291,49063,28307,5814,18,2
5028545,55684,133665,6179,12,2
5028546,22403,133943,8970,17,1
5028550,39340,96302,3830,19,3
5028580,44530,196263,6264,13,4
5028583,26867,7029,7030,16,0
5028672,41326,86754,1771,1,1
5028705,30475,62507,7520,14,0
5028768,61357,101233,3744,13,4
5029088,60364,85821,5822,22,3
5029094,66187,112973,7996,17,1
5029315,43162,72771,2772,15,0
5029411,41099,59,7560,19,3
5029506,59576,49995,7508,15,0
5029568,30574,50377,5388,23,3
5029568,30574,111275,6298,23,3
5029667,62479,57891,2902,23,3
5029667,62479,165325,2874,23,3
5029735,53572,126735,9248,0,0
5029888,36725,153415,5931,16,0
5030019,55853,96595,1614,12,2
5030178,36484,118796,6330,22,3
5030213,36547,134626,2166,24,1
5030309,73439,161984,7017,14,0
5030370,60982,12363,2364,14,0
5030402,47081,29734,9735,15,0
5030629,74416,111295,8829,21,2
5030978,68899,20935,5940,21,2
5031367,63328,198219,3258,19,3
5031398,55993,21153,8660,24,1
5031618,39250,198326,5884,1,1
5031686,69802,72243,4751,15,0
5031813,29258,143024,8053,14,0
5032004,60244,60302,5315,24,1
5032231,36887,174177,9212,24,1
5032422,43097,94599,7109,23,3
5032609,73447,68544,3557,16,0
5032612,67147,96283,3811,13,4
5032677,40099,161735,9284,18,2
5032738,36068,125039,2576,13,4
5032928,57485,132190,4704,12,2
5032995,63268,154336,4337,14,0
5033125,66137,188327,5882,17,1
5033220,1658,61160,6173,21,2
5033383,57485,116285,3819,12,2
5033575,59941,71584,4092,22,3
5033575,59941,167948,7949,22,3
5033635,34096,73817,8832,0,0
5033670,48527,123545,8570,16,0
5033856,40936,77912,2927,21,2
5033888,24503,120043,7580,17,1
5033925,52792,27469,4976,22,3
5034115,26482,179278,9279,18,2
5034276,74968,101561,9092,1,1
5034373,55693,43837,3838,16,0
5034727,59782,21055,3558,12,2
5034788,59885,184082,4083,21,2
5035397,23266,11536,6539,18,2
5035559,68209,129264,9265,0,0
5035747,18941,134860,7374,24,1
5036069,48974,39150,4157,17,1
5036261,47593,29352,4357,0,0
5036354,57191,4012,9013,19,3
5036775,42956,180999,3518,17,1
5037152,72943,99009,4028,13,4
5037283,22672,86187,3712,22,3
5037475,65678,197278,7279,15,0
5037731,61949,27139,4646,1,1
5037987,74602,34454,1964,14,0
5038016,72775,52867,5373,19,3
5038019,19715,39476,9477,16,0
5038021,69109,194364,6884,24,1
5038247,47249,39777,9778,1,1
5038757,23032,39113,4120,0,0
5039138,73489,184078,4079,16,0
5039206,72476,36393,8897,1,1
5039239,70717,39801,7311,13,4
5039332,50611,65575,5576,0,0
5039332,50611,199366,4405,0,0
5039556,65846,94186,4187,0,0
5039590,56941,38835,8836,1,1
5039655,52675,129585,9586,19,3
5040036,71614,24295,6798,16,0
5040130,70396,73878,3879,18,2
5040166,35009,99504,7032,13,4
5040230,45922,47215,2224,13,4
5040741,30784,169466,9467,18,2
5040806,37942,27682,2687,18,2
5041152,58610,162155,9704,19,3
5041157,30274,69433,6952,17,1
5041506,37153,63500,3501,15,0
5041572,42371,39949,9950,13,4
5042277,52139,46564,9069,17,1
5042279,48397,69419,1926,22,3
5042593,64714,54205,6711,12,2
5042597,49160,162431,2432,15,0
5042949,46826,82884,2885,12,2
5043047,38323,144132,1675,23,3
5043078,55162,51650,1651,21,2
5043109,70348,195286,5287,13,4
5043168,68681,139937,4964,0,0
5043813,25796,39806,9807,15,0
5044160,47177,51779,6790,13,4
5044326,33797,28494,8495,21,2
5044384,22805,159928,9929,0,0
5044613,47320,64214,6721,0,0
5044832,25879,74385,9400,21,2
5044836,28604,136838,9352,22,3
5044865,68863,49048,6561,20,4
5044995,53495,62255,2256,20,4
5045220,20186,168915,1432,21,2
5045220,20186,199380,9381,21,2
5045315,48982,91388,3898,22,3
5045441,35161,174680,7198,12,2
5045507,45232,162147,2148,24,1
5045541,36382,26875,6876,15,0
5045604,33311,33594,6098,17,1
5045604,33311,149827,9828,17,1
5045667,55343,160009,10,24,1
5045921,30316,112304,9838,18,2
5046023,1712,187501,7502,18,2
5046150,62657,59446,1952,13,4
5046337,36382,89983,7508,15,0
5046433,35920,14814,7316,15,0
5046433,35920,179858,7410,15,0
5046530,36923,168107,8108,19,3
5046627,71549,9580,9581,0,0
5047140,51755,119455,6989,16,0
5047173,35776,147696,5239,19,3
5047174,54575,78571,3586,19,3
5047267,19826,5853,3354,16,0
5047332,44027,91445,3955,21,2
5047488,38117,61213,6226,21,2
5047555,34988,93407,8426,24,1
5047648,52711,29874,9875,1,1
5047648,52711,87367,4892,1,1
5047681,29893,95344,2872,24,1
5047746,27145,145883,8398,20,4
5047847,58585,55376,2892,12,2
5047907,57568,13994,1498,20,4
5047938,65608,172341,9893,0,0
5047940,67474,109693,4714,21,2
5047942,59344,31905,9415,12,2
5047942,59344,36021,8525,12,2
5048006,1697,20220,5225,24,1
5048067,35710,117266,9778,1,1
5048131,68125,142236,7265,12,2
5048163,50750,101580,1581,13,4
5048166,23099,41641,1642,14,0
5048198,1259,81533,1534,20,4
5048258,46060,56560,6561,20,4
5048519,39761,60534,5547,24,1
5048672,35278,48542,3551,18,2
5048898,48953,42987,7996,17,1
5049154,46097,193071,5591,24,1
5049216,59246,177941,5493,19,3
5049220,30088,174065,4066,21,2
5049255,51508,56985,4501,20,4
5049413,70799,62546,5053,15,0
5049413,70799,79333,4348,15,0
5049539,46790,14956,9959,23,3
5049635,36421,7157,9658,19,3
5049703,61358,173335,3336,21,2
5049954,57307,37338,2345,22,3
5049985,43534,113517,6029,1,1
5049988,53548,180750,8305,12,2
5050307,33439,173356,3357,17,1
5050307,33439,187570,7571,17,1
5050406,33892,974,8475,15,0
5050663,50005,74007,6515,19,3
5050912,39163,4032,9033,17,1
5050919,22744,28624,3629,18,2
5050976,74635,128514,3539,0,0
5051207,45286,97348,2367,0,0
5051265,20650,197850,5408,24,1
5051269,43961,146441,8956,22,3
5051744,71764,40413,2918,16,0
5051749,30484,165885,8402,19,3
5051810,37013,95059,7569,16,0
5051904,37411,54593,4594,24,1
5051940,33745,184121,1676,18,2
5052161,30263,39252,6762,13,4
5052288,67639,147380,2409,21,2
5052612,68872,74218,4219,19,3
5052773,69107,17010,2013,18,2
5053186,71890,140353,2868,16,0
5053218,43690,90748,8276,19,3
5053248,50284,14001,4002,0,0
5053345,48727,62217,7230,24,1
5053441,68608,33731,6235,19,3
5053441,68608,114461,6973,19,3
5053511,42785,56013,6014,16,0
5053795,30782,119978,2490,20,4
5054118,67807,39738,9739,12,2
5054210,31402,89291,1800,0,0
5054211,69112,186639,6640,17,1
5054276,20572,64129,4130,14,0
5054342,74603,154732,4733,18,2
5054371,32876,64402,4403,16,0
5054788,51248,134559,2099,0,0
5054949,21059,142105,4620,0,0
5054982,40858,55720,3236,16,0
5055079,35837,78788,8789,12,2
5055362,52739,120347,2860,15,0
5055366,59263,148220,5763,19,3
5055584,52399,150028,5059,1,1
5055622,55460,179364,1882,21,2
5055713,71371,79882,9883,23,3
5055745,46837,136527,4067,0,0
5055840,42205,174916,2468,22,3
5055842,72496,72908,5416,13,4
5055847,53876,117874,7875,21,2
5055873,47827,428,5429,21,2
5055973,65519,131660,1661,12,2
5056001,73769,34770,4771,18,2
5056001,73769,152283,4799,18,2
5056069,36244,154086,4087,12,2
5056258,50180,51994,1995,18,2
5056354,45476,6177,3678,14,0
5056354,45476,73958,3959,14,0
5056385,68465,193882,3883,16,0
5056615,36730,106782,6783,1,1
5056640,57904,151685,6716,13,4
5056640,57904,155658,8174,13,4
5056704,20347,136986,2013,18,2
5056866,35231,97186,7187,15,0
5057121,57386,74567,4568,23,3
5057121,57386,149338,9339,23,3
5057155,69814,161764,6797,13,4
5057157,57424,71180,3688,16,0
5057185,73936,39800,9801,12,2
5057280,38539,104675,7186,17,1
5057376,51949,149043,1558,16,0
5057440,72758,973,8474,19,3
5057541,53744,167691,2724,14,0
5057633,35368,185582,3137,0,0
5057857,24790,166896,1929,22,3
5057958,40003,8479,5980,19,3
5058017,41755,49715,7228,20,4
5058018,67327,156595,6596,20,4
5058085,47714,151933,9479,19,3
5058501,69913,148757,6300,0,0
5058533,34120,43275,3276,19,3
5058535,62479,44805,7310,23,3
5058535,62479,96351,6352,23,3
5058561,54842,105583,5584,1,1
5058695,31564,129135,4160,13,4
5058948,63586,13734,6236,15,0
5058977,73225,131139,8679,21,2
5059042,29312,8707,8708,17,1
5059234,67654,120363,2876,24,1
5059330,58330,105252,7763,15,0
5059429,33121,52206,7217,0,0
5059495,65791,190586,3106,15,0
5059558,60646,113792,6304,0,0
5059651,39026,144681,4682,19,3
5059781,24418,140940,3455,19,3
5059814,51403,88100,5625,14,0
5060005,65048,3602,8603,22,3
5060005,65048,118853,8854,22,3
5060134,24808,140316,7859,16,0
5060192,50453,144123,4124,12,2
5060454,39914,6577,4078,0,0
5060486,30169,121014,6039,1,1
5060550,42559,56830,6831,15,0
5061152,55025,135544,5545,0,0
5061284,45913,90007,2517,16,0
5061698,20935,97234,4762,1,1
5061701,57323,198597,6155,18,2
5061760,23744,196558,6559,0,0
5061859,52649,175860,5861,14,0
5061959,25531,87386,2403,22,3
5062145,48715,129012,6549,16,0
5062150,44404,64852,9865,21,2
5062343,21604,151571,9117,24,1
5062532,54895,68820,3833,17,1
5062759,48691,97908,7909,20,4
5062885,27313,45115,7620,15,0
5062885,27313,182427,9982,15,0
5062915,65624,57711,2722,19,3
5062915,65624,195249,7769,19,3
5063459,29326,78338,8339,21,2
5063687,27769,63727,3728,18,2
5063840,34654,121148,6173,21,2
5064004,50203,24171,4172,13,4
5064161,62519,169079,6628,13,4
5064289,49870,115062,7574,0,0
5064416,54842,52044,4550,1,1
5064706,41977,105233,5234,16,0
5064833,73289,101979,4490,15,0
5064967,36007,148895,8896,18,2
5065058,62302,129585,9586,19,3
5065152,46465,31299,6306,22,3
5065282,35689,17598,5102,24,1
5065282,35689,160041,7590,24,1
5065601,72578,47495,7496,15,0
5065606,60361,75943,8451,17,1
5065635,51728,183645,6164,23,3
5065701,20041,176360,8878,19,3
5065895,48151,60984,8503,0,0
5066115,33523,106704,6705,20,4
5066178,66182,125348,7861,14,0
5066336,48022,49636,2141,13,4
5066339,55625,839,8340,12,2
5066722,37411,165304,7821,24,1
5066916,22625,104241,4242,18,2
5066947,63883,30354,5361,15,0
5067013,69466,113149,3150,21,2
5067106,42811,37446,9950,13,4
5067206,38437,72153,4661,19,3
5067238,55121,17959,5463,16,0
5067426,68029,33916,8923,19,3
5067428,21859,67288,9795,13,4
5067748,19558,10648,3150,21,2
5067808,21814,173808,6326,20,4
5067974,51620,29660,2163,13,4
5068034,73330,52532,5038,24,1
5068097,60029,68475,5994,14,0
5068705,55642,94929,4930,0,0
5068739,47813,66813,4332,17,1
5068992,72124,27584,7585,24,1
5068994,32777,159594,2110,13,4
5069028,44140,148652,6195,0,0
5069412,55121,64596,7103,16,0
5069734,21605,184244,6763,13,4
5069765,24631,149714,9715,21,2
5069826,50645,126390,6391,12,2
5069860,33970,167392,4941,22,3
5070050,51403,82087,2088,14,0
5070052,27658,161285,6318,19,3
5070112,70346,7203,4704,12,2
5070115,1393,134261,6775,24,1
5070528,29947,158399,8400,18,2
5070528,29947,180985,6022,18,2
5070530,52693,29889,2392,22,3
5070530,52693,46495,4008,22,3
5070752,26221,114049,1583,14,0
5070789,55630,26673,4180,14,0
5071042,39094,173426,8461,16,0
5071111,28225,176161,3713,12,2
5071329,27266,4915,4916,15,0
5071527,57796,159449,1965,1,1
5071556,63574,24671,2178,16,0
5071649,37894,20557,5562,22,3
5072005,26047,25879,8382,16,0
5072066,42785,198931,1451,16,0
5072288,68513,61673,1674,18,2
5072292,47011,36960,4470,23,3
5072418,66949,72444,2445,0,0
5072484,42950,1918,9419,17,1
5072516,24628,11553,6556,17,1
5072519,23537,178531,6083,23,3
5072609,42700,85447,5448,13,4
5072898,19051,178879,3914,22,3
5072899,71146,60661,3168,20,4
5072966,27448,180793,3312,13,4
5072994,63304,160626,5659,16,0
5073026,54791,17355,2358,22,3
5073056,38443,15339,5340,17,1
5073444,49814,42395,9908,12,2
5073507,53678,10746,3248,20,4
5073604,65216,169572,9573,14,0
5073761,67471,115186,2720,17,1
5073793,24991,97380,7381,20,4
5073894,56264,41574,1575,13,4
5073922,40090,55963,3479,15,0
5074370,26443,70867,8389,17,1
5074407,45661,9421,1922,16,0
5074531,69778,98853,6381,20,4
5074534,55225,21670,1671,23,3
5074534,55225,66081,6082,23,3
5074562,22514,129912,9913,0,0
5074594,43612,108446,5977,24,1
5074629,57001,15338,2842,0,0
5075076,66053,178914,6466,14,0
5075331,70690,44484,6989,16,0
5075457,70171,16915,1918,1,1
5075649,38731,94684,4685,17,1
5075815,52946,46022,3535,1,1
5076102,24152,35621,5622,21,2
5076199,31852,164408,1957,1,1
5076486,64045,40150,7663,23,3
5076486,64045,116724,4258,23,3
5076512,27514,109465,1976,18,2
5076517,20686,120854,5879,18,2
5076519,23717,83921,3922,22,3
5076549,26296,170956,5991,13,4
5076609,24838,192252,9810,1,1
5076674,50405,44366,9375,16,0
5076741,56992,193571,3572,13,4
5076772,34228,713,3214,24,1
5076898,57866,6631,6632,19,3
5076931,32902,196283,8803,18,2
5077029,21226,163781,6298,23,3
5077088,52091,77310,2325,18,2
5077319,46298,73186,3187,15,0
5077543,57355,71861,6876,15,0
5077927,22123,121306,3819,12,2
5077991,42199,15986,5987,1,1
5078020,44056,318,7819,22,3
5078245,39229,54556,4557,17,1
5078534,59668,107627,7628,0,0
5078912,57958,48813,6326,20,4
5078912,57958,102414,4925,20,4
5078912,57958,151861,6892,20,4
5078976,36989,96185,8695,20,4
5079460,45511,97700,7701,1,1
5079686,41827,189658,7213,21,2
5079713,51112,74248,6756,20,4
5079713,51112,101871,6892,20,4
5079745,45301,109567,9568,23,3
5079907,1711,61911,1912,15,0
5080128,21793,89832,9833,13,4
5080256,48247,3150,8151,1,1
5080454,69502,68401,8402,19,3
5080576,1567,30608,5615,24,1
5080675,53458,87470,9979,0,0
5080709,20420,63933,8946,22,3
5080929,34141,164938,9971,17,1
5080992,19978,21383,8890,19,3
5081058,28372,26960,9463,15,0
5081058,28372,35684,8188,15,0
5081123,32198,91703,4213,1,1
5081282,50305,48889,8890,19,3
5081414,65072,147166,7167,0,0
5081473,53050,48570,6083,23,3
5081478,33532,116762,6763,13,4
5081537,38068,30356,7866,19,3
5081540,33172,109458,6989,16,0
5081956,35806,144785,7300,19,3
5082339,50155,78819,6341,18,2
5082371,52130,101062,3573,21,2
5082599,20891,175468,7986,13,4
5082599,20891,190191,5230,13,4
5082693,31408,107737,2758,14,0
5082819,73370,80925,5942,22,3
5082945,45460,116457,8969,18,2
5083078,44968,143404,3405,16,0
5083078,44968,183885,1440,16,0
5083107,37796,17135,7136,17,1
5083332,62150,178902,1420,16,0
5083334,55694,77194,9702,17,1
5083334,55694,146166,8681,17,1
5083396,71894,37501,5011,1,1
5083460,30067,149189,4218,24,1
5083554,25595,162790,7823,22,3
5083619,66821,79851,2359,1,1
5083878,47323,132279,9819,24,1
5084039,26839,124382,4383,23,3
5084135,27061,49895,4904,16,0
5084416,49915,199932,9933,14,0
5084419,36793,64649,7156,0,0
5084423,21571,34077,1587,24,1
5084519,55346,151437,8983,19,3
5084549,20806,99004,4023,21,2
5084832,70735,44152,1665,20,4
5084932,47138,132190,7217,0,0
5085027,34468,188175,3212,20,4
5085250,63838,196194,6195,0,0
5085280,35947,123456,3457,13,4
5085280,35947,128853,6390,13,4
5085506,36365,80053,5070,13,4
5085668,28531,19821,2323,20,4
5085761,58133,159837,7383,24,1
5085856,72133,62948,7961,19,3
5085959,72832,165811,5812,13,4
5086145,39541,156179,3725,12,2
5086243,56809,22338,4841,1,1
5086404,27841,173192,8227,15,0
5086599,23500,122031,2032,22,3
5086722,42371,103101,5612,13,4
5086819,71353,96484,8994,14,0
5086914,70384,72328,9850,20,4
5087139,59543,151676,6707,13,4
5087425,54767,38117,3124,15,0
5087559,36565,36911,1918,1,1
5087648,69133,179444,4479,12,2
5087847,69760,94006,6516,21,2
5087908,57830,157087,4633,24,1
5088065,24475,123244,5757,23,3
5088098,30782,68254,3267,20,4
5088229,71156,102322,2323,20,4
5088645,19285,165899,8416,0,0
5088771,66019,97869,2888,21,2
5088967,25150,1100,8601,18,2
5088998,45655,181300,3819,12,2
5089028,72365,119231,9232,22,3
5089060,56365,125980,3517,20,4
5089157,20546,178719,3754,22,3
5089380,59078,173702,1254,16,0
5089409,33319,36244,1251,20,4
5089410,26359,37001,7002,20,4
5089414,22996,129720,9721,20,4
5089474,73627,105329,5330,15,0
5089506,22979,116420,3954,23,3
5089538,21344,23018,5521,1,1
5089895,25900,149091,1606,24,1
5089955,20773,37085,9589,15,0
5090306,32375,128916,1429,21,2
5090498,45098,77377,2392,22,3
5090563,49997,125661,5662,20,4
5090627,45734,186942,6943,16,0
5090722,69001,115848,3382,17,1
5090816,43208,137529,2556,21,2
5091012,74035,64965,2484,18,2
5091046,71344,192214,2215,21,2
5091110,56845,78382,5904,22,3
5091269,21169,69157,9158,22,3
5091431,1519,168516,8517,14,0
5091456,21242,20610,5615,24,1
5091681,69628,72977,2978,20,4
5091908,49324,108069,8070,22,3
5092355,51793,158033,8034,22,3
5092576,41551,147996,7997,17,1
5092576,41551,153563,8594,17,1
5092768,35662,35706,8210,20,4
5092930,57913,8426,5927,22,3
5093158,57065,186897,1934,23,3
5093350,70651,21879,1880,22,3
5093350,70651,33921,3922,22,3
5093380,55141,174304,9339,23,3
5093762,31444,126953,4490,15,0
5093793,51857,164863,7380,1,1
5094182,27581,45354,5355,12,2
5094182,27581,174897,4898,12,2
5094210,74752,31884,1885,16,0
5094725,35929,103693,8714,22,3
5094759,43330,167345,4894,17,1
5094951,22463,53179,3180,0,0
5095042,48886,164790,9823,13,4
5095079,1802,134458,1998,23,3
5095175,64840,137400,9914,1,1
5095239,33775,179067,9068,0,0
5095303,51551,36089,8593,12,2
5095555,28910,141872,6901,0,0
5095937,34360,118041,8042,1,1
5095974,23239,72942,5450,12,2
5096000,22300,173835,1387,13,4
5096196,55567,156352,8868,24,1
5096225,30412,125913,3450,22,3
5096512,54313,54024,6530,24,1
5096642,40616,38511,8512,16,0
5096674,49312,104478,6989,16,0
5096675,33556,128058,3083,18,2
5096803,65413,18957,6461,0,0
5096806,58771,4054,4055,12,2
5096934,46826,156650,1681,12,2
5096960,67165,184115,4116,17,1
5097026,36431,29095,4100,20,4
5097094,72857,92747,7766,24,1
5097189,42791,105313,5314,1,1
5097220,25900,177300,2335,24,1
5097314,46702,61984,1985,24,1
5097317,49294,192824,2825,24,1
5097379,41914,176523,6524,19,3
5097415,49340,171855,6890,14,0
5097506,51109,45809,8314,22,3
5097571,57640,187618,2655,21,2
5097575,61012,197892,7893,22,3
5097605,72820,2156,9657,18,2
5097637,49744,176535,4087,12,2
5097698,60722,79763,7285,23,3
5098054,58798,151274,6305,13,4
5098149,67813,152843,2844,15,0
5098501,54232,16964,6965,18,2
5098562,40015,58478,3489,19,3
5098597,54613,6175,8676,23,3
5098598,29098,107142,2163,13,4
5098786,71680,103875,3876,18,2
5098919,61258,114400,9423,17,1
5099265,45313,7307,9808,18,2
5099559,31820,9546,4547,18,2
5099814,65291,28445,8446,19,3
5100006,73769,137448,9962,18,2
5100195,34198,71581,6596,20,4
5100259,68345,31427,8937,13,4
5100293,61891,38647,6157,17,1
5100387,39955,151145,3661,1,1
5100417,68326,189031,6586,22,3
5100640,65239,69360,9361,17,1
5100836,62314,15860,3364,16,0
5100965,58369,174084,9119,22,3
5100994,37204,58811,1317,23,3
5101479,39727,7388,9889,15,0
5101638,70342,104118,6629,20,4
5101703,36967,64935,9948,1,1
5101733,69658,192927,7966,21,2
5101796,67508,6361,6362,14,0
5101799,46952,39856,4863,1,1
5101958,1829,81787,1788,0,0
5102017,28445,26990,9493,17,1
5102240,47734,104999,7510,1,1
5102274,48799,14903,9906,24,1
5102310,23617,102449,4960,22,3
5102405,72437,40484,5493,19,3
5102535,63428,127587,2612,1,1
5102594,33964,149806,7349,1,1
5102627,63556,191879,6918,17,1
5102917,33937,179336,1854,1,1
5103046,40432,134520,4521,24,1
5103554,19069,129628,2141,13,4
5103972,57379,78276,3291,22,3
5103972,57379,101411,3922,22,3
5104228,27361,64468,1987,12,2
5104356,48457,188621,6176,19,3
5104420,52372,141421,6450,20,4
5104871,47236,123393,5906,20,4
5104997,58276,136203,8717,22,3
5104999,51124,71296,3804,1,1
5105411,61087,131010,8550,1,1
5105857,55753,53868,6374,21,2
5105926,50854,129068,1581,13,4
5106052,20524,87193,7194,19,3
5106432,44530,130947,8487,13,4
5106502,63670,5303,2804,16,0
5106502,63670,63026,5533,16,0
5106627,49088,2421,4922,18,2
5106630,71456,96185,8695,20,4
5106663,64547,54818,2334,21,2
5106721,56791,108357,3378,24,1
5106912,53896,107402,2423,16,0
5107296,56611,19910,9911,0,0
5107296,56611,165209,5210,0,0
5107457,55423,131801,6828,19,3
5107776,23038,117487,5021,0,0
5107876,73492,31515,6522,19,3
5107876,73492,175762,5763,19,3
5108098,61381,96552,6553,12,2
5108131,42464,11008,3510,1,1
5108160,51040,116709,4243,15,0
5108516,32309,155519,8035,22,3
5108548,63442,5589,5590,24,1
5108550,21325,59142,9143,0,0
5108582,23314,148445,8446,19,3
5108706,33910,16040,3544,24,1
5108711,58045,130273,2787,24,1
5108801,38155,116299,8811,20,4
5108834,25840,150629,5660,1,1
5108869,66004,113963,8986,23,3
5108869,66004,164962,7479,23,3
5108871,22468,6404,8905,16,0
5109030,43330,68850,6369,17,1
5109092,29951,87384,2401,13,4
5109127,36238,42964,5469,20,4
5109184,67984,180985,3504,0,0
5109509,38701,171015,8567,19,3
5109540,58184,22312,4815,17,1
5109670,71788,91609,1610,18,2
5109794,33545,95692,5693,1,1
5109828,69146,165054,7571,17,1
5110019,55081,50579,3085,0,0
5110146,64901,185101,7620,15,0
5110246,69784,144078,4079,16,0
5110279,30592,74267,1789,20,4
5110340,32219,121970,6995,23,3
5110499,50083,141492,4007,21,2
5110721,64909,46653,6654,15,0
5110880,42199,83540,6049,1,1
5111107,31885,72320,7335,16,0
5111234,50207,187415,4970,0,0
5111557,59659,74039,6547,20,4
5111847,50524,96548,9058,0,0
5112231,26308,7701,5202,1,1
5112231,26308,41710,9223,1,1
5112449,20206,157242,2273,19,3
5112515,23942,34352,6856,18,2
5112519,33307,156548,4094,17,1
5112743,39061,25705,3212,20,4
5112743,39061,184163,9200,20,4
5113027,24557,166434,3983,18,2
5113091,30388,33429,3430,15,0
5113538,39392,160150,2667,18,2
5113638,49145,118408,3431,22,3
5113826,32737,31007,8517,14,0
5114049,55279,18957,1459,24,1
5114083,40240,133407,5921,17,1
5114277,73741,182761,7798,19,3
5114407,63934,2590,7591,22,3
5114407,63934,197250,2289,22,3
5114528,19288,149786,7329,22,3
5114535,33968,79336,9337,20,4
5114658,66761,51020,8536,1,1
5114752,62848,122815,7840,14,0
5115104,74824,19602,2104,16,0
5115175,21574,185716,8235,21,2
5115200,22834,135030,7544,16,0
5115394,64304,26458,3965,23,3
5115780,29789,26521,1526,22,3
5115783,35417,2934,2935,16,0
5115783,35417,108237,5768,16,0
5115943,53012,91558,9086,24,1
5115974,74480,25566,8069,1,1
5116000,73451,102406,4917,17,1
5116006,51793,373,5374,22,3
5116034,37987,106830,1851,15,0
5116227,36400,173256,5774,20,4
5116320,74032,57776,5292,0,0
5116513,55759,140098,7641,17,1
5116544,59437,174476,6994,19,3
5116832,47986,29221,9222,18,2
5117057,38242,96343,3871,0,0
5117472,65396,191411,6450,20,4
5117474,25702,64730,9743,13,4
5117696,56300,24579,7082,18,2
5117699,28556,26476,3983,18,2
5117763,59858,181192,8747,0,0
5117794,54115,6288,6289,12,2
5118021,62123,195415,7935,0,0
5118087,39899,56318,3834,20,4
5118150,70195,4937,2438,16,0
5118212,55301,128148,5685,20,4
5118464,33649,110270,5293,23,3
5119076,45253,119538,9539,21,2
5119077,63617,48356,5869,24,1
5119104,23884,139823,2337,17,1
5119207,25156,41664,6673,13,4
5119558,49381,47606,2615,20,4
5119687,31820,111039,3551,18,2
5119942,1405,32112,4616,16,0
5120068,54916,68523,6042,21,2
5120068,54916,166457,8974,21,2
5120132,58055,197359,4917,17,1
5120135,38083,169909,9910,17,1
5120199,52465,143306,3307,13,4
5120865,69106,130384,2898,13,4
5120932,46163,146566,1595,20,4
5120933,60121,160065,5098,1,1
5120966,23645,36758,1765,19,3
5120999,63995,66114,3633,24,1
5121059,53770,90684,3194,1,1
5121159,74417,44013,9022,13,4
5121409,65930,118112,5646,0,0
5121472,42946,35695,3205,20,4
5121506,24592,121580,6605,0,0
5121700,58988,154481,9512,14,0
5121731,65846,93224,5734,0,0
5121761,38237,120637,3150,21,2
5121799,23062,164384,4385,1,1
5121953,41716,198282,5840,12,2
5121986,53894,34877,7381,20,4
5121986,53894,77041,2056,20,4
5122176,27521,57773,5289,21,2
5122176,27521,88991,6516,21,2
5122501,56131,97518,7519,1,1
5122567,57475,139596,7136,17,1
5122624,36049,153692,8723,12,2
5122695,64121,32688,7695,24,1
5122788,26192,179046,4081,12,2
5122817,34594,199124,4163,20,4
5122944,51032,190213,2733,1,1
5123008,36109,199237,4276,16,0
5123204,61403,143394,3395,23,3
5123236,26437,80888,8413,1,1
5123461,41429,123138,5651,13,4
5123619,54085,90401,7929,17,1
5123655,30218,192894,7933,14,0
5123910,30916,58621,6137,24,1
5124224,69235,74621,2143,1,1
5124354,58907,113288,8311,1,1
5124416,43621,160312,5345,16,0
5124449,29842,70445,5460,12,2
5124449,29842,155778,5779,12,2
5124838,61751,90051,7579,20,4
5124868,34114,20992,3495,1,1
5125186,54245,143771,6286,22,3
5125346,29122,161879,6912,24,1
5125478,43727,76725,6726,23,3
5125696,36791,34376,9383,24,1
5125733,42335,52808,5314,1,1
5125733,42335,129545,2058,1,1
5125765,30136,166029,3578,21,2
5125794,46816,133180,3181,14,0
5125888,70834,98969,3988,24,1
5126083,54346,77025,4547,18,2
5126406,67696,41903,6912,24,1
5126406,67696,86074,6075,24,1
5126784,50347,70577,5592,1,1
5126819,28414,58040,5556,13,4
5126880,45376,129703,2216,12,2
5126881,27127,199388,1908,16,0
5126981,52249,104543,7054,20,4
5127430,37312,90151,5170,17,1
5127553,70039,53992,9003,18,2
5127553,70039,109882,2393,18,2
5127587,19337,152872,5388,23,3
5127591,30232,142518,2519,1,1
5127872,61688,197797,7798,19,3
5127879,42223,134211,9238,18,2
5127975,25933,65009,5010,22,3
5128133,40459,86037,6038,15,0
5128480,72425,31387,6394,20,4
5128578,73330,93221,8240,24,1
5128736,40642,44399,6904,17,1
5128771,55709,97921,5449,21,2
5128866,26185,24946,4947,22,3
5128896,63850,175292,2844,15,0
5128901,56474,36355,1362,0,0
5128965,24553,148411,8412,14,0
5129058,26426,158654,8655,14,0
5129153,45595,92090,7109,23,3
5129415,26569,9152,6653,12,2
5129702,48559,195642,8162,21,2
5129764,64711,7742,7743,15,0
5130275,73325,96757,9267,15,0
5130311,56647,142351,7380,1,1
5130375,65542,182194,9749,23,3
5130402,72098,122274,4787,24,1
5130721,25825,161143,6176,19,3
5131014,55501,99089,6617,20,4
5131205,29737,150465,2981,19,3
5131399,72335,82485,7502,18,2
5131617,74879,187012,2049,14,0
5131714,27248,172342,9894,15,0
5132037,33905,59080,1586,18,2
5132096,49051,157738,5284,15,0
5132263,58231,94807,2335,24,1
5132321,69938,20806,5811,19,3
5132422,26428,33518,3519,20,4
5132711,53459,74659,7167,0,0
5133095,44273,104830,7341,16,0
5133123,45844,198015,8016,1,1
5133376,40045,146621,1650,18,2
5133607,58435,49209,9210,24,1
5133955,56369,12177,4679,16,0
5133989,22498,124353,6866,22,3
5134083,42709,36018,8522,22,3
5134342,27260,20760,8267,22,3
5134467,23101,45614,3127,24,1
5134528,50095,110846,8380,1,1
5134758,39196,113632,3633,24,1
5134983,59281,74690,4691,23,3
5135008,34222,110980,6003,23,3
5135047,19826,2493,9994,16,0
5135142,32258,157861,2892,12,2
5135650,40079,104045,6556,17,1
5135650,40079,150450,7996,17,1
5135713,32822,187623,5178,20,4
5135747,40339,80690,3199,18,2
5135813,47020,167625,7626,20,4
5135909,18898,81485,9010,22,3
5135911,43924,109472,4493,24,1
5135911,43924,112186,2187,24,1
5136032,67456,194530,2088,14,0
5136036,52207,98247,3266,20,4
5136102,31990,186917,4472,20,4
5136166,56272,198280,8281,16,0
5136513,46096,40,7541,22,3
5136771,52279,47354,2363,18,2
5136806,69785,58037,8038,24,1
5136870,41017,151341,1342,0,0
5136965,74650,167605,5154,17,1
5136992,41554,183274,5793,24,1
5137126,35011,182460,7497,20,4
5137223,74791,152982,5498,13,4
5137223,74791,158009,8010,13,4
5137344,70270,118293,3316,0,0
5137575,37343,98195,8196,15,0
5137635,56590,164217,6734,14,0
5137703,59246,40065,7578,19,3
5137824,39596,149120,4149,0,0
5137824,39596,149357,9358,0,0
5137991,72314,171003,6038,15,0
5138180,22027,98145,5673,16,0
5138180,22027,116544,1567,16,0
5138438,43193,41902,4407,1,1
5138438,43193,95737,5738,1,1
5138464,47707,163850,3851,16,0
5138596,56546,7507,2508,12,2
5138693,61606,30083,7593,13,4
5138726,68350,18598,6102,1,1
5138752,69518,150279,7825,24,1
5138788,26198,41296,6305,13,4
5138816,58550,70878,3386,24,1
5138919,55714,109589,4610,13,4
5138982,67424,162154,7187,15,0
5139073,69074,42933,5438,16,0
5139169,64637,180483,8038,24,1
5139522,42296,71129,8651,21,2
5139751,39082,163369,5886,23,3
5139812,40774,48840,1345,12,2
5139842,39820,124894,7407,23,3
5139970,73205,133847,1387,13,4
5139971,55195,20883,3386,24,1
5140034,35953,83837,3838,16,0
5140260,71125,66765,6766,12,2
5140388,57316,191006,8564,1,1
5140419,43034,117743,7744,15,0
5140615,50930,121882,6907,0,0
5140678,38659,146707,6708,16,0
5140871,26818,192198,4718,18,2
5140903,42221,85984,8493,15,0
5140996,33322,184879,9916,13,4
5141280,58603,16506,1509,1,1
5141377,70681,88488,3505,24,1
5141377,70681,99905,9906,24,1
5141415,66913,187192,2229,22,3
5141509,71956,58296,5812,13,4
5141664,38614,32552,2553,16,0
5141729,56929,1362,1363,0,0
5141764,51982,110382,5405,24,1
5141792,67432,180744,8299,1,1
5141828,53269,149835,4864,24,1
5142023,64465,193422,8461,16,0
5142304,40202,103114,8135,21,2
5142498,18953,61951,1952,13,4
5142820,73213,82101,9626,21,2
5143077,45719,12242,9746,15,0
5143299,18763,163864,6381,20,4
5143524,71782,135375,2915,20,4
5143843,40732,88935,1444,12,2
5143970,35630,163683,3684,23,3
5144192,68257,110140,5163,19,3
5144548,66941,45926,5927,22,3
5144967,66601,83671,8688,15,0
5145059,70396,163337,5854,18,2
5145063,19757,161159,3676,13,4
5145281,29638,161361,6394,20,4
5145319,56182,77628,2643,21,2
5145509,20963,189191,1710,21,2
5145538,22570,178128,5680,23,3
5145570,42787,126617,4154,18,2
5145603,49208,137388,9902,18,2
5145603,49208,167082,7083,18,2
5145734,1864,6871,1872,22,3
5145826,50953,146377,6378,20,4
5145889,24401,131468,6495,24,1
5145889,24401,164964,4965,24,1
5145891,38057,181434,3953,18,2
5146151,64627,73850,6358,15,0
5146151,64627,89136,4153,15,0
5146182,56971,129508,9509,21,2
5146215,53884,17280,7281,1,1
5146215,53884,39777,9778,1,1
5146243,34792,145759,8274,18,2
5146247,61085,16927,1930,21,2
5146404,52462,175725,3277,21,2
5146624,51011,63936,1455,12,2
5146721,62717,151226,8772,18,2
5146816,44878,25051,2558,24,1
5146887,20779,114237,1771,1,1
5146887,20779,168041,8042,1,1
5147104,48151,34574,9581,0,0
5147109,1550,139101,1615,20,4
5147109,1550,178110,5662,20,4
5147392,33445,149508,4537,13,4
5147686,51805,148768,6311,22,3
5148290,40648,109959,9960,19,3
5148416,27676,51380,6391,12,2
5148514,71728,178662,8663,12,2
5148898,39791,104671,9692,1,1
5148930,34067,181864,9419,17,1
5149056,20144,146401,8916,18,2
5149250,72680,145812,5813,15,0
5149250,72680,153687,6203,15,0
5149476,52597,142104,4619,22,3
5149634,22556,140461,8004,13,4
5149733,21595,87904,5429,21,2
5149733,21595,195615,8135,21,2
5150114,67252,12561,2562,18,2
5150177,50462,134929,2469,13,4
5150337,57554,84503,4504,23,3
5150598,23449,153748,1294,15,0
5150689,23086,29572,4577,22,3
5150947,24541,55305,5306,23,3
5150977,61354,170024,5059,1,1
5151015,70357,62224,4731,12,2
5151041,37807,147358,9873,19,3
5151136,19591,64312,6819,12,2
5151456,71662,165115,2664,18,2
5151905,31138,87888,7889,20,4
5152097,65447,88187,8188,15,0
5152164,71170,109365,9366,19,3
5152384,32053,38114,3121,19,3
5152742,70549,81000,6017,15,0
5153024,22609,107401,4932,15,0
5153184,48382,113031,3032,16,0
5153223,22790,110509,5532,1,1
5153285,54547,152086,9632,14,0
5153316,23080,114128,6640,17,1
5153383,36392,96355,8865,1,1
5153604,48392,134287,6801,15,0
5153700,36241,39881,9882,15,0
5153729,71728,45894,8399,12,2
5153798,74467,186238,6239,23,3
5153798,74467,186351,6352,23,3
5154083,37150,13965,6467,22,3
5154182,61282,174782,7300,19,3
5154183,38266,70329,5344,17,1
5154245,35636,198475,8476,0,0
5154500,68606,102604,7625,23,3
5154885,55153,3809,6310,12,2
5154977,25280,46132,3645,20,4
5155043,63418,32322,9832,21,2
5155297,71467,18991,8992,17,1
5155745,39250,93361,8380,1,1
5155745,39250,170293,5328,1,1
5155778,58183,125514,3051,24,1
5155973,54035,18802,3805,21,2
5156291,40492,125499,8012,18,2
5156996,47360,60631,5644,1,1
5157123,41339,4738,2239,0,0
5157123,41339,7638,5139,0,0
5157190,24616,160672,5705,0,0
5157346,56023,567,3068,18,2
5157574,53557,1793,4294,24,1
5157668,63544,160662,5695,18,2
5157799,57299,72170,7185,16,0
5158019,41002,161286,1287,0,0
5158241,69130,43272,3273,23,3
5158274,19072,112064,7087,15,0
5158402,67901,169098,6647,24,1
5158438,31396,65936,8443,13,4
5158625,72095,69956,2463,1,1
5158657,34297,74291,6799,18,2
5158693,66619,69114,9115,23,3
5158727,30991,138174,5714,19,3
5158727,30991,186972,6973,19,3
5158790,44035,136370,3910,17,1
5158884,30899,113231,3232,22,3
5158918,39980,177300,9818,0,0
5159334,58802,8675,8676,23,3
5159490,43216,10410,2912,12,2
5159586,59710,143946,8975,24,1
5159684,54016,178763,8764,18,2
5159776,65383,80010,11,18,2
5159776,65383,183905,8942,18,2
5159969,61585,121130,6155,18,2
5160258,70523,162554,5071,12,2
5160325,58511,102294,7315,22,3
5160645,28834,85367,2892,12,2
5160741,71168,189923,9924,23,3
5160901,62779,182602,2603,17,1
5160996,22027,168388,5937,16,0
5161057,68530,32336,7343,23,3
5161316,32788,156376,1407,0,0
5161509,69673,81676,9201,17,1
5161697,61294,196562,6563,16,0
5161762,22744,73209,5717,18,2
5162471,34532,94052,4053,1,1
5162631,22591,57694,5210,0,0
5162631,22591,124183,1720,0,0
5162785,47236,138712,8713,20,4
5162790,34771,178239,3274,24,1
5163014,35870,103315,5826,12,2
5163264,38953,69894,7413,13,4
5163302,51784,2537,7538,16,0
5163425,50986,137712,7713,21,2
5163461,21293,2415,7416,17,1
5163461,21293,186107,8626,17,1
5163907,19777,84278,4279,22,3
5163943,33982,101810,9341,21,2
5163971,24712,1541,4042,18,2
5164099,51289,42146,7155,12,2
5164129,65488,65100,5101,16,0
5164129,65488,81516,4025,16,0
5164582,72067,166576,9093,1,1
5164710,48809,169208,1725,23,3
5164771,58202,2672,2673,16,0
5164932,55373,76072,8580,21,2
5165094,61492,163783,3784,19,3
5165094,61492,195046,5047,19,3
5165216,56339,27881,5388,23,3
5165221,70198,71079,6094,0,0
5165253,46721,110676,5699,13,4
5165280,57112,67229,9736,1,1
5165536,36904,180898,3417,23,3
5165799,37094,177902,5454,16,0
5165799,37094,195587,8107,16,0
5166023,71587,101746,6767,20,4
5166117,68911,48779,1284,16,0
5166272,40408,139625,7165,0,0
5166752,44162,48813,1318,21,2
5166789,71320,85671,5672,17,1
5166848,49822,178185,8186,13,4
5166881,72923,149768,7311,13,4
5167169,73139,111156,3668,17,1
5167172,62078,52280,7291,17,1
5167271,70837,3332,8333,20,4
5167334,50071,21395,3898,22,3
5167366,32167,99139,9140,22,3
5167366,32167,188142,3179,22,3
5167397,39895,174315,1867,22,3
5167621,44012,61238,8757,23,3
5167718,44369,84233,9250,0,0
5168098,23569,119187,6721,0,0
5168260,49375,49531,4540,16,0
5168261,39082,11419,6422,23,3
5168288,49849,80100,7625,23,3
5168481,61282,29075,9076,19,3
5168676,62947,57302,9808,18,2
5168804,46111,107980,5511,16,0
5168805,71828,11853,4355,16,0
5168870,64499,64332,1851,15,0
5168965,32422,27909,2914,21,2
5169347,54148,63448,3449,17,1
5169350,57463,143926,3927,23,3
5169415,56329,152976,5492,17,1
5169415,56329,157634,7635,17,1
5169476,29113,89989,5006,1,1
5169765,28474,83867,6376,23,3
5169890,34291,10972,8476,0,0
5169893,45578,168907,6456,22,3
5169920,61265,158570,8571,19,3
5169924,46153,147001,2030,14,0
5170054,28318,24323,4324,12,2
5170400,62272,176735,4287,0,0
5170437,32000,15522,3026,19,3
5170562,60437,174027,4028,13,4
5170661,62584,184989,4990,18,2
5170695,60169,50516,3022,18,2
5170822,22732,44356,1869,21,2
5170850,26105,93952,8971,17,1
5170977,43223,112182,9716,18,2
5171301,30023,12948,7951,18,2
5171362,60773,141052,3567,16,0
5171457,28654,33524,6028,12,2
5171458,66655,41164,3669,23,3
5171749,58036,181463,9018,18,2
5171879,27914,90543,3053,23,3
5172162,33874,136647,9161,14,0
5172390,30026,161837,9386,13,4
5172480,32738,157497,2528,12,2
5172673,34987,87854,7855,18,2
5172675,33119,55770,3286,14,0
5172769,73492,146561,9076,19,3
5172770,47818,101208,8739,20,4
5172806,40706,21090,6095,17,1
5172930,38020,141661,9204,16,0
5172934,62572,57720,7721,22,3
5173029,44690,169636,7185,16,0
5173287,29812,9494,1995,18,2
5173376,53326,90569,8097,22,3
5173411,34888,36756,1763,18,2
5173510,64522,72386,4894,17,1
5173668,74338,137698,7699,1,1
5173702,49588,117763,7764,17,1
5174051,51233,179225,6777,17,1
5174115,41143,38351,5861,14,0
5174115,41143,70510,5525,14,0
5174305,49381,162868,2869,20,4
5174369,64510,173675,8710,19,3
5174405,34988,69642,2149,24,1
5174658,51979,154956,2502,1,1
5174694,18919,106473,4004,1,1
5174884,42515,113684,8707,16,0
5174884,42515,154660,2206,16,0
5175072,34489,20695,8202,13,4
5175073,35872,24334,9339,23,3
5175200,41758,10912,3414,20,4
5175395,45350,21732,9239,24,1
5175459,67063,13158,5660,1,1
5175749,70000,14814,7316,15,0
5175815,55702,47026,2035,13,4
5176356,69106,133314,8341,13,4
5176356,69106,195069,5070,13,4
5176579,49540,185693,3248,20,4
5176679,57422,181768,9323,12,2
5176705,68128,171933,1934,23,3
5176743,21946,3256,3257,18,2
5176743,21946,132743,7770,18,2
5176835,33068,117858,5392,0,0
5177031,65449,26219,3726,13,4
5177218,71431,76462,3984,16,0
5177223,70756,143782,3783,15,0
5177445,58267,102974,7995,17,1
5177958,57631,173854,8889,24,1
5178051,26272,6925,1926,22,3
5178144,42388,186271,8790,23,3
5178144,42388,189918,7473,23,3
5178277,67967,130426,7966,21,2
5178629,27559,11167,8671,20,4
5178660,28163,48441,3450,22,3
5178688,57634,19827,9828,17,1
5178727,25759,18655,8656,18,2
5178727,25759,148494,3523,18,2
5178788,63197,23669,3670,19,3
5178790,69712,23829,3830,19,3
5179107,61516,156763,4309,1,1
5179108,70180,105540,5541,18,2
5179109,50320,108774,8775,17,1
5179328,29293,74749,2271,24,1
5179328,29293,109067,1578,24,1
5179361,50410,180311,5348,12,2
5179362,27460,164501,4502,12,2
5179527,22168,54492,6998,21,2
5179718,51634,32834,5338,22,3
5179942,52552,193764,8803,18,2
5179968,27607,52592,2593,14,0
5180004,64808,143344,5859,22,3
5180135,51379,97047,4575,15,0
5180135,51379,110101,2613,15,0
5180162,18955,100615,3126,24,1
5180199,63389,81452,6469,23,3
5180260,66805,188401,8402,19,3
5180582,58549,119600,7134,17,1
5180645,31033,144381,4382,14,0
5180645,31033,162365,2366,14,0
5180774,69436,75024,2546,20,4
5180866,44833,22082,9589,15,0
5180871,29078,74463,6971,12,2
5180928,74578,73182,3183,22,3
5180929,21928,121729,6754,14,0
5180999,51901,134358,4359,1,1
5181379,27358,82552,5061,20,4
5181379,27358,102106,7127,20,4
5181382,53062,176041,6042,21,2
5181575,21563,114851,4852,23,3
5181636,22555,112016,4528,24,1
5181668,68917,143612,3613,23,3
5181732,44477,56312,6313,12,2
5181889,68617,102175,7196,0,0
5181987,36334,46328,1337,20,4
5182247,44044,9163,9164,20,4
5182247,44044,166222,8739,20,4
5182341,44696,111299,1300,23,3
5182566,32497,26047,3554,1,1
5182663,51413,139832,7372,23,3
5182754,49078,190018,2538,21,2
5182912,74102,135674,8188,15,0
5183492,29131,91820,4330,18,2
5183776,31805,82047,2048,0,0
5183776,31805,193846,1404,0,0
5183782,51605,196604,1643,15,0
5183941,45082,152393,4909,1,1
5184167,69778,39853,2357,20,4
5184262,56419,81717,1718,21,2
5184322,20765,45235,2748,14,0
5184325,64739,5524,3025,18,2
5184391,40604,101786,1787,24,1
5184516,66580,41418,6427,19,3
5184547,32005,62457,2458,0,0
5184771,28201,143372,5887,1,1
5184928,59518,133944,6458,0,0
5185254,49624,189662,4699,19,3
5185351,57463,184078,9115,23,3
5185601,56225,59677,9678,24,1
5185797,57857,96961,1980,17,1
5185862,67504,88726,3743,1,1
5185985,1691,22681,2682,12,2
5186117,33955,8521,8522,22,3
5186370,29528,115194,2728,24,1
5186436,19402,50983,8499,12,2
5186566,25858,65437,7944,17,1
5186914,71638,37846,5356,1,1
5186978,54073,189923,2442,19,3
5187266,48328,156006,8522,22,3
5187299,34132,179221,6773,24,1
5187329,51205,185686,8205,15,0
5187623,22897,67396,2409,21,2
5187653,48232,29018,6525,23,3
5187906,67177,8777,8778,18,2
5187971,37315,161357,1358,16,0
5188100,51797,163244,8277,18,2
5188515,48709,1676,6677,13,4
5188967,46970,49811,2316,1,1
5189120,67183,215,7716,13,4
5189188,20593,158580,3611,12,2
5189637,53501,149395,1910,21,2
5190215,69727,172030,2031,13,4
5190246,27854,89385,6910,19,3
5190404,24152,169848,7397,21,2
5190471,44065,160009,10,24,1
5190503,38708,114951,4952,14,0
5190630,62062,131315,8855,1,1
5190724,34795,146102,6103,21,2
5190756,24073,124523,2060,16,0
5190884,46897,154343,1889,19,3
5191299,50083,176413,1448,21,2
5191330,50020,129123,4148,17,1
5191429,45503,186576,6577,24,1
5191431,32878,179575,4610,13,4
5191527,29326,131585,9125,21,2
5191590,39232,69148,6667,20,4
5191874,32962,134006,6520,21,2
5192034,40495,132859,5373,19,3
5192099,49844,149162,4191,21,2
5192422,38384,175701,5702,12,2
5192450,48151,197625,5183,0,0
5192483,42949,130084,2598,13,4
5192576,60266,49146,4155,18,2
5192675,59924,82060,9585,19,3
5192837,53446,134188,6702,14,0
5192935,39529,189160,6715,19,3
5193027,57949,196306,1345,12,2
5193093,57910,133475,3476,13,4
5193349,30163,60109,7628,0,0
5193764,48238,51475,1476,21,2
5193895,20332,91700,4210,1,1
5193986,27835,9385,9386,13,4
5193988,60887,176916,1951,20,4
5194146,1375,105284,7795,14,0
5194305,24229,194496,9535,21,2
5194311,56695,87326,2343,17,1
5194336,51730,56722,4238,0,0
5194531,1196,24839,4840,20,4
5194564,37108,33915,3916,1,1
5194692,43246,87019,7020,13,4
5194753,24136,164104,9137,20,4
5194786,45431,58521,8522,22,3
5195046,65914,99052,4071,17,1
5195046,65914,153389,8420,17,1
5195171,56521,173979,9014,0,0
5195299,69796,70337,5352,13,4
5196035,48712,85318,7827,12,2
5196097,69037,31861,4365,18,2
5196097,69037,116252,8764,18,2
5196099,58715,29564,9565,23,3
5196130,58135,82550,5059,1,1
5196196,26365,185867,5868,16,0
5196325,20389,34930,4931,14,0
5196358,32002,85898,8407,16,0
5196483,49972,37655,7656,20,4
5196642,73343,142112,4627,1,1
5196707,33667,67080,4599,21,2
5196868,32585,114849,2383,16,0
5197122,38056,54834,9845,1,1
5197222,34132,33582,6086,24,1
5197478,45082,162110,2111,1,1
5197600,24475,58703,3714,23,3
5197696,64642,68091,5610,22,3
5197696,64642,194130,6650,22,3
5197760,51229,75905,3427,23,3
5197920,1600,130565,8105,20,4
5197987,1583,48706,3715,13,4
5198144,70555,41955,4460,22,3
5198144,70555,137028,2055,22,3
5198149,23308,9497,6998,21,2
5198150,74480,32698,5202,1,1
5198341,59422,131561,9101,14,0
5198434,59141,2662,7663,23,3
5198500,57637,147835,5378,16,0
5198660,52366,98874,8875,19,3
5198693,40595,140903,8446,19,3
5198980,66376,161946,4463,14,0
5198981,24670,9251,6752,18,2
5199012,51019,160597,5630,18,2
5199142,41500,198597,8598,14,0
5199200,44174,136317,3857,17,1
5199264,41744,108651,6182,17,1
5199397,34205,173318,8353,23,3
5199427,43090,127843,2868,16,0
5199431,29959,20244,5249,1,1
5199462,19457,143989,1532,12,2
5199557,68134,137349,4889,21,2
5199622,56333,129845,4870,16,0
5199776,59161,47199,9704,19,3
5199840,36710,77312,9820,21,2
5199845,54682,52953,7964,0,0
5199972,61115,89778,4795,19,3
5200098,21832,73082,8097,22,3
5200103,35518,94401,1929,22,3
5200128,68080,131265,6292,23,3
5200614,72838,192674,7713,21,2
5200837,29233,6541,4042,18,2
5201153,27386,95927,5928,16,0
5201187,24208,53547,3548,20,4
5201350,60652,102371,9902,18,2
5201669,62227,36378,1385,13,4
5201730,53360,79781,9782,16,0
5201735,20083,108099,5630,18,2
5201985,20569,172396,7431,13,4
5202112,67249,70604,3112,23,3
5202112,67249,121394,8931,23,3
5202144,51112,185814,8333,20,4
5202274,72041,166994,6995,23,3
5202371,33533,138747,6287,23,3
5202467,39247,196253,1292,13,4
5202496,73067,14443,6945,15,0
5202564,53234,34995,2505,15,0
5202624,24028,77728,7729,24,1
5202661,57233,162041,9590,15,0
5202689,41728,153040,5556,13,4
5202849,66256,15382,2886,1,1
5202918,68651,190385,2905,12,2
5202978,73591,176070,8588,0,0
5203204,48158,54097,4098,15,0
5203204,48158,169939,2456,15,0
5203364,54829,42089,2090,13,4
5203521,53885,123260,3261,24,1
5203683,70616,61183,8702,20,4
5203744,36748,169072,1589,17,1
5203779,64603,40523,5532,1,1
5204007,44710,9748,4749,22,3
5204035,50537,84466,1991,1,1
5204039,19951,117454,7455,13,4
5204071,36977,58631,8632,19,3
5204165,72814,182647,7684,0,0
5204166,54211,157963,7964,0,0
5204194,59974,57243,4759,18,2
5204354,63121,11919,6922,0,0
5204513,40558,38858,3865,16,0
5204515,39248,41362,3867,0,0
5204544,62971,42470,7479,23,3
5204609,48986,94872,9891,20,4
5204903,66838,81803,6820,12,2
5205027,41264,71137,8659,15,0
5205734,49657,167144,9661,22,3
5205990,47243,105780,3311,1,1
5206692,73300,23058,3059,14,0
5206850,62248,2060,9561,20,4
5206914,41716,12310,2311,12,2
5206982,70549,112849,5361,15,0
5207138,37706,142987,5502,17,1
5207207,60548,94253,6763,13,4
5207392,69862,183682,3683,12,2
5207395,41612,14128,6630,12,2
5207490,66610,156325,1356,20,4
5207809,62309,45147,5148,19,3
5207907,39982,59237,4248,1,1
5207941,65023,194897,9936,16,0
5207969,29159,10426,5429,21,2
5208132,51205,162100,9649,15,0
5208256,71675,167419,9936,16,0
5208320,22708,86006,3531,15,0
5208354,27244,89630,4647,19,3
5208389,66424,147488,2517,16,0
5208647,51541,145693,3236,16,0
5208704,28921,88202,3219,24,1
5208903,49804,53524,6030,1,1
5208903,49804,162324,4841,1,1
5209126,40175,55233,5234,16,0
5209250,34918,141084,8627,20,4
5209313,40183,111888,1889,19,3
5209568,24550,135638,5639,14,0
5209767,45460,67637,2650,18,2
5209767,45460,139542,4569,18,2
5209988,44426,73860,1382,24,1
5209991,51509,113613,3614,23,3
5210016,55588,22183,9690,23,3
5210115,66799,168083,5632,13,4
5210277,26782,189543,4580,0,0
5210753,1445,163595,8628,21,2
5210816,52289,169969,5002,17,1
5210882,41036,114916,4917,17,1
5210914,48745,133818,6332,19,3
5211008,59743,164912,4913,21,2
5211040,39211,38973,6483,12,2
5211206,72317,98774,6302,12,2
5211206,72317,135082,2622,12,2
5211238,43553,139566,4593,1,1
5211238,43553,167272,7273,1,1
5211301,42094,148976,1491,21,2
5211393,51655,111332,6355,19,3
5211685,33092,45323,5324,1,1
5211685,33092,111124,3636,1,1
5211712,72238,198051,3090,21,2
5212384,56386,65084,7591,22,3
5212487,50437,51130,6141,13,4
5212645,42290,88086,5611,24,1
5212677,20761,9250,1751,23,3
5212839,60313,15041,5042,20,4
5212865,19696,38654,8655,14,0
5212871,72388,140644,5673,16,0
5212934,39446,196041,6042,21,2
5212999,35764,16736,6737,20,4
5213349,51487,84324,6833,18,2
5213382,43817,118284,5818,16,0
5213412,55315,41787,1788,0,0
5213571,59704,51844,6855,22,3
5213700,59579,71140,6155,18,2
5213825,53056,164009,4010,12,2
5214080,20206,153531,6047,19,3
5214277,1255,69523,2030,14,0
5214311,50464,153999,9030,22,3
5214437,32204,48842,3851,16,0
5214755,29251,24532,2039,20,4
5214820,56227,39102,9103,14,0
5214823,43289,90438,2948,16,0
5214850,28993,147109,2138,15,0
5214887,66061,31528,1529,16,0
5214887,66061,79596,2104,16,0
5215233,51529,196501,9021,12,2
5215300,28567,24603,2110,13,4
5215300,28567,91349,1350,13,4
5215366,72640,189887,2406,24,1
5215457,68074,10675,5678,23,3
5215584,49912,132170,7197,12,2
5215841,43400,12654,2655,21,2
5215873,52195,180237,7792,15,0
5216129,39929,177931,5483,1,1
5216132,25292,50719,8235,21,2
5216386,20743,117291,2314,0,0
5216768,40852,36756,9260,23,3
5216960,34423,106531,6532,12,2
5217056,55945,102480,4991,16,0
5217284,23698,196765,1804,0,0
5217347,36788,19130,9131,21,2
5217351,47111,63102,5609,23,3
5217793,29375,104694,4695,24,1
5218080,45734,15528,3032,16,0
5218080,45734,178391,8392,16,0
5218084,57316,187456,5011,1,1
5218086,53770,60525,5538,1,1
5218145,61634,134871,7385,19,3
5218149,41309,187170,7171,21,2
5218368,40259,7442,2443,16,0
5218469,63493,118875,1387,13,4
5218560,44362,86901,6902,17,1
5218594,62125,46627,6628,13,4
5218625,19219,27554,7555,18,2
5218721,46927,59757,2263,18,2
5218917,26134,78727,6249,18,2
5218950,51754,167353,4902,0,0
5219361,19315,96295,6296,23,3
5219431,47228,19066,1568,12,2
5219589,1282,161442,3959,14,0
5219590,74095,47164,2173,14,0
5219590,74095,156688,6689,14,0
5219623,41395,139572,9573,14,0
5219686,70762,165819,8336,23,3
5219718,19346,148255,5798,13,4
5219718,19346,176539,1574,13,4
5219779,38852,90464,7992,16,0
5219779,38852,166936,6937,16,0
5219874,51439,162702,5219,12,2
5219973,74785,183929,3930,24,1
5220103,23216,182384,2385,17,1
5220291,33466,84135,1660,1,1
5220480,22733,23734,8739,20,4
5220482,34879,31348,8858,16,0
5220515,47846,143046,8075,14,0
5220832,72013,79922,9923,23,3
5221026,60281,192820,7859,16,0
5221027,34607,146369,8884,13,4
5221056,23257,29938,9939,18,2
5221191,56705,151721,9267,15,0
5221379,66208,3445,3446,16,0
5221475,60010,143228,5743,21,2
5221733,39827,127667,7668,20,4
5221893,50275,88075,8076,13,4
5221991,61237,156006,3552,17,1
5222084,67492,87356,7357,23,3
5222145,20219,136061,8575,17,1
5222275,64417,95056,7566,18,2
5222465,43219,162738,2739,22,3
5222595,35965,111371,3883,16,0
5223137,70124,193463,8502,17,1
5223200,65480,111347,3859,1,1
5223271,60629,173840,6358,15,0
5223427,25718,69728,9729,16,0
5223552,20971,104601,2132,12,2
5223874,44788,50914,8430,13,4
5223936,24095,173378,8413,1,1
5224160,41117,121262,3775,14,0
5224192,43747,160137,5170,17,1
5224195,49759,191579,4099,21,2
5224230,52159,24113,9118,0,0
5224230,52159,176071,8589,0,0
5224548,67252,29887,2390,18,2
5224583,73640,184154,1709,15,0
5224643,34028,21274,8781,16,0
5224802,70630,98672,3691,19,3
5224929,45119,78078,8079,19,3
5225061,24586,176355,8873,16,0
5225191,22519,42398,9911,0,0
5225382,35077,95407,7917,12,2
5225415,23402,166696,9213,22,3
5225476,54722,62778,5285,13,4
5225477,48070,144039,6554,22,3
5225477,48070,199147,1667,22,3
5225603,74825,166782,4331,16,0
5225605,64340,171082,3600,13,4
5225862,70039,79938,9939,18,2
5225862,70039,109381,9382,18,2
5225954,25007,53685,8696,24,1
5226018,51262,174159,1711,13,4
5226177,47657,106567,9078,19,3
5226179,60202,122626,7651,23,3
5226245,38246,86945,4470,23,3
5226246,47353,184089,1644,19,3
5226470,18887,71528,1529,16,0
5226887,49147,82804,5313,15,0
5226915,34573,194120,9159,16,0
5226976,47075,16217,6218,16,0
5227041,29176,7053,9554,17,1
5227136,49591,101052,3563,18,2
5227649,48367,64049,6556,17,1
5227718,19336,105640,8151,1,1
5227781,71680,99044,9045,18,2
5227940,47489,49966,7479,23,3
5227971,53744,81514,6531,14,0
5228160,23050,21298,1299,14,0
5228480,48973,167983,5532,1,1
5228482,23363,159655,2171,18,2
5228675,43672,150313,2829,20,4
5228832,42454,139258,6798,16,0
5228867,25564,108910,1421,24,1
5229027,71998,199257,4296,15,0
5229217,62902,74765,7273,1,1
5229221,74618,89122,1631,12,2
5229415,25486,37427,2434,15,0
5229829,63493,189516,2035,13,4
5229860,72269,129052,4077,18,2
5229952,44101,16039,6040,0,0
5229986,51878,98855,8856,16,0
5230086,70969,114141,6653,12,2
5230336,31766,179011,6563,16,0
5230402,74800,189480,9481,16,0
5230469,44344,124574,2111,1,1
5230564,69563,188476,8477,15,0
5230755,45881,19668,7172,16,0
5231043,69595,169734,9735,15,0
5231045,55858,164730,4731,12,2
5231237,40841,42357,2358,22,3
5231268,67226,50832,8348,23,3
5231491,49055,162639,5156,14,0
5231495,42052,95843,3371,24,1
5231649,57781,129575,2088,14,0
5231713,33347,63619,3620,14,0
5231719,73300,6581,9082,14,0
5231938,65341,146167,6168,17,1
5232485,29245,98659,8660,24,1
5232640,45020,19917,4920,19,3
5232647,20857,12415,4917,17,1
5232647,20857,114845,2379,17,1
5232804,39605,102225,4736,12,2
5232998,52033,148982,6525,23,3
5233219,60505,22429,9936,16,0
5233221,30757,134238,6752,18,2
5233505,32314,67013,4532,19,3
5233735,24229,61507,6520,21,2
5233793,19445,163128,5645,22,3
5233926,26131,96609,9119,22,3
5233926,26131,195286,7806,22,3
5233989,57781,156996,9512,14,0
5234054,39539,36125,6126,19,3
5234055,25450,128026,8027,24,1
5234080,61270,30618,5625,14,0
5234118,51628,9490,4491,23,3
5234307,19162,58162,5678,23,3
5234343,54832,151743,4259,0,0
5234754,26011,176341,8859,19,3
5234785,54488,178978,8979,1,1
5234855,40672,142948,5463,16,0
5234980,66221,129526,4551,15,0
5235010,66691,198377,5935,24,1
5235014,57994,21715,6720,18,2
5235424,63851,91536,1537,23,3
5235495,64075,71270,3778,18,2
5235522,46184,63812,3813,1,1
5235621,36332,97401,2420,13,4
5235714,37819,187760,5315,24,1
5235843,33958,33819,1329,24,1
5235843,33958,141503,1504,24,1
5235940,65333,70009,10,24,1
5235975,28208,104649,2180,15,0
5236032,68200,186827,4382,14,0
5236033,63895,73151,8166,19,3
5236037,25987,136502,1529,16,0
5236135,30212,21977,4480,21,2
5236610,48169,180913,3432,18,2
5236645,45620,150506,3022,18,2
5236932,74653,187372,9891,20,4
5236960,31793,126695,1720,0,0
5237222,64087,88339,8340,12,2
5237317,50554,162376,7409,13,4
5237572,74195,131034,8574,13,4
5237796,18979,161130,3647,0,0
5237797,62372,198025,5583,20,4
5237860,66473,55406,5407,23,3
5238016,53788,139656,9657,18,2
5238018,39634,45608,3121,19,3
5238050,69520,14545,9548,14,0
5238214,42118,51749,9265,0,0
5238465,25759,115183,5184,18,2
5238534,27928,119777,2289,22,3
5238726,22927,39704,9705,22,3
5239013,23800,168946,3979,19,3
5239044,26344,60480,2987,22,3
5239333,33382,108409,3430,15,0
5239335,28592,126062,8575,17,1
5239335,28592,158538,3569,17,1
5239776,44036,125234,7747,14,0
5239975,43408,87936,2953,16,0
5240006,55153,191412,6451,12,2
5240006,55153,192241,7280,12,2
5240231,60521,27202,2207,17,1
5240231,60521,92509,7528,17,1
5240293,52627,167018,4567,13,4
5240320,19669,126845,1870,12,2
5240421,67990,197777,2816,16,0
5240453,71701,76381,8889,24,1
5240576,53725,35773,8277,18,2
5240804,62776,16300,8802,15,0
5240804,62776,129044,6581,15,0
5240932,34549,111980,9514,16,0
5241058,27814,7544,7545,17,1
5241061,29428,132401,9941,18,2
5241125,47228,117869,2892,12,2
5241154,42898,191572,4092,22,3
5241445,53162,170137,2655,21,2
5241861,22079,158611,8612,24,1
5241895,31708,104345,6856,18,2
5242371,19351,167296,4845,16,0
5242432,57229,52755,2756,17,1
5242466,45185,79495,9496,17,1
5242468,66325,198336,5894,0,0
5242534,54823,129939,2452,20,4
5242534,54823,148254,3283,20,4
5242627,19897,33684,6188,23,3
5242627,19897,122420,9957,23,3
5242658,58078,53365,3366,13,4
5243012,51916,77000,7001,17,1
5243045,56002,22711,7716,13,4
5243045,56002,112818,2819,13,4
5243143,68779,162215,7248,18,2
5243236,25888,90187,7715,21,2
5243265,52666,175830,3382,17,1
5243297,35797,2640,5141,13,4
5243392,59536,41911,6920,23,3
5243461,64348,160485,5518,0,0
5243587,35143,13225,8228,12,2
5243684,46132,44916,7421,19,3
5243875,63853,179594,4629,18,2
5244391,40751,196036,8556,22,3
5244481,54251,93548,3549,16,0
5244545,68612,194594,7114,21,2
5244580,27776,136497,1524,12,2
5244581,30487,166162,6163,12,2
5244672,72247,122309,2310,13,4
5244677,36565,192480,7519,1,1
5244711,63362,1080,8581,17,1
5244711,63362,19613,9614,17,1
5244711,63362,108693,8694,17,1
5244934,58913,187833,2870,17,1
5244993,47953,195447,5448,13,4
5245154,25390,80992,8517,14,0
5245408,53530,41716,1717,0,0
5245414,72823,26779,9282,14,0
5245991,37645,152304,9850,20,4
5246055,66118,127813,7814,1,1
5246055,66118,139065,9066,1,1
5246308,36535,137952,5492,17,1
5246758,32815,82805,2806,23,3
5246912,43469,68448,5967,21,2
5247398,1351,82518,2519,1,1
5247460,40721,197264,9784,16,0
5247556,71402,97392,9902,18,2
5247685,36794,77444,4966,18,2
5247687,51602,91627,6646,19,3
5247845,43931,152583,5099,12,2
5247846,48232,45409,2922,23,3
5248071,61762,163988,9021,12,2
5248263,23014,499,3000,21,2
5248449,70832,50897,5908,19,3
5248449,70832,118290,5824,19,3
5248643,38147,154359,4360,21,2
5248738,32168,111884,1885,16,0
5248773,25396,77255,9763,14,0
5248930,33668,78742,3757,23,3
5249063,27340,136951,4491,23,3
5249125,48263,71117,6132,1,1
5249157,34429,86388,8897,1,1
5249157,34429,95531,5532,1,1
5249314,35963,21467,3970,13,4
5249383,35858,9671,2172,13,4
5249446,60484,79696,7218,22,3
5249606,65752,161363,8912,17,1
5249991,67826,144359,9388,24,1
5250049,27658,48661,3670,19,3
5250178,35788,79297,6819,12,2
5250181,66199,145889,8404,14,0
5250563,65761,80800,5817,1,1
5250630,42542,144006,1549,0,0
5250945,28829,196626,6627,23,3
5250979,39280,180178,7733,1,1
5251078,28829,192730,5250,23,3
5251270,69398,74709,4710,19,3
5251332,51343,109648,9649,15,0
5251493,25100,172537,7572,22,3
5251553,47396,55060,2576,13,4
5251783,44371,101660,4171,22,3
5251872,29656,196464,8984,19,3
5252226,62363,31910,9420,19,3
5252262,70021,66383,8890,19,3
5252292,42515,187546,5101,16,0
5252352,57535,182859,5378,16,0
5252357,39901,184997,2552,23,3
5252451,67112,73385,3386,24,1
5253287,58769,11424,6427,19,3
5253287,58769,136586,4126,19,3
5253408,39431,96797,4325,12,2
5253728,53938,53956,3957,15,0
5253729,56185,87033,4558,18,2
5253729,56185,167679,7680,18,2
5253891,30782,5830,8331,20,4
5253987,20539,58428,5944,1,1
5254244,19826,16142,6143,16,0
5254370,51611,105159,7670,19,3
5254404,56438,180297,5334,16,0
5254625,24815,83081,5590,24,1
5254752,1405,94530,7040,16,0
5254787,73252,188511,6066,23,3
5254789,33554,170809,5844,12,2
5254854,60115,71788,4296,15,0
5255106,22783,181302,1303,12,2
5255367,21175,83503,3504,0,0
5255425,48730,81045,8570,16,0
5255457,25406,23491,5994,14,0
5255462,41399,49812,9813,24,1
5255523,32539,13608,6110,12,2
5255526,46502,132820,5334,16,0
5255619,59329,62871,5378,16,0
5256070,38110,142455,2456,15,0
5256549,22690,59685,2191,14,0
5256582,56557,172465,4983,12,2
5256613,46838,112179,2180,15,0
5256707,21047,137823,7824,1,1
5256964,71605,33550,8557,17,1
5256967,63991,197160,2199,1,1
5257091,22745,136344,1371,17,1
5257094,53416,34657,9664,0,0
5257381,51055,64610,9623,1,1
5257472,25666,138272,8273,17,1
5257793,23188,154581,7097,14,0
5257891,55444,104093,4094,17,1
5258183,23035,147103,7104,17,1
5258626,31685,46548,9053,20,4
5258626,31685,98875,8876,20,4
5258917,47882,104581,4582,22,3
5259014,33064,185925,5926,21,2
5259044,43012,102767,2768,15,0
5259139,71093,29382,1885,16,0
5259139,71093,119253,4276,16,0
5259460,25369,91654,6673,13,4
5259461,71815,186038,6039,1,1
5259494,55225,142191,9734,23,3
5259521,38440,108511,8512,16,0
5260037,23332,58985,1491,21,2
5260037,23332,61938,6951,21,2
5260130,61696,100441,7972,21,2
5260256,65213,117308,9820,21,2
5260550,45439,39436,1940,21,2
5260608,28111,7777,5278,19,3
5260608,28111,106713,4244,19,3
5260737,55927,62607,5114,17,1
5260740,43258,11716,9220,21,2
5260803,38585,4487,4488,14,0
5260898,36662,10499,8003,23,3
5261120,31744,89359,4376,19,3
5261383,54337,91533,4043,13,4
5261415,19346,76786,1801,13,4
5261571,27070,94700,7210,13,4
5261600,25540,90285,7813,24,1
5262083,67642,5288,5289,21,2
5262340,26638,66421,8928,15,0
5262404,50158,155369,2915,20,4
5262726,39292,106136,3667,19,3
5262818,1711,120248,7785,15,0
5262823,57763,65566,8073,21,2
5262823,57763,160166,7715,21,2
5262915,24862,153906,1452,20,4
5262915,24862,181784,4303,20,4
5262977,26719,2390,2391,17,1
5263296,61429,6548,6549,16,0
5263937,49888,131930,9470,17,1
5264004,45545,22370,7375,17,1
5264004,45545,164669,7186,17,1
5264423,67333,92177,9705,22,3
5264608,69874,189693,7248,18,2
5264672,33508,87526,2543,14,0
5264678,28451,108317,3338,12,2
5264832,32672,20944,8451,17,1
5264902,66785,121581,9118,0,0
5264933,74944,175037,7555,18,2
5265031,27248,7425,9926,15,0
5265062,49066,176276,1311,0,0
5265669,23311,69676,7195,23,3
5265858,55063,85410,5411,1,1
5266021,19300,76596,4118,23,3
5266113,25663,46699,6700,21,2
5266113,25663,66490,8997,21,2
5266306,28546,179636,9637,12,2
5266503,44998,8381,5882,17,1
5266592,36736,102132,7153,1,1
5266918,44560,16868,4372,21,2
5267168,69379,70981,5996,14,0
5267168,69379,76189,6190,14,0
5267173,19706,11719,1720,0,0
5267301,23851,105052,2583,13,4
5267589,24802,150486,3002,23,3
5267651,31814,184362,4363,0,0
5267776,44035,99875,4894,17,1
5267907,24688,192913,2914,21,2
5268064,37937,75452,5453,19,3
5268067,58294,119002,6536,22,3
5268098,34895,22650,5153,23,3
5268160,55339,114461,6973,19,3
5268291,71128,191633,9191,13,4
5268455,66994,82835,2836,18,2
5268583,64873,106299,6300,0,0
5268928,22669,96659,1678,16,0
5269092,43757,48616,8617,24,1
5269188,39563,154097,4098,15,0
5269408,57947,65894,5895,18,2
5269541,71878,157199,9715,21,2
5269666,65782,70385,5400,23,3
5269702,70472,141212,6241,20,4
5270020,73747,141683,9226,21,2
5270048,33127,23334,3335,20,4
5270211,59357,85593,8102,0,0
5270277,55138,110814,8348,23,3
5270720,65840,181357,3876,18,2
5270785,65302,175981,8499,12,2
5271074,30532,88116,8117,21,2
5271074,30532,163272,5789,21,2
5271495,52780,8401,3402,0,0
5271776,36847,5347,2848,22,3
5271808,23762,92178,7197,12,2
5271811,62150,14259,9262,16,0
5271811,62150,46284,6285,16,0
5271847,65527,4701,9702,17,1
5271847,65527,87105,9614,17,1
5271909,67564,87385,2402,18,2
5272131,31835,144162,6677,13,4
5272135,62350,162177,2178,16,0
5272229,63050,161674,4191,21,2
5272259,66347,131003,3517,20,4
5272613,73942,37440,9944,1,1
5272832,54919,28473,8474,19,3
5272994,55552,61737,1738,15,0
5273031,22937,89255,1764,17,1
5273379,70169,63084,3085,0,0
5273380,27359,160917,5950,24,1
5273413,66130,71121,6136,19,3
5273509,42212,185637,8156,14,0
5273607,45928,55939,8445,15,0
5273702,28810,49542,4551,15,0
5273792,68395,28671,3676,13,4
5273861,49310,87678,5203,1,1
5273953,23530,189425,4462,19,3
5274117,74657,196523,1562,14,0
5274148,51239,4721,2222,14,0
5274148,51239,63769,8782,14,0
5274242,53008,20343,2846,20,4
5274245,31468,136944,1971,14,0
5274277,32227,21636,4139,14,0
5274336,29771,6953,1954,24,1
5274692,42190,180351,7906,21,2
5274724,45772,30356,7866,19,3
5274791,48962,1399,8900,20,4
5275073,55837,153087,5603,0,0
5275137,44599,81439,8964,21,2
5275137,44599,99695,4714,21,2
5275206,37642,179268,6820,12,2
5275429,54704,162136,4653,15,0
5275556,65545,99021,9022,13,4
5275591,37799,115020,5021,0,0
5275719,43741,39744,4751,15,0
5275745,25879,54239,1755,21,2
5275745,25879,104338,1869,21,2
5275747,24766,20837,8344,14,0
5276035,63436,105391,7902,12,2
5276035,63436,152869,7900,12,2
5276256,49016,179498,4533,19,3
5276384,66697,151115,6146,15,0
5276577,62446,50489,2995,21,2
5276577,62446,153789,8820,21,2
5276611,68770,4303,6804,19,3
5277029,21217,124901,9926,15,0
5277251,59354,175764,5765,18,2
5277350,40646,171703,1704,18,2
5277572,61114,130498,8038,24,1
5277575,74236,60171,7690,18,2
5277795,69370,172450,2451,16,0
5278150,41593,43867,3868,21,2
5278240,26963,57641,7642,13,4
5278373,31978,73848,1370,22,3
5278436,52883,144894,2437,15,0
5278468,34010,18216,3219,24,1
5278624,35047,64948,2467,16,0
5278851,22348,198986,8987,17,1
5279140,57139,150703,5734,0,0
5279297,67738,67054,9561,20,4
5279360,62513,96132,6133,18,2
5279620,43973,179527,2045,14,0
5279937,20249,108266,8267,22,3
5279975,37219,187828,2865,22,3
5280454,53536,144557,4558,18,2
5280614,51028,110412,5435,20,4
5280737,74507,36735,1742,21,2
5280896,37156,107057,7058,16,0
5281122,73565,68379,3392,18,2
5281126,52804,54676,2192,24,1
5281126,52804,136109,3649,24,1
5281221,29858,94094,6604,18,2
5281312,19876,157818,5364,1,1
5281318,34273,101491,4002,0,0
5281318,34273,181324,3843,0,0
5281346,48640,27563,5070,13,4
5281445,59492,18396,3399,16,0
5281572,41143,160225,5258,14,0
5281857,28139,85482,3007,15,0
5282214,61636,144654,9683,16,0
5282310,62690,182670,5189,1,1
5282630,32650,173655,8690,19,3
5282881,40661,84196,9213,22,3
5283141,35476,92909,7928,0,0
5283367,35204,123109,8134,20,4
5283489,36211,130786,5813,15,0
5283717,36523,172232,9784,16,0
5283744,41405,66561,9068,0,0
5283747,48623,64309,6816,0,0
5283778,37534,64576,7083,18,2
5283846,37645,8196,5697,20,4
5284007,62273,151438,1439,20,4
5284039,20045,8138,5639,14,0
5284067,57605,57009,7010,22,3
5284068,64198,62611,2612,1,1
5284225,62791,155451,2997,15,0
5284320,57424,24393,4394,16,0
5284516,51625,12712,5214,1,1
5284516,51625,88505,6030,1,1
5284578,29399,84113,1638,12,2
5284839,66190,31792,6799,18,2
5284998,65944,121803,9340,14,0
5285059,51640,56335,1346,12,2
5285127,60866,165798,3347,23,3
5285184,51200,63835,6342,20,4
5285313,51112,161614,1615,20,4
5285605,30232,79844,9845,1,1
5285797,40454,94067,9086,24,1
5285921,50182,77102,7103,16,0
5286119,39917,147472,7473,23,3
5286371,39347,10497,5500,12,2
5286464,38593,27676,2681,18,2
5286532,36514,196601,6602,1,1
5286561,57661,33041,3042,21,2
5286593,57979,88602,3619,23,3
5286656,44908,158362,5908,19,3
5286788,57433,83014,3015,21,2
5286947,61741,164794,4795,19,3
5287072,31846,88923,6448,16,0
5287136,21640,38015,5525,14,0
5287270,61270,155710,5711,14,0
5287682,25210,68363,8364,17,1
5287686,44884,124126,4127,21,2
5287745,60655,129094,4119,16,0
5287910,46033,127514,7515,15,0
5288353,40334,64336,4337,14,0
5288517,45091,10588,5591,24,1
5288548,53887,56882,1893,14,0
5288611,68320,180793,5830,0,0
5288672,56899,19408,1910,21,2
5288836,19862,166247,8764,18,2
5288871,50869,24890,9895,18,2
5289156,65449,129787,9788,13,4
5289157,48281,110246,7780,14,0
5289283,25147,189049,6604,18,2
5289542,24754,114828,2362,14,0
5289665,20671,46379,8884,13,4
5289701,72128,126467,1492,24,1
5289760,56200,154376,9407,23,3
5289799,41002,137447,2474,0,0
5290534,39508,134801,7315,22,3
5290752,45202,9835,2336,22,3
5291136,36746,79031,6553,12,2
5291203,37684,93924,6434,16,0
5291333,63937,58588,8589,0,0
5291333,63937,154416,6932,0,0
5291395,38329,191764,4284,19,3
5291397,60967,119413,1925,20,4
5291527,72473,41194,6203,15,0
5291648,34607,144104,4105,13,4
5291750,70861,43201,8210,20,4
5291936,71831,197138,4696,14,0
5292005,49307,99023,4042,18,2
5292005,49307,195727,5728,18,2
5292033,65509,32196,7203,22,3
5292295,55960,37110,7111,12,2
5292295,55960,105354,2885,12,2
5292391,65014,47317,7318,14,0
5292641,57581,94604,2132,12,2
5292933,43567,29207,4212,17,1
5293188,42112,106111,6112,19,3
5293220,56603,48303,3312,13,4
5293382,47120,108143,5674,17,1
5293478,32755,143583,8612,24,1
5294081,20899,196872,9392,21,2
5294214,38155,185336,2891,20,4
5294309,33988,81868,9393,16,0
5294435,60014,193623,6143,16,0
5294592,54704,13795,8798,15,0
5294689,28369,64132,1651,21,2
5294756,19516,55642,3158,19,3
5294887,71953,174555,2107,1,1
5295078,70786,126511,9024,13,4
5295232,28408,85963,3488,22,3
5295328,22916,102976,7997,17,1
5295588,19432,27856,5363,15,0
5295623,72497,140430,7973,19,3
5295683,71245,144500,2043,19,3
5295685,53687,105601,5602,12,2
5296001,32000,179823,9824,19,3
5296066,42839,139092,4119,16,0
5296452,49888,32202,2203,17,1
5296514,40447,81720,6737,20,4
5296640,30916,26248,3755,24,1
5296640,30916,137173,7174,24,1
5296642,53851,90718,8246,0,0
5296736,54593,197448,2487,19,3
5296930,48289,134924,9951,17,1
5296995,35098,64780,2299,14,0
5297442,31348,84014,4015,13,4
5297511,44551,144802,2345,22,3
5297600,36737,140205,5234,16,0
5297605,53918,168907,3940,24,1
5297668,25051,50708,3214,24,1
5297990,27436,30227,5234,16,0
5298086,46858,23158,5661,21,2
5298116,34771,108513,6044,24,1
5298147,56275,73336,3337,15,0
5298211,67801,89380,6905,12,2
5298272,35284,115374,2908,17,1
5298432,72367,117979,7980,22,3
5298661,71266,137193,4733,18,2
5298721,39103,13385,3386,24,1
5298724,37732,48883,8884,13,4
5298816,42868,96158,3686,14,0
5298816,42868,136556,1583,14,0
5298823,26926,105847,3378,24,1
5298917,65218,127262,9775,18,2
5298944,32119,100264,5285,13,4
5299462,71485,133158,3159,13,4
5299779,42116,159118,4149,0,0
5299814,26915,132124,9664,0,0
5300486,52219,28366,8367,0,0
5300549,22195,115181,2715,18,2
5300615,31565,106001,8512,16,0
5300704,57038,35089,2599,14,0
5300770,37474,192628,5148,19,3
5300774,62575,162269,9818,0,0
5300806,25774,140839,8382,16,0
5300965,27412,17229,7230,24,1
5301059,72358,4937,2438,16,0
5301412,72824,135574,5575,21,2
5301511,55475,31985,9495,23,3
5301540,27754,26183,6184,15,0
5301573,63550,77382,7383,24,1
5301600,32956,128790,1303,12,2
5301636,49471,70916,5931,16,0
5301700,40936,197616,2655,21,2
5301988,23677,160632,3149,14,0
5302118,59834,39084,6594,1,1
5302118,59834,80496,8021,1,1
5302336,39040,181562,4081,12,2
5302434,34795,29124,9125,21,2
5302434,34795,32292,4796,21,2
5302497,20716,84002,9019,14,0
5302562,68833,103128,8149,23,3
5303203,69257,51285,6296,23,3
5303364,60125,115222,2756,17,1
5303750,43072,141437,6466,14,0
5303975,35296,169631,7180,17,1
5304097,58802,116489,1512,23,3
5304130,23737,130055,7595,13,4
5304166,62602,162657,7690,18,2
5304229,26563,174881,2433,22,3
5304258,60973,73278,5786,14,0
5304321,39283,37684,5194,20,4
5304834,70151,158846,8847,0,0
5304932,46016,62130,7143,24,1
5305509,33221,1832,1833,16,0
5305602,65396,151878,6909,20,4
5306054,32071,111356,8890,19,3
5306401,34774,73782,6290,21,2
5306819,35324,50070,7586,18,2
5306887,68677,114733,4734,0,0
5307393,1766,53457,3458,15,0
5307623,23822,94430,6940,24,1
5307938,63700,158587,6133,18,2
5308417,68120,14606,4607,23,3
5308674,41110,126394,1419,22,3
5308772,30695,59716,7232,16,0
5308867,23773,195909,5910,17,1
5309059,62212,144074,4075,22,3
5309476,68882,58844,6360,15,0
5309540,52666,118206,3229,17,1
5309572,42560,128984,8985,19,3
5309637,32413,109783,9784,16,0
5309697,54310,8863,3864,22,3
5309697,54310,159010,1526,22,3
5309703,36044,67199,7200,14,0
5309703,36044,76147,8655,14,0
5309795,1696,109912,2423,16,0
5309829,56386,22213,4716,22,3
5309895,20327,191178,3698,21,2
5309920,69778,107704,5235,20,4
5310497,55499,160119,2636,14,0
5310535,22486,50226,7742,23,3
5310628,47185,174272,4273,15,0
5310694,70034,123299,5812,13,4
5310785,74296,110195,5218,18,2
5310849,64139,179064,9065,21,2
5310912,67859,59857,2363,18,2
5311172,55222,182416,9971,17,1
5311207,41141,157067,4613,23,3
5311845,37846,130001,7541,22,3
5311972,69850,74152,1674,18,2
5312006,31711,174881,4882,21,2
5312032,73624,16400,8902,23,3
5312100,51103,182616,5135,22,3
5312355,41570,103871,1402,1,1
5312481,28961,137667,2694,15,0
5312546,55153,65174,5175,12,2
5312641,40045,26727,1732,18,2
5313221,60563,70334,5349,0,0
5313221,60563,95441,5442,0,0
5313251,42862,22162,7167,0,0
5313344,43564,30521,5528,12,2
5313443,45047,50125,7641,17,1
5313703,41371,151896,1897,24,1
5313761,29173,161895,1896,20,4
5313921,31459,19208,6712,15,0
5313958,51835,73988,1510,14,0
5314087,42082,65209,5210,0,0
5314147,54826,127547,5084,18,2
5314243,46078,134138,4139,14,0
5314279,54127,111337,6360,15,0
5314339,43279,58470,5986,13,4
5314528,25534,178771,3806,20,4
5314598,21310,90403,7931,1,1
5315203,51899,118500,3523,18,2
5315203,51899,156636,4182,18,2
5315524,25726,91342,8870,16,0
5315584,68828,181283,6320,22,3
5315683,65183,71093,8615,16,0
5315938,65617,177786,5338,22,3
5316103,35255,99960,7488,0,0
5316129,67189,140735,3250,24,1
5316258,24509,133563,6077,24,1
5316327,45299,63790,1309,21,2
5316419,44443,103958,8979,1,1
5316453,23734,129274,1787,24,1
5316582,64717,161796,6829,19,3
5316706,45253,99385,1895,21,2
5316806,35695,60726,8245,14,0
5316896,69649,51080,8596,18,2
5317063,36266,196681,1720,0,0
5317088,61550,165501,8018,21,2
5317216,34382,155605,3151,17,1
5317445,55000,10875,8379,0,0
5317925,25381,142424,4939,18,2
5318018,66580,55242,7748,19,3
5318054,53926,113433,8456,19,3
5318212,41570,14151,9154,1,1
5318242,44692,118393,8394,20,4
5318245,67594,141083,6112,19,3
5318375,24112,141060,8603,22,3
5318465,37474,100028,2539,19,3
5318628,48052,6991,6992,18,2
5318727,66380,26637,4144,12,2
5318822,21160,92111,2112,19,3
5318848,62564,72143,4651,18,2
5319140,64891,76427,8935,22,3
5319201,28174,169282,6831,15,0
5319393,36259,103728,3729,24,1
5319425,41674,76712,9220,21,2
5319616,26929,24410,4411,23,3
5319616,26929,113426,3427,23,3
5319876,45380,154402,1948,24,1
5320034,55694,1656,4157,17,1
5320096,39757,89275,9276,22,3
5320322,36737,11669,9173,16,0
5320391,24383,192086,7125,19,3
5320482,25580,167735,2768,15,0
5320518,62947,168375,5924,18,2
5320610,22123,113900,3901,12,2
5320672,22477,76990,2005,20,4
5320673,47395,171407,8959,24,1
5320678,36568,79662,9663,0,0
5320806,21338,3161,5662,20,4
5321120,45421,53311,5817,1,1
5321445,60214,73507,3508,24,1
5321472,67160,9619,4620,0,0
5321698,20137,81645,1646,23,3
5321734,58066,90791,8319,22,3
5321734,58066,155032,5033,22,3
5321888,54757,45081,7586,18,2
5321891,43829,55159,5160,15,0
5322112,21854,90214,5233,12,2
5322214,64393,16461,3965,23,3
5322439,61712,199536,2056,20,4
5322467,45365,31921,9431,1,1
5322561,67615,103310,8331,20,4
5322561,67615,130670,5697,20,4
5322599,67507,196132,3690,12,2
5322629,33445,171608,6643,13,4
5322692,70034,42199,9712,13,4
5322855,64612,72423,4931,14,0
5323137,49795,61058,8577,14,0
5323171,51946,52294,9810,1,1
5323428,70139,77208,9716,18,2
5323847,26587,187311,4866,23,3
5323879,21188,543,3044,15,0
5323905,53404,74934,4935,16,0
5324005,30304,21519,9026,16,0
5324135,28487,99476,4495,18,2
5324386,22714,196643,6644,13,4
5324388,27671,6420,3921,15,0
5324481,67895,175418,7936,13,4
5324545,34915,147929,7930,18,2
5325026,27782,58911,6427,19,3
5325030,29296,121564,4077,18,2
5325090,74449,168486,3519,20,4
5325283,24482,17714,7715,21,2
5325316,71281,182544,5063,24,1
5325346,40945,26307,1312,19,3
5325735,74462,193072,5592,1,1
5325893,73750,68358,5877,13,4
5326017,28165,35482,5483,1,1
5326085,21512,161865,9414,0,0
5326177,47473,127010,4547,18,2
5326305,21340,146289,6290,21,2
5326309,72904,84215,9232,22,3
5326720,48647,114060,1594,23,3
5326785,48395,92081,9609,21,2
5326949,57814,176623,6624,20,4
5327136,73681,116317,3851,16,0
5327232,70079,92038,2039,20,4
5327301,33337,190695,5734,0,0
5327712,1546,58738,8739,20,4
5327746,36631,170632,5667,17,1
5327908,42602,197583,5141,13,4
5327910,64162,77833,7834,14,0
5327971,50125,86319,6320,22,3
5328198,57103,187807,2844,15,0
5328354,29864,137920,7921,16,0
5328449,37195,125980,3517,20,4
5328482,43046,48491,3500,13,4
5328640,28343,13679,3680,12,2
5328642,47986,111131,3643,18,2
5329219,39022,161258,3775,14,0
5329220,32173,134777,9804,20,4
5329253,63883,79787,2295,15,0
5329253,63883,137113,4653,15,0
5329253,63883,168383,8384,15,0
5329475,44725,117034,9546,13,4
5329601,44443,188706,3743,1,1
5329731,68692,143840,6355,19,3
5329761,36631,104430,9451,17,1
5329793,27040,101386,3897,0,0
5329797,71998,6256,6257,15,0
5329797,71998,155860,3406,15,0
5329799,25063,118970,8971,17,1
5329921,73696,73712,8727,22,3
5330049,19304,26920,9423,17,1
5330049,19304,168624,3657,17,1
5330083,71233,98796,8797,22,3
5330181,35875,48304,8305,12,2
5330210,42076,26546,1551,22,3
5330306,69157,169830,4863,1,1
5330336,61087,79139,1647,1,1
5330337,63943,160629,5662,20,4
5330374,42523,36421,8925,1,1
5330562,63742,1610,6611,20,4
5330562,63742,26251,8754,20,4
5330627,31309,195463,5464,14,0
5330630,47281,157012,4558,18,2
5330725,35636,56411,1422,0,0
5331142,31663,36504,1511,20,4
5331264,32998,104970,9991,13,4
5331298,26104,52229,7240,23,3
5331298,26104,198229,5787,23,3
5331301,74327,131550,6577,24,1
5331590,60097,154734,7250,21,2
5331654,57649,94043,9062,14,0
5331749,57706,28437,5944,1,1
5331778,35797,182864,7901,13,4
5331879,57295,148769,1284,16,0
5331937,72640,51565,1566,24,1
5332033,65845,106380,1401,23,3
5332387,65111,149410,1925,20,4
5332612,60043,4117,9118,0,0
5332900,38128,46781,9286,18,2
5332930,21917,189075,6630,12,2
5332960,46316,68081,8082,0,0
5332963,55315,83401,3402,0,0
5333026,28262,91715,1716,21,2
5333031,69799,111186,3698,21,2
5333731,49127,85241,7750,18,2
5333923,41092,186831,9350,1,1
5334117,52453,171534,9086,24,1
5334144,58388,155830,8346,17,1
5334246,41053,157135,7136,17,1
5334304,44591,117217,9729,16,0
5334307,28916,74328,6836,24,1
5334310,61568,73672,6180,14,0
5334311,67507,72080,2081,12,2
5334403,20728,166245,3794,23,3
5334535,66532,93965,3966,19,3
5334689,47981,42142,9655,18,2
5334723,20276,12538,2539,19,3
5334723,20276,111037,8571,19,3
5334882,28928,78286,5808,20,4
5335079,20068,9099,9100,0,0
5335079,20068,163538,6055,0,0
5335237,24622,79157,6679,0,0
5335237,24622,179202,1720,0,0
5335393,71446,100866,8397,1,1
5335457,69328,136370,8884,13,4
5335522,25961,56900,9406,0,0
5335554,64387,136203,3743,1,1
5335586,58997,151994,4510,12,2
5335713,33869,6986,1987,12,2
5335814,61105,154898,4899,16,0
5335875,29762,107161,7162,21,2
5335877,65426,86881,6882,22,3
5335904,37520,44150,1663,13,4
5335910,40463,75103,7611,19,3
5335937,29656,12776,7779,19,3
5336642,44596,149161,1676,18,2
5336675,73051,151361,8907,1,1
5336676,1327,6909,4410,12,2
5336999,23494,1384,3885,22,3
5337283,62785,136898,4438,19,3
5337283,62785,149669,9670,19,3
5337312,29623,179670,2188,17,1
5337315,34360,164292,9325,1,1
5337377,22139,126708,9221,24,1
5337412,29713,149341,6884,24,1
5337568,51829,196493,1532,12,2
5337765,39562,153858,6374,21,2
5337922,24859,64440,6947,16,0
5337953,1330,34868,9875,1,1
5337953,1330,70179,7701,1,1
5338306,49462,198153,3192,15,0
5338374,72256,166641,1674,18,2
5338499,47758,159676,2192,24,1
5338819,27475,191544,1545,13,4
5338949,28993,55088,2604,15,0
5339105,65359,162860,7893,22,3
5339271,64934,79268,6790,13,4
5339334,29920,37326,2333,22,3
5339392,31495,150290,2806,23,3
5339429,71557,62960,5467,0,0
5339462,38953,119143,6677,13,4
5339873,43183,7638,5139,0,0
5340067,53330,83791,6300,0,0
5340100,36452,129736,2249,22,3
5340256,19199,73382,8397,1,1
5340326,72185,133588,8615,16,0
5340417,22334,83856,6365,1,1
5340641,42572,144606,4607,23,3
5340644,74044,178187,5739,1,1
5340704,57986,42458,9971,17,1
5340802,35420,58574,8575,17,1
5340833,56383,112601,5113,0,0
5340902,52867,39133,1637,21,2
5340902,52867,107161,7162,21,2
5340961,68908,119703,9704,19,3
5341089,53680,129712,2225,20,4
5341345,68662,145198,5199,21,2
5341604,56161,136708,9222,18,2
5341669,48016,4231,6732,22,3
5342148,59699,103849,1380,17,1
5342241,71245,111384,3896,19,3
5342469,30463,95285,7795,14,0
5342564,43270,93965,8984,19,3
5342784,34282,167522,5071,12,2
5343076,42086,109153,4174,21,2
5343302,43903,42436,7445,1,1
5343328,47521,188854,8855,1,1
5343520,42178,143161,5676,21,2
5343555,23866,38234,8235,21,2
5343555,23866,38819,8820,21,2
5343680,31768,73300,5808,20,4
5343717,67738,50508,3014,20,4
5343904,64520,173594,6112,19,3
5344035,65561,108482,3503,14,0
5344099,33323,69288,9289,24,1
5344129,57002,138795,6335,23,3
5344231,69580,91442,8970,17,1
5344327,57919,826,5827,22,3
5344327,57919,51493,3999,22,3
5344519,51829,56217,8723,12,2
5344550,59848,142490,2491,1,1
5344739,46792,162273,2274,14,0
5344966,43684,84460,6969,18,2
5345123,59743,151308,1309,21,2
5345445,38206,34206,9213,22,3
5345445,38206,66471,3990,22,3
5345505,31202,15074,5075,15,0
5345573,26551,60589,8108,19,3
5345633,23707,116703,4237,16,0
5345796,20527,78158,5680,23,3
5345828,65378,32171,9681,0,0
5345957,67340,127034,7035,1,1
5346467,74548,46390,3903,15,0
5347043,36073,46357,3870,23,3
5347047,20830,908,5909,21,2
5347075,44776,85301,2826,15,0
5347236,73144,99076,6604,18,2
5347236,73144,112246,2247,18,2
5347393,68380,22980,5483,1,1
5347493,74744,148067,5610,22,3
5347522,64927,4686,2187,24,1
5347685,52708,137299,9813,24,1
5347713,20342,19652,9653,14,0
5347809,47998,128338,8339,21,2
5348358,21181,170818,3336,21,2
5348711,36967,154062,9093,1,1
5348775,39520,126334,8847,0,0
5348930,27175,37202,7203,22,3
5348960,27371,37283,2290,18,2
5349025,25621,31910,4414,13,4
5349511,39814,39966,7476,24,1
5349568,23828,11714,9218,16,0
5349667,32137,49890,9891,20,4
5349698,72055,33464,8471,12,2
5349763,66901,34197,9204,16,0
5349795,31816,27476,9979,0,0
5349859,67888,147395,9910,17,1
5350054,55037,129311,6848,18,2
5350054,55037,168390,5939,18,2
5350560,55424,34680,7184,1,1
5350560,55424,65367,2886,1,1
5350822,25945,105361,2892,12,2
5351014,61423,90259,2769,13,4
5351106,28405,34595,9602,16,0
5351392,46525,1022,8523,21,2
5351394,37069,174627,4628,15,0
5351524,64828,32122,9632,14,0
5351680,40915,108843,3864,22,3
5352356,33334,130145,7685,1,1
5352455,74782,244,2745,1,1
5352483,65410,87409,2426,19,3
5352515,74035,68730,8731,18,2
5352516,37556,159620,4651,18,2
5352516,37556,178595,8596,18,2
5352577,54347,172380,4898,12,2
5352742,64012,5393,5394,0,0
5352771,38425,88851,6376,23,3
5353089,43645,171733,4251,16,0
5353152,20429,92351,4861,22,3
5353191,67198,16300,1303,12,2
5353287,72958,184959,7478,23,3
5353319,21964,172065,4583,13,4
5353376,67072,39286,4293,17,1
5353511,30230,82911,2912,12,2
5353670,46157,12038,2039,20,4
5353952,73228,45643,8148,0,0
5353952,73228,116533,4067,0,0
5354023,22090,121234,8771,19,3
5354050,29800,144787,7302,18,2
5354083,24679,2288,9789,22,3
5354242,49639,96949,4477,20,4
5354304,46868,55060,2576,13,4
5354496,47320,34857,2367,0,0
5354496,47320,104976,4977,0,0
5354592,71732,130508,5535,14,0
5354658,55363,89136,1645,13,4
5354661,38798,96493,1512,23,3
5354819,62938,64709,7216,16,0
5354946,73865,108454,3475,21,2
5355111,29783,161889,1890,12,2
5355172,57304,2395,2396,22,3
5355334,64618,147316,2345,22,3
5355463,24706,134718,2258,0,0
5355649,26045,132404,2405,21,2
5355877,20851,111118,6141,13,4
5356165,55252,7593,7594,13,4
5356257,53062,191391,6430,21,2
5356354,56104,4650,4651,18,2
5356580,19345,141986,1987,12,2
5356612,61546,146235,3778,18,2
5356643,70226,133458,5972,1,1
5357060,49234,53877,1393,20,4
5357060,49234,138490,3517,20,4
5357092,48302,131388,1389,24,1
5357159,35056,119673,2185,19,3
5357255,25841,70651,3159,13,4
5357286,63544,30211,2715,18,2
5357413,64603,178337,5889,1,1
5357415,27340,148374,8375,23,3
5357607,19220,177704,2739,22,3
5357634,61967,8385,3386,24,1
5357862,74158,92193,9721,20,4
5358179,31427,117820,7821,24,1
5358656,53818,143063,5578,20,4
5359010,30682,13291,5793,24,1
5359970,41816,3535,6036,15,0
5360450,39964,85298,7807,22,3
5360578,72284,69202,4215,0,0
5360869,45212,173188,8223,1,1
5360899,51361,199467,1987,12,2
5360903,69244,167359,9876,1,1
5361217,35443,43798,1311,0,0
5361217,35443,186512,1549,0,0
5361221,54205,1645,6646,19,3
5361351,42145,264,2765,0,0
5361441,73399,13673,8676,23,3
5361859,60757,178104,3139,24,1
5361863,65092,106189,8700,24,1
5362178,60712,22281,9788,13,4
5362210,42236,43953,6458,0,0
5362240,35641,16563,9065,21,2
5362241,53311,124712,2249,22,3
5362242,24070,53275,5781,18,2
5362242,24070,161975,1976,18,2
5362274,52780,39339,6849,0,0
5362304,35422,46720,6721,0,0
5362946,51403,46553,1562,14,0
5362947,52157,128087,3112,23,3
5362980,30907,133429,8456,19,3
5363013,38926,18877,3880,21,2
5363045,44974,27241,9744,24,1
5363137,43273,51641,9157,22,3
5363137,43273,119525,7059,22,3
5363264,20018,66232,3751,19,3
5363365,45346,98638,6166,13,4
5363396,70523,187095,2132,12,2
5363684,66286,74045,1567,16,0
5363874,56200,74567,4568,23,3
5363936,26627,118340,8341,13,4
5364069,38462,57391,2402,18,2
5364099,71188,48358,3367,17,1
5364291,32503,24778,4779,15,0
5364295,36712,100692,8223,1,1
5364323,40975,23842,8847,0,0
5364357,33409,74522,4523,17,1
5364390,29957,139163,9164,20,4
5364608,20447,10937,5940,21,2
5364676,36223,24938,7441,20,4
5364930,1330,43404,8413,1,1
5364996,65366,6690,6691,24,1
5365029,49987,150611,3127,24,1
5365409,58369,6665,6666,22,3
5365568,63779,17156,4660,13,4
5365638,58999,31273,3777,20,4
5365671,52258,74622,7130,24,1
5365797,32165,148813,6356,1,1
5365830,42958,118667,3690,12,2
5365985,32285,134978,7492,19,3
5366246,59462,80270,5287,13,4
5366342,64949,168511,8512,16,0
5366343,34709,21420,8927,0,0
5366372,28334,45205,2718,13,4
5366432,47041,107793,5324,1,1
5366498,63826,109591,9592,18,2
5366564,31730,121645,4158,19,3
5366592,1330,65167,2686,1,1
5366596,66808,64736,9749,23,3
5366598,61300,73227,3228,19,3
5366598,61300,112402,7425,19,3
5366629,63592,173473,3474,23,3
5366912,66671,78608,3623,24,1
5366979,48640,44198,1711,13,4
5367649,55336,185394,2949,20,4
5367840,71968,25439,7942,18,2
5367908,49039,10164,2666,18,2
5367908,49039,164978,11,18,2
5368167,34060,53231,3232,22,3
5368230,27781,126738,6739,22,3
5368423,49313,20519,8026,19,3
5368481,50687,74161,4162,14,0
5368484,67456,37983,7984,14,0
5368672,30382,123005,8030,20,4
5368679,29086,27913,2918,16,0
5368739,58300,87871,2888,21,2
5368771,58325,61019,6032,21,2
5368771,58325,101111,8642,21,2
5368903,46544,114798,2332,1,1
5369027,59017,23339,3340,18,2
5369027,59017,64245,6752,18,2
5369190,46279,156730,4276,16,0
5369220,27625,162164,2165,13,4
5369315,40531,48888,8889,24,1
5369604,24595,19183,1685,16,0
5369764,51887,176320,8838,13,4
5369793,1360,114290,4291,19,3
5370017,55295,93937,6447,24,1
5370113,28048,91841,1842,16,0
5370374,45754,189403,4440,0,0
5370406,31852,65873,8380,1,1
5370470,23245,101603,6624,20,4
5370502,48577,146936,6937,16,0
5370502,48577,164245,1794,16,0
5370720,50431,49244,6757,20,4
5370720,50431,143991,1534,20,4
5370917,66808,155387,5388,23,3
5370950,45296,47459,2468,22,3
5370983,66691,190811,5850,24,1
5371072,48889,126656,4193,18,2
5371396,42746,165471,3020,19,3
5371621,42154,122061,9598,21,2
5371750,23594,88083,8084,13,4
5372289,35833,83163,3164,15,0
5372322,72949,25856,8359,0,0
5372352,30392,199343,1863,17,1
5372448,50110,188418,3455,19,3
5372481,35782,2326,9827,23,3
5372711,33676,131933,4447,0,0
5372711,33676,185441,5442,0,0
5372804,70246,162570,5087,13,4
5373057,19634,101785,4296,15,0
5373090,63992,62393,2394,14,0
5373284,54352,88782,8783,14,0
5373408,68728,148891,6434,16,0
5373472,33313,198907,6465,23,3
5373571,35470,170290,2808,1,1
5373666,41548,139218,1732,18,2
5373922,53983,116657,9169,19,3
5373923,65671,69103,1610,18,2
5373958,35278,30758,5765,18,2
5374437,31843,87346,2363,18,2
5374469,28960,59344,4355,16,0
5374629,33790,151550,6581,15,0
5374855,70340,63169,3170,16,0
5374944,34714,185584,8103,16,0
5374949,68770,118985,6519,19,3
5374949,68770,179047,6599,19,3
5375174,27931,53895,1411,14,0
5375174,27931,132829,2830,14,0
5375207,31529,31625,6632,19,3
5375394,49204,156762,1793,24,1
5375683,18892,130653,3167,22,3
5375780,28246,56761,6762,13,4
5375809,70642,143584,8613,23,3
5375840,59657,87197,9706,14,0
5375840,59657,139524,9525,14,0
5376066,35744,78354,8355,24,1
5376103,21356,125829,3366,13,4
5376294,41200,155939,3485,14,0
5376486,38108,77631,5153,23,3
5376705,47545,27307,2312,20,4
5376705,47545,136999,4539,20,4
5376864,63821,99696,2206,16,0
5376932,73904,164678,7195,23,3
5377029,60329,143640,8669,20,4
5377188,20596,35409,5410,23,3
5377218,42022,168068,5617,24,1
5377219,55588,148685,3714,23,3
5377318,52981,160877,3394,21,2
5377408,52369,69858,2365,15,0
5377633,38243,88711,6236,15,0
5377699,66910,179614,7166,22,3
5377766,55028,109061,9062,14,0
5377829,30485,19468,9469,1,1
5378242,72263,3367,5868,16,0
5378374,60334,35491,5492,17,1
5378433,50590,59827,4838,23,3
5378755,42134,136099,8613,23,3
5378823,24232,35457,5458,24,1
5378851,29449,168166,5715,13,4
5379041,26179,156793,4339,21,2
5379042,35630,66581,1594,23,3
5379138,62975,199923,4962,12,2
5379366,22340,43569,6074,23,3
5379392,37447,136792,1819,15,0
5379399,45958,115067,2601,0,0
5379622,58769,188319,5874,19,3
5379684,56224,189526,7081,13,4
5379777,19381,75935,5936,22,3
5379975,22762,49916,4925,20,4
5380065,51013,126119,8632,19,3
5380097,57757,125042,7555,18,2
5380322,25162,68222,3235,17,1
5380481,48004,139638,7178,15,0
5380481,48004,150074,7620,15,0
5380551,53485,147199,2228,16,0
5380806,22916,106644,9155,17,1
5380839,51334,15215,5216,17,1
5380997,33085,193876,8915,19,3
5381123,37274,72851,2852,19,3
5381186,36866,84802,2327,17,1
5381188,41716,11344,1345,12,2
5381252,58393,89665,2174,1,1
5381378,63592,156949,9465,23,3
5381671,44836,51442,1443,15,0
5381793,62128,37389,2396,22,3
5381828,46420,112711,2712,15,0
5381954,72959,98991,6519,19,3
5382308,60833,85192,2717,20,4
5382567,43354,81387,1388,15,0
5382567,43354,125569,3106,15,0
5382594,66250,189785,4822,17,1
5382661,1264,189292,9293,16,0
5382757,50438,111808,4320,23,3
5383013,66769,4107,6608,1,1
5383206,41218,94901,4902,0,0
5383237,44275,111623,6646,19,3
5383493,24569,30259,7769,19,3
5383558,72919,8497,5998,20,4
5383590,46150,77469,9977,18,2
5383621,51287,114494,7006,22,3
5383810,67073,83968,8985,19,3
5383878,45496,191186,6225,18,2
5383936,24646,51607,6618,1,1
5384002,62515,24525,4526,17,1
5384002,62515,97332,4860,17,1
5384032,65930,133308,8335,0,0
5384134,35498,68246,5765,18,2
5384225,66692,148851,1366,23,3
5384385,44965,50925,5936,22,3
5384483,36910,140550,8093,19,3
5384966,72817,118847,6381,20,4
5385285,43684,52251,4757,18,2
5385313,54919,29493,7000,19,3
5385475,41216,160425,5458,24,1
5385539,29489,178317,3352,19,3
5385604,48905,6828,6829,19,3
5385604,48905,189883,4920,19,3
5386180,40642,173150,3151,17,1
5386183,44657,52232,7243,1,1
5386336,42619,116043,6044,24,1
5386336,42619,180278,5315,24,1
5386337,40306,176699,9217,20,4
5386374,31331,75881,5882,17,1
5386726,66251,128936,8937,13,4
5386759,74651,135527,5528,12,2
5386821,69556,11388,3890,14,0
5386914,53797,90985,3495,1,1
5386945,46469,22457,9964,1,1
5386980,68806,33350,5854,18,2
5387270,40286,52649,2650,18,2
5387303,58679,191629,4149,0,0
5387394,29986,172331,2332,1,1
5387681,74644,192110,7149,16,0
5387744,28846,49910,9911,0,0
5387907,45437,177503,2538,21,2
5388001,27494,87030,9539,21,2
5388005,61996,161838,9387,18,2
5388198,55252,69742,9743,13,4
5388352,56587,74794,7302,18,2
5388645,50128,53513,6019,22,3
5388672,70789,170898,5933,23,3
5388706,72839,145862,3405,16,0
5388900,63547,150208,7754,16,0
5389284,36331,173460,8495,21,2
5389344,54172,97150,7151,17,1
5389350,31508,109184,1695,13,4
5389351,43282,38898,8899,16,0
5389351,43282,154905,9936,16,0
5389473,33893,181528,4047,0,0
5389634,39571,48152,8153,14,0
5389829,68854,60840,5853,15,0
5390081,53314,132494,7521,14,0
5390119,61255,96704,9214,24,1
5390148,40112,64382,4383,23,3
5390693,41417,178836,3871,0,0
5390754,54395,131582,4096,16,0
5390944,33829,56710,6711,12,2
5390951,29044,41408,6417,0,0
5390951,29044,154332,1878,0,0
5391173,36898,176226,8744,22,3
5391173,36898,195935,5936,22,3
5391202,62347,39794,2298,0,0
5391461,35143,19330,1832,12,2
5391590,49471,193850,3851,16,0
5391616,45407,2417,7418,0,0
5391713,54754,56917,1928,18,2
5392069,37412,179707,4742,24,1
5392259,65254,127413,9926,15,0
5392325,51208,96005,6006,19,3
5392676,47746,199705,2225,20,4
5392768,19726,73602,6110,12,2
5392901,32114,152643,5159,19,3
5392994,35668,26002,6003,23,3
5393095,31049,123165,5678,23,3
5393255,73825,143641,6156,17,1
5393475,51325,111333,3845,23,3
5393859,43868,88694,3711,14,0
5393923,49213,177792,7793,17,1
5394144,24944,175166,5167,15,0
5394246,41704,7974,5475,13,4
5394437,43210,91050,6069,12,2
5394437,43210,132986,5500,12,2
5394595,32323,152051,7082,18,2
5394628,57206,168116,5665,0,0
5394630,28043,84039,6548,21,2
5395172,45202,11827,6830,22,3
5395299,45572,116301,8813,19,3
5395360,34963,56874,1885,16,0
5395364,69133,64648,7155,12,2
5395495,71614,52449,4955,16,0
5395522,19793,142598,5113,0,0
5395553,61051,187104,4659,19,3
5395650,24323,172926,7961,19,3
5395654,36572,49766,9767,1,1
5396131,37933,196876,9396,16,0
5396162,38032,5507,8008,17,1
5396164,61289,93633,8652,15,0
5396224,50549,39272,6782,24,1
5396453,47020,189435,4472,20,4
5396996,52474,168169,8170,19,3
5397027,74764,21161,8668,16,0
5397124,70481,84104,9121,24,1
5397731,31468,16826,6827,14,0
5397985,69902,115460,5461,19,3
5398114,23915,87671,2688,15,0
5398147,74293,21069,3572,13,4
5398148,24823,96906,1925,20,4
5398180,61372,45941,5942,22,3
5398180,61372,53079,3080,22,3
5398336,52841,197438,9958,21,2
5398400,26837,46624,6625,24,1
5398400,26837,179060,1578,24,1
5398468,69734,86363,6364,14,0
5398689,55507,86652,4177,12,2
5398822,21373,154794,7310,23,3
5399043,42305,55880,5881,14,0
5399073,60485,182501,7538,16,0
5399142,23998,43577,6082,23,3
5399331,66104,133776,8803,18,2
5399363,70552,167990,5539,17,1
5399428,48535,148456,5999,0,0
5399463,68587,57973,5489,0,0
5399844,62302,150903,5934,19,3
5399937,55144,46671,1680,24,1
5399942,60880,161750,1751,23,3
5400100,65629,59072,4083,21,2
5400163,39326,157357,4903,19,3
5400228,27508,179480,9481,16,0
5400449,55820,191276,6315,22,3
5400610,48155,138015,5555,15,0
5400675,25519,114722,9745,16,0
5400676,20128,47148,4661,19,3
5400771,22606,109247,1758,12,2
5401027,27517,105501,3032,16,0
5401255,26479,32315,2316,1,1
5401255,26479,113532,8555,1,1
5401350,73376,43326,8335,0,0
5401415,57046,32459,9969,12,2
5401415,57046,130876,5903,12,2
5401701,60218,20608,5613,20,4
5401731,55106,67624,7625,23,3
5401766,52762,38169,8170,19,3
5401829,58748,194851,2409,21,2
5401926,1426,12150,4652,15,0
5401985,50207,91830,9358,0,0
5402115,46582,115512,3046,17,1
5402118,64396,7264,7265,12,2
5402245,42704,110615,8149,23,3
5402307,71489,154185,4186,17,1
5402436,71362,44893,2406,24,1
5402530,51595,163179,8212,24,1
5402626,71281,102122,4633,24,1
5402726,72313,70090,7612,17,1
5402982,45904,132853,7880,20,4
5403298,67120,28633,3638,17,1
5403431,29143,95770,5771,22,3
5403622,34363,158493,8494,24,1
5403907,55099,41009,8522,22,3
5403907,55099,137217,7218,22,3
5404226,35225,22419,4922,18,2
5404260,50074,187818,7819,22,3
5404359,30379,61969,9488,12,2
5404513,74005,104520,7031,1,1
5404519,46504,14328,1832,12,2
5404929,33484,15403,5404,0,0
5405025,29948,141801,4316,17,1
5405089,62507,143163,3164,15,0
5405094,27944,148858,6401,1,1
5405411,72472,137731,7732,19,3
5405445,60019,148762,3791,1,1
5405761,20045,142752,5267,14,0
5405828,59659,172344,9896,20,4
5405830,42686,5762,3263,14,0
5405888,73363,122689,5202,1,1
5405895,53597,90272,5291,13,4
5405989,24167,101290,3801,16,0
5406119,26506,65027,7534,14,0
5406467,65158,14016,9019,14,0
5406851,33157,178417,3452,21,2
5406853,51571,30350,5357,13,4
5406951,23837,24970,7473,23,3
5407141,57185,184943,7462,13,4
5407271,57559,5326,2827,0,0
5407271,57559,102223,4734,0,0
5407363,28798,86939,6940,24,1
5407398,50407,100078,2589,12,2
5407714,74864,151265,6296,23,3
5407776,33988,194417,6937,16,0
5407811,23483,199865,9866,21,2
5407841,63001,139924,7464,0,0
5408291,57598,199631,9632,14,0
5408550,35539,166681,9198,15,0
5408870,65359,187355,2392,22,3
5409028,61249,169915,9916,13,4
5409091,58735,118221,5755,20,4
5409415,53542,95158,7668,20,4
5409729,38723,91701,6720,18,2
5409767,23114,136838,1865,17,1
5409889,31285,76151,6152,13,4
5410048,49738,68513,6032,21,2
5410055,68326,82078,7095,22,3
5410400,19918,44823,9832,21,2
5410403,20029,38373,5883,1,1
5410755,65992,196921,6922,0,0
5410823,66085,70547,3055,18,2
5411012,30160,189653,4690,15,0
5411111,40096,106076,6077,24,1
5411143,49304,25296,7799,22,3
5411143,49304,117679,2702,22,3
5411202,41326,156986,2017,1,1
5411303,65674,119134,9135,17,1
5411461,36134,193924,6444,17,1
5411589,45829,117070,2093,19,3
5411684,51211,9381,4382,14,0
5411686,43207,82621,5130,0,0
5411941,55109,169065,4098,15,0
5411972,20389,163902,6419,14,0
5412065,45328,28331,5838,0,0
5412390,70231,72176,2177,0,0
5412390,70231,178101,8102,0,0
5412677,26155,41602,4107,18,2
5412707,31471,13109,8112,22,3
5412837,66914,118395,8396,20,4
5413056,46532,188681,6236,15,0
5413187,43924,179574,9575,24,1
5413188,48820,32312,9822,13,4
5413379,60551,64605,2124,22,3
5413952,73358,72217,4725,21,2
5414273,60527,22489,4992,18,2
5414308,30190,92345,9873,19,3
5414530,27343,59895,2401,13,4
5414594,26515,9638,7139,0,0
5414661,20668,53849,8860,19,3
5414784,66901,117156,7157,16,0
5415012,42748,159365,4396,17,1
5415137,29306,1802,9303,16,0
5415427,23629,183082,3083,18,2
5415428,68296,118049,5583,20,4
5415810,63023,56666,9172,16,0
5416066,45887,29654,2157,17,1
5416487,19003,131283,1284,16,0
5416839,34532,17550,5054,1,1
5416966,24424,31192,3696,16,0
5417120,71008,4550,2051,13,4
5417189,45988,143008,8037,1,1
5417638,49210,162454,2455,16,0
5417766,74029,52955,7966,21,2
5417894,28990,142184,7213,21,2
5418112,33599,112250,4762,1,1
5418150,59917,73956,8971,17,1
5418209,63239,148970,8971,17,1
5418243,43985,141919,1920,0,0
5418277,21131,29914,7421,19,3
5418277,21131,154498,7014,19,3
5418401,21854,21216,8723,12,2
5418502,70622,171049,8601,18,2
5418626,26117,85782,5783,1,1
5418626,26117,157849,2880,1,1
5418626,26117,194102,1660,1,1
5418630,22822,57629,2640,12,2
5418657,51793,186905,4460,22,3
5418724,27281,14205,9208,1,1
5418823,43921,131533,4047,0,0
5419013,47657,18922,8923,19,3
5419106,46387,153837,8868,24,1
5419200,52906,63805,3806,20,4
5419203,25975,21825,4328,21,2
5419204,50720,45534,5535,14,0
5419239,44003,1627,1628,14,0
5419398,59584,129406,4431,18,2
5419522,40240,170408,7960,17,1
5419524,30250,108937,1448,21,2
5419525,50587,130879,3393,16,0
5419622,24235,9823,9824,19,3
5419780,34523,124228,9253,16,0
5419937,56308,4674,2175,18,2
5419940,67570,79801,2309,16,0
5420163,32875,18308,5812,13,4
5420193,73106,162882,5399,17,1
5420260,47539,95045,5046,23,3
5420325,69193,101771,6792,22,3
5420581,20911,45956,5957,12,2
5420740,51634,83079,3080,22,3
5420963,67999,19989,2491,1,1
5421122,56720,22531,5034,23,3
5421152,48028,41731,6740,15,0
5421159,28525,178915,6467,22,3
5421255,35996,20032,7539,18,2
5421348,62938,7877,5378,16,0
5421478,45526,149344,6887,18,2
5421538,48607,55695,3211,24,1
5421730,49835,192614,5134,0,0
5421761,38573,41178,3683,12,2
5421955,58825,63838,1357,24,1
5422048,22894,64861,7368,14,0
5422050,73802,25428,5429,21,2
5422147,61393,117963,5497,16,0
5422272,28939,179888,9889,15,0
5422338,60172,53378,3379,24,1
5422565,50623,112139,9673,14,0
5422849,29458,190422,5461,19,3
5423042,54241,108494,8495,21,2
5423105,30370,193628,8667,18,2
5423360,21124,109759,7290,20,4
5423559,66635,5043,5044,14,0
5423559,66635,108404,8405,14,0
5423559,66635,138659,3686,14,0
5423682,67609,12326,4828,14,0
5423810,64408,125559,8072,1,1
5423906,61294,119935,9936,16,0
5424096,29353,139323,4350,1,1
5424256,37853,821,5822,22,3
5424256,37853,161932,1933,22,3
5424292,41776,39207,9208,1,1
5424416,25682,106569,9080,14,0
5424418,56213,122358,7383,24,1
5424707,50519,3753,3754,22,3
5424742,44104,94116,6626,16,0
5424934,52000,167516,7517,20,4
5424935,60692,99476,9477,16,0
5424997,70742,100380,5401,21,2
5425056,33676,153796,1342,0,0
5425415,49832,50249,2755,23,3
5425478,64054,127087,2112,19,3
5425478,64054,149561,2076,19,3
5425761,26806,138760,6300,0,0
5426144,39275,11896,4398,21,2
5426404,73492,7669,7670,19,3
5426694,28198,58790,3801,16,0
5426752,23416,104225,4226,12,2
5426758,35656,102302,7323,17,1
5426790,65572,15577,5578,20,4
5426851,56731,153808,6324,16,0
5426945,31231,71244,3752,19,3
5427072,20233,8827,6328,19,3
5427296,59056,168947,3980,23,3
5427490,30401,61342,1343,24,1
5427680,66866,29932,2435,21,2
5427809,55294,181725,6762,13,4
5427844,56380,103919,6430,21,2
5427845,23488,15153,2657,24,1
5427972,29584,67818,7819,22,3
5428038,25568,79583,4598,23,3
5428066,41881,158276,5822,22,3
5428132,62374,188282,5837,23,3
5428160,52780,64505,9518,0,0
5428546,48521,38990,6500,23,3
5428677,66890,155054,7570,19,3
5428806,70423,14735,4736,12,2
5428965,60313,71913,9435,20,4
5428965,60313,77080,2095,20,4
5429058,57355,124901,9926,15,0
5429126,29347,48196,5709,23,3
5429349,25237,79086,9087,23,3
5429478,26551,70365,7887,19,3
5429604,59945,62073,9592,18,2
5429669,74032,171413,3931,0,0
5429798,35584,174248,6766,12,2
5429824,33187,67392,2405,21,2
5429984,69457,16743,4247,0,0
5430048,73174,65031,5032,18,2
5430052,70183,40336,5345,16,0
5430081,71185,5883,8384,15,0
5430117,58145,61213,6226,21,2
5430183,34963,151850,9396,16,0
5430561,43742,83896,8913,20,4
5430567,51319,50232,7748,19,3
5430631,21673,46230,3743,1,1
5430852,43483,149476,1991,1,1
5430949,26561,167902,5451,23,3
5430977,52840,173987,3988,24,1
5431236,23344,43025,3026,19,3
5431585,25841,19349,6853,13,4
5431586,56501,84228,6737,20,4
5431620,61859,79326,6848,18,2
5431908,18898,126217,8730,22,3
5432262,35359,145676,5677,21,2
5432321,28036,60193,7712,21,2
5432322,42199,108998,1509,1,1
5432485,25084,83108,8125,0,0
5432864,58781,7641,7642,13,4
5432897,20371,57723,2734,1,1
5432899,44839,139775,2289,22,3
5433091,59956,199593,2113,17,1
5433093,58201,40399,5408,24,1
5433319,61069,73676,6184,15,0
5433441,37070,198403,8404,14,0
5433447,54175,43983,8992,17,1
5433861,61144,87175,9684,15,0
5433955,65969,57812,7813,24,1
5434114,37468,158499,3530,18,2
5434310,51482,139863,7403,19,3
5434756,47930,108576,8577,14,0
5435110,72892,134117,6631,14,0
5435269,36080,34691,4692,13,4
5435462,38797,32311,7318,14,0
5435525,20383,41,7542,0,0
5435619,64670,113725,3726,13,4
5435783,27062,69472,4485,23,3
5435844,30907,186371,8890,19,3
5436258,21289,118247,5781,18,2
5436417,69421,134911,2451,16,0
5436645,19633,3771,3772,16,0
5436677,48560,91674,6693,20,4
5436769,61168,60676,3183,22,3
5436994,66008,178028,5580,23,3
5437127,54215,164730,7247,17,1
5437187,67682,158498,8499,12,2
5437314,68959,41005,3510,1,1
5437411,38333,86551,9060,0,0
5437606,74227,11813,6816,0,0
5437668,65665,72513,2514,17,1
5437703,26477,164147,9180,23,3
5437761,53174,196486,6487,12,2
5437829,66008,14112,9115,23,3
5437829,66008,101682,6703,23,3
5437985,23387,147806,7807,22,3
5438117,43462,592,8093,19,3
5438117,43462,44321,1834,19,3
5438274,71344,158029,5575,21,2
5438306,24019,67973,5492,17,1
5438372,44254,159408,6954,23,3
5438564,39067,7029,7030,16,0
5438564,39067,64000,1519,16,0
5438567,42442,8726,3727,20,4
5438594,45724,110434,2946,0,0
5438594,45724,184392,6911,0,0
5438657,59509,20318,2821,1,1
5438688,49936,116143,8655,14,0
5438885,63938,42648,5153,23,3
5438976,49033,78562,3577,12,2
5438983,23750,37961,5471,19,3
5439264,59773,177931,5483,1,1
5439427,1505,99399,9400,21,2
5439488,56698,26405,8908,20,4
5439494,65275,113882,1416,13,4
5439616,31660,112764,2765,0,0
5439717,21598,161208,6241,20,4
5440034,43054,51331,3837,21,2
5440034,43054,110638,5661,21,2
5440037,61201,51629,6640,17,1
5440229,21830,74118,6626,16,0
5440675,65308,4889,9890,21,2
5441057,55880,150697,5728,18,2
5441408,46471,2066,4567,13,4
5441440,33814,163718,8751,17,1
5441442,60035,194877,9916,13,4
5441735,27208,34967,7471,22,3
5441764,48982,183767,6286,22,3
5442342,73681,18204,5708,16,0
5442402,24091,57580,2591,18,2
5442496,54901,41096,6105,18,2
5442630,36823,64956,9969,12,2
5442689,63079,11553,9057,12,2
5442754,28690,23855,6358,15,0
5442754,28690,35844,5845,15,0
5442817,27850,1939,1940,21,2
5442919,30916,41679,1680,24,1
5442951,64205,100064,7595,13,4
5443009,47512,123979,9004,18,2
5443014,52462,180031,2550,21,2
5443269,57220,18268,3271,14,0
5443589,43337,45919,5920,20,4
5443842,22663,119850,2362,14,0
5443905,26755,52991,2992,23,3
5444167,21301,112732,7755,22,3
5444451,35014,73522,6030,1,1
5444550,65597,18956,1458,24,1
5444614,22411,14458,6960,14,0
5444738,58081,196904,4462,19,3
5444742,49001,32033,2034,12,2
5444837,38242,132190,7217,0,0
5444871,50396,7408,2409,21,2
5445094,32875,43442,5947,13,4
5445184,23872,153510,3511,17,1
5445570,28019,60552,8071,14,0
5445570,28019,89885,2394,14,0
5445602,28850,120761,5786,14,0
5445858,34261,6733,1734,1,1
5445858,34261,57734,2745,1,1
5445956,43783,58823,6339,22,3
5446343,50084,2440,9941,18,2
5446471,40229,70536,8058,23,3
5446626,60605,70512,5527,16,0
5446691,45355,85427,5428,24,1
5446691,45355,161147,8696,24,1
5446850,27910,6978,4479,12,2
5446855,71896,196332,1371,17,1
5446950,24175,199590,9591,23,3
5447045,32464,55289,5290,14,0
5447141,54556,121978,1979,21,2
5447201,43418,26077,8580,21,2
5447621,63737,136331,3871,0,0
5447939,55489,120343,7880,20,4
5448098,51416,79709,4724,18,2
5448389,43324,102016,2017,1,1
5448452,33292,116076,6077,24,1
5448581,61717,64327,4328,21,2
5448771,57872,176380,1415,16,0
5448833,53950,147744,2773,14,0
5448963,65845,129942,7479,23,3
5448998,42166,86482,8991,24,1
5449123,61978,5919,8420,17,1
5449153,51757,68569,8570,16,0
5449185,52498,192741,7780,14,0
5449443,33394,1926,9427,0,0
5449859,46838,154474,6990,15,0
5449894,70798,3017,5518,0,0
5450113,41282,59691,2197,16,0
5450178,27868,160325,5358,23,3
5450625,61513,183870,8907,1,1
5451044,55748,141767,9310,22,3
5451236,27844,165970,5971,23,3
5451493,50245,32669,7676,0,0
5451622,30577,171135,8687,0,0
5451713,72400,62278,7291,17,1
5451713,72400,101637,4148,17,1
5451719,61096,5166,5167,15,0
5451778,72082,66306,1319,16,0
5451778,72082,144515,7030,16,0
5451812,58783,88047,8048,13,4
5452071,70933,258,2759,19,3
5452071,70933,90588,5607,19,3
5452231,60967,133513,6027,20,4
5452704,25550,9837,4838,23,3
5452741,36964,181369,8924,14,0
5452962,35308,147900,2929,13,4
5453056,59224,180794,8349,21,2
5453056,59224,191298,3818,21,2
5453413,54202,126853,1878,0,0
5453604,19982,71383,8905,16,0
5453664,71539,51183,6194,14,0
5453670,62843,67051,9558,22,3
5453699,38198,139097,6637,23,3
5453701,51685,191578,6617,20,4
5453733,70310,173556,3557,16,0
5453830,25270,170641,5676,21,2
5453892,19111,16055,3559,1,1
5453956,65495,36448,1455,12,2
5454147,23363,198899,6457,18,2
5454272,38509,41799,1800,0,0
5454432,60341,67309,9816,19,3
5454594,63286,95555,3083,18,2
5454628,69049,19852,2354,14,0
5454690,26503,139505,4532,19,3
5454944,52363,9885,9886,16,0
5454946,47009,115847,5848,20,4
5454947,20108,107414,2435,21,2
5455076,24263,123024,8049,24,1
5455235,71950,59570,4581,1,1
5455654,54175,110936,5959,17,1
5455813,49618,33832,1342,0,0
5455874,70780,72382,9904,1,1
5456069,31699,95581,5582,22,3
5456229,55411,192047,2048,0,0
5456515,54731,139931,2445,0,0
5456547,45253,168829,3862,21,2
5456551,20467,17596,2599,14,0
5456740,21770,70542,8064,21,2
5456801,58448,185036,2591,18,2
5456934,33821,94217,4218,24,1
5456962,45874,52486,2487,19,3
5457504,55195,136775,9289,24,1
5457536,19591,94395,6905,12,2
5457541,37865,53457,5963,1,1
5457632,35632,54872,9883,23,3
5457895,35462,88942,1451,16,0
5458112,52502,47106,4619,22,3
5458369,66920,184480,4481,17,1
5458499,56327,98727,6255,18,2
5458534,42328,189167,9168,17,1
5458693,53065,132767,2768,15,0
5458757,59329,162345,7378,16,0
5458758,62341,100328,5349,0,0
5459104,38141,87759,5284,15,0
5459331,61831,23436,8441,18,2
5459458,34307,169933,7482,14,0
5459494,53437,88730,8731,18,2
5459520,26071,114237,1771,1,1
5459520,26071,168035,8036,1,1
5459587,45088,26126,6127,1,1
5459587,45088,38150,8151,1,1
5459713,46102,121858,9395,16,0
5460356,59165,3798,8799,24,1
5460453,48745,153275,3276,19,3
5460453,48745,163133,8166,19,3
5460513,29395,123263,3264,14,0
5460516,46838,5686,3187,15,0
5460516,46838,119653,7187,15,0
5460675,73814,142392,7421,19,3
5460705,56420,91459,3969,16,0
5460834,32020,152393,9939,18,2
5460834,32020,160796,5829,18,2
5460836,62866,7202,2203,17,1
5460839,32519,128783,8784,0,0
5460900,1376,177870,2905,12,2
5461092,27890,37251,2258,0,0
5461092,27890,82933,5442,0,0
5461221,49859,104230,4231,13,4
5461348,40802,146315,1344,21,2
5461381,48439,28097,3102,19,3
5461573,28819,120487,3000,21,2
5461635,42839,61439,1440,16,0
5461670,20356,69203,1710,21,2
5461793,47561,54265,1781,14,0
5461893,48770,194322,1880,22,3
5461921,31303,27879,7880,20,4
5461923,32528,179448,4483,17,1
5462343,24652,9167,6668,14,0
5462599,21977,124599,4600,12,2
5462789,66908,192105,9663,0,0
5462791,61807,133774,8801,1,1
5462852,60061,23777,8782,14,0
5462884,35689,171131,3649,24,1
5462886,71737,27700,7701,1,1
5462912,26867,87065,2082,16,0
5463302,43871,123767,6280,18,2
5463490,73240,55246,5247,23,3
5463585,53629,164482,4483,17,1
5463649,34040,89895,9896,20,4
5463877,58936,196859,6860,0,0
5464068,34468,136204,8718,20,4
5464609,50470,199220,9221,24,1
5464704,24316,59151,6667,20,4
5464901,45784,43989,8998,17,1
5465059,58844,103372,5883,1,1
5465120,60100,50941,8457,16,0
5465126,68317,115489,8001,0,0
5465344,45404,141462,3977,24,1
5465347,64835,41040,6049,1,1
5465509,38170,50978,3484,17,1
5465633,54073,144440,1983,19,3
5465638,55894,180795,8350,1,1
5465669,43375,87366,4891,12,2
5465796,29020,53357,8368,1,1
5465828,39761,156772,6773,24,1
5466021,24500,14107,6609,24,1
5466081,35743,90620,3130,23,3
5466210,24466,44632,9641,24,1
5466433,47437,131918,6945,15,0
5466915,57140,169010,1527,21,2
5466980,1456,161639,9188,13,4
5467040,32974,3282,5783,1,1
5467267,37504,60136,2643,21,2
5467297,39682,30425,7935,0,0
5467331,57259,119236,4259,0,0
5467488,51628,107741,7742,23,3
5467622,37723,117331,2354,14,0
5467655,24646,199398,1918,1,1
5467712,54709,134406,9433,18,2
5467781,30220,61502,4009,20,4
5468037,38371,168642,6191,14,0
5468229,58874,87672,2689,17,1
5468480,63607,8921,1422,0,0
5468483,42188,3597,8598,14,0
5468512,26741,112147,9681,0,0
5468514,30529,84282,9299,14,0
5468514,30529,93681,6191,14,0
5468869,45928,5199,2700,15,0
5468869,45928,164097,4098,15,0
5469124,63475,110201,5224,17,1
5469124,63475,171864,1865,17,1
5469286,54739,174221,1773,19,3
5469409,38839,168312,3345,24,1
5469511,37942,133759,6273,18,2
5469668,35312,2431,2432,15,0
5469733,28993,73347,3348,15,0
5470112,34534,42686,7695,24,1
5470370,44908,13396,3397,19,3
5470471,55033,199686,2206,16,0
5470723,60199,26074,8577,14,0
5470788,23824,94543,2071,21,2
5470883,21115,114005,9028,14,0
5471137,38551,69549,7068,12,2
5471234,51551,18816,3819,12,2
5471648,52264,21063,8570,16,0
5471877,52066,78770,8771,19,3
5471972,40712,7323,4824,12,2
5472007,39364,27634,5141,13,4
5472133,20806,88260,3277,21,2
5472196,32383,4731,7232,16,0
5472226,22481,5959,3460,18,2
5472226,22481,105524,3055,18,2
5472290,25546,78119,8120,24,1
5472544,47083,132658,7685,1,1
5472544,47083,179874,9875,1,1
5472736,65689,18743,6247,24,1
5472736,65689,161690,9239,24,1
5472870,64966,18022,3025,18,2
5473030,73169,138233,8234,20,4
5473185,62902,132850,5364,1,1
5473284,49109,109353,9354,16,0
5473345,53315,191665,1666,22,3
5473735,48047,116347,1370,22,3
5473890,69665,173395,5913,13,4
5473894,67084,106796,6797,13,4
5473923,21931,156386,6387,15,0
5474116,72472,64025,9038,19,3
5474178,74623,196631,6632,19,3
5474244,24695,183389,3390,19,3
5474341,65575,32179,2180,15,0
5474467,56516,188002,3039,21,2
5474566,68773,32710,5214,1,1
5474598,49972,21666,4169,20,4
5474630,45421,143836,8865,1,1
5474692,22970,22114,7119,12,2
5474786,51508,164528,9561,20,4
5474787,44329,135360,2900,14,0
5474817,59156,29261,6768,0,0
5474982,41797,193031,8070,22,3
5475077,55174,5679,8180,20,4
5475200,35743,134321,6835,23,3
5475232,56425,65138,5139,0,0
5475265,41914,96910,9420,19,3
5475265,41914,107116,4647,19,3
5475620,58465,156368,8884,13,4
5475747,69760,52666,7677,21,2
5476228,51440,159505,7051,12,2
5476353,33590,106256,6257,15,0
5476356,54236,191707,9265,0,0
5476384,28126,25183,7686,20,4
5476483,30010,126637,4174,21,2
5476579,38288,191259,8817,16,0
5476613,20656,144950,2493,1,1
5476675,26674,106789,4320,23,3
5476868,68368,104484,4485,23,3
5476870,38695,106907,9418,0,0
5476896,43138,190628,5667,17,1
5476931,67489,55939,8445,15,0
5477187,27685,83831,1356,20,4
5477441,28723,83029,5538,1,1
5477442,39475,61120,6133,18,2
5477447,69388,141398,3913,23,3
5477863,41230,75245,2767,0,0
5477922,62999,46765,6766,12,2
5477954,52369,40601,3106,15,0
5478017,68612,148203,8204,21,2
5478373,22159,90797,5816,15,0
5478560,55456,150352,2868,16,0
5478560,55456,155807,3353,16,0
5478817,45184,128903,1416,13,4
5478948,58207,48481,3490,16,0
5479105,56572,66655,4174,21,2
5479651,31955,16166,8668,16,0
5479713,66691,57940,7941,24,1
5479809,61288,119593,2105,16,0
5480230,39517,100623,3134,17,1
5480293,63485,188654,8655,14,0
5480677,20249,153348,5864,22,3
5480710,21679,166869,9386,13,4
5480902,54676,39808,7318,14,0
5481027,35087,189287,9288,21,2
5481120,68413,97931,2950,23,3
5481187,52757,165116,2665,17,1
5481248,42430,29904,7411,18,2
5481248,42430,117035,4569,18,2
5481378,36698,24918,7421,19,3
5481441,60361,5070,7571,17,1
5481441,60361,42282,7291,17,1
5482305,44404,3078,5579,21,2
5482305,44404,115560,3094,21,2
5482465,21073,86509,1526,22,3
5482467,58093,174827,2379,17,1
5482566,66064,12468,7471,22,3
5482566,66064,198978,6536,22,3
5482694,51106,132108,9648,20,4
5482882,19051,158069,8070,22,3
5482914,22061,89471,4488,14,0
5483200,48307,53864,3865,16,0
5483207,67159,63197,5704,18,2
5483266,73636,79159,9160,0,0
5483298,24577,165787,3336,21,2
5483526,39532,141275,6304,0,0
5483584,50128,144177,4178,22,3
5483715,69055,139977,2491,1,1
5483782,37468,45131,2644,18,2
5483782,37468,104181,4182,18,2
5483809,27905,173797,8832,0,0
5483938,25231,111740,1741,12,2
5484037,45112,100100,5121,14,0
5484065,73561,189592,4629,18,2
5484455,33871,32949,5453,19,3
5484516,37313,141143,6172,16,0
5484642,71296,115744,3278,0,0
5484647,54871,157183,7184,1,1
5484805,1295,15867,8369,24,1
5484805,1295,97589,7590,24,1
5485380,35797,87796,7797,13,4
5485633,60538,122861,5374,22,3
5485797,58150,20053,2556,21,2
5485797,58150,135955,5956,21,2
5486023,45754,64660,7167,0,0
5486144,29078,194684,2242,12,2
5486183,48521,36915,4425,23,3
5486627,43474,87901,2918,16,0
5486689,56798,53663,3664,18,2
5486886,25891,26641,1646,23,3
5486946,46084,196523,6524,19,3
5487201,51742,193546,8585,24,1
5487202,51346,72750,2751,13,4
5487267,56182,42812,5317,21,2
5487296,24263,109274,9275,24,1
5487332,65473,64210,9223,1,1
5487393,71450,99749,2259,14,0
5488230,48871,190201,5240,21,2
5488258,46129,166995,6996,20,4
5488709,73444,126410,8923,19,3
5488742,37396,112463,9997,15,0
5488768,39908,25998,3505,24,1
5489092,24077,97606,5134,0,0
5489092,24077,129060,6597,0,0
5489124,51935,145693,5694,22,3
5489217,33094,116192,8704,21,2
5489543,50986,166815,9332,21,2
5489703,39748,46683,9188,13,4
5489733,50449,72275,4783,22,3
5490048,20137,197883,2922,23,3
5490054,63313,6379,3880,21,2
5490054,63313,84039,6548,21,2
5490081,25121,32841,5345,16,0
5490562,24143,113195,8218,0,0
5490880,27619,146341,8856,16,0
5491079,67717,82345,4854,18,2
5491079,67717,162741,2742,18,2
5491332,66481,163861,8894,13,4
5491363,71029,116277,1300,23,3
5491392,48373,129577,9578,14,0
5491556,72128,161092,8641,24,1
5491712,44653,94698,7208,15,0
5491750,25531,17040,9542,22,3
5491751,65930,68897,8898,0,0
5491810,43669,129347,4372,21,2
5492036,67202,138432,5972,1,1
5492225,38485,65554,3073,24,1
5492675,37747,42018,4523,17,1
5492677,49576,156105,8621,1,1
5492741,24316,150405,5436,20,4
5492834,71096,7033,9534,16,0
5492960,49714,191487,9045,18,2
5493061,48367,148845,3874,17,1
5493093,60679,8949,8950,23,3
5493122,42835,74913,7421,19,3
5493348,44671,152179,7210,13,4
5493922,63121,32616,7623,0,0
5493925,56458,82183,7200,14,0
5494020,36106,12927,7930,18,2
5494144,49546,81216,3725,12,2
5494370,54094,19474,9475,16,0
5494370,54094,195932,3490,16,0
5494372,74734,184059,9096,16,0
5494560,53012,177294,4846,24,1
5494599,39931,181161,6198,16,0
5494785,40609,12397,7400,21,2
5494820,42862,11776,6779,0,0
5494848,54442,11908,4410,12,2
5494848,54442,124500,2037,12,2
5495142,37432,187474,9993,0,0
5495649,35545,38273,8274,18,2
5495846,41927,136377,8891,22,3
5496036,63490,71860,9382,18,2
5496070,34378,13190,8193,17,1
5496321,64348,30132,5139,0,0
5496774,33058,8889,1390,20,4
5497057,34411,1936,6937,16,0
5497057,34411,188314,8315,16,0
5497287,52475,16406,3910,17,1
5497287,52475,125372,2909,17,1
5497314,56287,12337,4839,23,3
5497316,59581,101061,6082,23,3
5497569,65537,191502,4022,24,1
5497668,72037,86985,2002,22,3
5497926,44620,23157,3158,19,3
5497986,67954,41732,1733,19,3
5498083,69907,148891,6434,16,0
5498118,54877,167239,9756,18,2
5498209,49943,134137,4138,17,1
5498432,33295,62717,7730,19,3
5498500,23203,9062,6563,16,0
5499111,70111,87868,5393,15,0
5499680,53921,30485,5492,17,1
5499748,63151,48210,3219,24,1
5499748,63151,135614,5615,24,1
5499942,61399,87804,5329,14,0
5500193,71044,101070,8601,18,2
5500262,48973,86264,6265,1,1
5500292,60955,122285,7310,23,3
5500480,74116,112293,2294,22,3
5500643,71836,104853,4854,18,2
5500645,26572,64030,6537,20,4
5500647,35927,58927,3938,18,2
5500674,65971,103697,3698,21,2
5500932,54166,77135,9643,20,4
5501120,35380,85793,3318,17,1
5501153,72650,162028,4545,13,4
5501153,72650,193746,6266,13,4
5501315,52991,37396,2403,22,3
5501316,58676,104343,1874,16,0
5501510,71659,179765,2283,16,0
5501954,45755,38340,8341,13,4
5502210,51337,65163,2682,12,2
5502403,35665,22716,7721,22,3
5502469,25933,10089,5092,22,3
5502721,48094,134296,4297,22,3
5502758,51664,176235,1270,1,1
5502785,55076,92132,7151,17,1
5502950,25942,61723,1724,20,4
5503141,42676,102059,9590,15,0
5503235,31148,177225,4777,1,1
5503296,67691,42825,7834,14,0
5503299,61453,86293,8802,15,0
5503360,52465,132248,9788,13,4
5503460,29176,81926,4435,17,1
5503491,23536,70687,5702,12,2
5503684,46607,43939,3940,24,1
5503939,24487,19288,6792,22,3
5504067,57589,28793,6300,0,0
5504101,68776,8843,3844,13,4
5504135,73057,67387,9894,15,0
5504196,70546,156087,3633,24,1
5504421,51095,199769,2289,22,3
5504931,71662,80167,5184,18,2
5505248,33815,104642,2173,14,0
5505250,31372,119799,9800,13,4
5505250,31372,180840,5877,13,4
5505284,70124,159982,7528,17,1
5505285,19705,151514,4030,14,0
5505607,59972,116831,6832,24,1
5505729,28690,122022,9559,15,0
5505890,67058,153049,3050,15,0
5506018,26803,30487,5494,22,3
5506212,34142,30391,5398,17,1
5506439,27197,162053,2054,23,3
5506753,55510,120158,7695,24,1
5506789,57745,179429,4464,24,1
5506976,72217,159037,1553,14,0
5506978,23263,63973,8986,23,3
5507041,53002,159675,2191,14,0
5507074,50860,76861,4383,23,3
5507079,63976,95930,5931,16,0
5507236,20506,28209,3214,24,1
5507461,68749,61613,1614,12,2
5507587,35804,7326,4827,14,0
5507587,35804,95024,7534,14,0
5507718,32440,194925,9964,1,1
5507777,67420,68753,6272,19,3
5507780,51134,77282,7283,18,2
5507910,28973,171712,1713,12,2
5507973,68450,61713,6726,23,3
5508001,71926,53201,8212,24,1
5508034,70507,83538,3539,0,0
5508067,26173,56125,6126,19,3
5508194,51053,89013,9014,0,0
5508418,28088,114091,4092,22,3
5508736,62392,103688,6199,15,0
5508806,65516,102842,2843,1,1
5508832,35135,27408,9911,0,0
5508871,26177,176945,9463,15,0
5508932,73205,23251,5754,13,4
5508932,73205,147387,2416,13,4
5509029,68744,19331,1833,16,0
5509056,24035,32238,4742,24,1
5509287,67987,29847,4852,23,3
5509472,60919,63627,3628,17,1
5509575,62341,38926,8927,0,0
5509605,52627,127938,5475,13,4
5509702,51986,1604,4105,13,4
5509702,51986,150261,2777,13,4
5510055,73451,35842,8346,17,1
5510055,73451,115720,8232,17,1
5510119,28111,122964,2965,19,3
5510211,56059,40925,3430,15,0
5510277,60442,174045,9080,14,0
5510626,30800,126905,4442,12,2
5510724,73316,43315,3316,0,0
5510754,64774,57096,2107,1,1
5510849,67420,164620,7137,19,3
5511108,57191,31975,6982,19,3
5511169,71939,89862,4879,15,0
5511557,38650,89233,1742,21,2
5511586,64535,29116,1619,23,3
5511588,39295,192117,7156,0,0
5511779,24541,125579,5580,23,3
5511812,54613,110014,7548,23,3
5512098,51829,61637,4144,12,2
5512290,74912,46705,9210,24,1
5512583,57520,197016,2055,22,3
5513153,35287,16678,6679,0,0
5513253,72325,11871,1872,22,3
5513345,42079,174679,7197,12,2
5513447,72859,94037,6547,20,4
5513607,45851,22163,9670,19,3
5513830,59339,113476,5988,13,4
5514049,42236,54631,9642,0,0
5514405,52111,53342,5848,20,4
5514534,63517,86725,6726,23,3
5514560,52168,31249,6256,13,4
5514694,24472,181841,4360,21,2
5514752,21529,105829,8340,12,2
5515010,52006,31842,9352,22,3
5515298,48074,50182,7698,1,1
5515302,29780,13889,1393,20,4
5515463,46381,15559,8061,17,1
5515524,38896,134260,1800,0,0
5515587,48362,187898,5453,19,3
5515713,26149,65006,5007,12,2
5515811,47867,165009,5010,22,3
5516004,38026,103901,1432,21,2
5516291,20011,133898,1438,12,2
5516295,58540,48243,8244,12,2
5516390,74617,66394,3913,23,3
5516903,33743,11579,6582,12,2
5517184,74015,15452,2956,13,4
5517184,74015,25455,7958,13,4
5517184,74015,97323,9833,13,4
5517443,1430,105861,8372,0,0
5517607,52597,51321,8837,22,3
5517636,20425,136865,9379,22,3
5518403,61484,20930,5935,24,1
5518406,21184,83956,8973,22,3
5518657,68770,54647,9658,19,3
5518720,74255,191936,4456,16,0
5518883,52693,193231,3232,22,3
5518979,62254,44113,6618,1,1
5519072,48565,163882,8915,19,3
5519108,43769,37154,9658,19,3
5519108,43769,123333,8358,19,3
5519136,67649,4416,1917,16,0
5519136,67649,11803,6806,16,0
5519175,22519,1198,3699,0,0
5519238,44635,101101,8632,19,3
5519488,73753,139463,9464,16,0
5519494,37963,170844,8396,20,4
5519558,35444,2912,2913,14,0
5520004,49405,55890,8396,20,4
5520069,46408,62316,9835,20,4
5520163,35722,39252,9253,16,0
5520579,27059,88277,8278,13,4
5520839,39187,41665,4170,18,2
5520961,22273,193447,8486,23,3
5521158,21667,171210,6245,14,0
5521184,29786,190817,8375,23,3
5521411,60721,146751,6752,18,2
5521668,65242,10833,8337,15,0
5521698,39928,126982,6983,14,0
5522017,22126,31381,3885,22,3
5522178,24205,114217,4218,24,1
5522307,20095,140074,2589,12,2
5522343,30592,167655,7656,20,4
5522533,25948,164585,2134,14,0
5522534,35917,114650,2184,18,2
5522818,60245,143427,5942,22,3
5523142,19678,23982,1489,15,0
5523168,27865,103785,6296,23,3
5523462,53050,79398,6920,23,3
5523749,41534,119288,9289,24,1
5524102,36020,4043,1544,1,1
5524193,32113,174277,9312,1,1
5524325,53180,21723,9230,18,2
5524416,34490,94509,2037,12,2
5524743,64123,19112,6616,23,3
5524832,72685,147352,7353,12,2
5524870,55114,156126,8642,21,2
5525186,66356,166993,6994,19,3
5525219,33667,3890,1391,21,2
5525344,35968,59599,7115,22,3
5525763,54803,88853,3870,23,3
5526018,33590,126313,8826,15,0
5526053,47630,49560,9561,20,4
5526055,38818,66623,6624,20,4
5526211,39719,43754,3755,24,1
5526372,46132,106774,4305,19,3
5526534,38632,153636,3637,16,0
5526535,68773,139225,4252,1,1
5526598,52397,174364,4365,18,2
5526882,29237,183895,6414,19,3
5527043,59972,80296,7821,24,1
5527109,71836,18080,3083,18,2
5527139,32351,192433,9991,13,4
5527170,46633,19077,1579,22,3
5527205,50993,66841,4360,21,2
5527424,28339,187202,4757,18,2
5527427,21277,115174,5175,12,2
5527521,33886,168193,8194,22,3
5527781,33682,167534,7535,23,3
5527845,24776,8970,8971,17,1
5528324,40909,16003,6004,16,0
5528324,40909,83359,5868,16,0
5528391,67777,109726,9727,20,4
5528420,44974,12723,5225,24,1
5528452,74585,141999,9542,22,3
5528513,65963,169675,4708,24,1
5528609,48164,12541,7544,16,0
5528643,53584,113548,8571,19,3
5528867,49829,136751,9265,0,0
5529094,66553,174765,9800,13,4
5529345,26386,47876,2885,12,2
5529478,54401,29911,9912,14,0
5529540,41195,2080,2081,12,2
5529570,49730,179455,1973,0,0
5529731,67864,35895,5896,20,4
5529795,41402,193399,3400,19,3
5529824,42403,169947,9948,1,1
5529831,50719,74995,7503,22,3
5530018,25130,6583,9084,0,0
5530146,48886,195195,2753,13,4
5530242,50327,132988,8015,17,1
5530307,59806,13647,6149,19,3
5530470,43169,164931,9964,1,1
5530724,65645,176844,9362,14,0
5530786,30818,87282,2299,14,0
5530946,30883,137248,7249,15,0
5531361,42112,68889,8890,19,3
5531393,27970,135677,8191,0,0
5531426,48137,179604,9605,22,3
5531456,50849,180482,8037,1,1
5531492,23548,19101,1603,0,0
5531525,40280,107728,7729,24,1
5531552,57880,94553,4554,13,4
5531590,26518,193872,1430,12,2
5531619,48905,94919,4920,19,3
5531655,26300,15743,5744,12,2
5531683,22606,121461,6486,12,2
5531776,53065,15653,5654,15,0
5531812,30313,157644,2675,19,3
5531904,44794,60295,5308,21,2
5532135,39935,131376,8916,18,2
5532161,46469,109427,9428,1,1
5532197,23057,45501,5502,17,1
5532355,30520,174166,9201,17,1
5532769,21376,177471,5023,13,4
5532868,25312,162668,7701,1,1
5532896,56809,160179,7728,1,1
5532935,71720,198196,3235,17,1
5532964,29132,146206,6207,24,1
5533378,23785,44252,9261,23,3
5533473,59581,110243,2755,23,3
5533473,59581,125269,2806,23,3
5533505,33992,164133,6650,22,3
5533634,21748,109914,4935,16,0
5533924,42773,78872,1380,17,1
5534017,51481,58122,8123,13,4
5534055,39221,108494,8495,21,2
5534209,18952,9238,9239,24,1
5534242,41428,33980,8987,17,1
5534309,40127,179361,9362,14,0
5534342,21167,102245,4756,1,1
5534407,30670,97225,2244,15,0
5534469,41638,187865,7866,19,3
5534501,37099,144925,2468,22,3
5534562,32633,8299,3300,13,4
5534567,72422,133245,5759,1,1
5534593,71971,114172,9195,19,3
5534662,61892,111656,9190,20,4
5534788,48229,184155,4156,21,2
5535232,32914,6253,1254,16,0
5535458,65554,91755,6774,18,2
5535621,25718,121944,1945,16,0
5535777,48607,26831,6832,24,1
5535815,65411,138185,3212,20,4
5535847,34465,157657,5203,1,1
5535877,35473,28367,5874,19,3
5535907,29414,17895,5399,17,1
5535907,29414,59084,9085,17,1
5536165,63613,152570,7601,20,4
5536192,62056,47835,5348,12,2
5536258,71146,20214,2717,20,4
5536422,58693,95587,8097,22,3
5536512,34933,21663,9170,23,3
5536768,33676,74075,1597,0,0
5536773,67456,89765,2274,14,0
5536802,28153,118758,1270,1,1
5536836,34598,124074,4075,22,3
5536934,70684,122817,7842,0,0
5537219,51688,41298,1299,14,0
5537539,19841,84787,7296,20,4
5537606,23645,187305,9824,19,3
5537760,32513,53792,3793,24,1
5537760,32513,56893,4409,24,1
5537987,58861,52376,4882,21,2
5537989,44377,183753,3754,22,3
5538048,60875,64847,7354,14,0
5538048,60875,70252,5267,14,0
5538146,27317,180466,8021,1,1
5538305,57715,124585,2122,1,1
5538435,71707,135409,2949,20,4
5538465,37495,136747,9261,23,3
5538529,58346,47218,7219,21,2
5538599,32131,74806,7314,16,0
5538662,32795,3498,8499,12,2
5538722,29785,144153,9182,21,2
5538849,71398,69636,9637,12,2
5538949,33706,92669,2670,18,2
5539014,49714,154476,6992,18,2
5539045,38893,143726,3727,20,4
5539299,42578,38742,8743,18,2
5539719,54664,44801,4802,12,2
5539777,69508,80867,5884,1,1
5539779,23326,56184,6185,16,0
5539841,66493,181810,1811,1,1
5539909,20639,129604,4629,18,2
5539938,34741,28018,8019,14,0
5539940,67327,142678,5193,20,4
5540195,29780,159806,2322,20,4
5540231,44522,114975,9998,1,1
5540290,37549,31155,3659,14,0
5540292,32926,4190,4191,21,2
5540322,31841,147364,2393,18,2
5540357,45133,164126,9159,16,0
5540420,70942,29015,6522,19,3
5540420,70942,105873,5874,19,3
5540484,48214,175403,7921,16,0
5540518,37687,135393,7907,15,0
5540643,21175,146606,4149,0,0
5540676,18781,114940,2474,0,0
5540896,45421,30175,7685,1,1
5540930,34172,52921,5427,18,2
5541062,62329,141837,1838,24,1
5541090,26227,37200,4710,19,3
5541092,28024,61627,6640,17,1
5541121,38668,13242,8245,14,0
5541445,56660,189825,2344,20,4
5541447,51697,69130,4143,19,3
5541607,43633,124272,9297,14,0
5541668,62864,158611,6157,17,1
5541920,20594,108939,3960,23,3
5541926,65449,32768,2769,13,4
5541926,65449,185401,2956,13,4
5542049,34313,31822,4326,22,3
5542149,41062,100492,8023,1,1
5542471,36742,16155,8657,12,2
5542659,51403,163162,5679,14,0
5542787,68296,112232,7255,20,4
5542818,26866,179753,9754,0,0
5542821,40774,26554,9057,12,2
5542917,43246,22727,5230,13,4
5543111,21122,14127,6629,20,4
5543137,46121,81886,1887,0,0
5543329,65867,110912,5935,24,1
5543552,55061,174092,6610,24,1
5543558,34898,66803,9310,22,3
5543584,49531,54208,6714,1,1
5544161,23368,36153,3663,14,0
5544226,58249,75611,5612,13,4
5544320,57859,66914,9421,15,0
5544548,51866,20463,7970,19,3
5544771,46132,106271,6272,19,3
5544867,70984,114173,1707,14,0
5544896,42808,10658,3160,15,0
5544931,57751,104340,1871,13,4
5545185,20113,100713,5734,0,0
5545283,65780,81362,8887,0,0
5545447,73535,119840,4863,1,1
5545985,60452,149460,4489,20,4
5546496,37750,6311,8812,15,0
5546531,35845,133472,5986,13,4
5546692,27449,12904,2905,12,2
5546915,57871,197344,9864,23,3
5546916,20212,163743,1292,13,4
5547046,44923,140626,5655,15,0
5547077,44641,15701,3205,20,4
5547495,61031,106440,8951,20,4
5547527,49822,20771,8278,13,4
5547750,23414,124402,4403,16,0
5547781,52375,26950,6951,21,2
5547842,18970,158864,3895,24,1
5547844,57752,114577,7089,12,2
5547874,43138,86984,9493,17,1
5548193,23905,118050,5584,1,1
5548290,31219,129207,6744,0,0
5548290,31219,190667,8225,0,0
5548481,20300,157818,7819,22,3
5548550,26692,179911,2429,1,1
5548611,44080,175226,2778,14,0
5548705,52996,80886,5903,12,2
5548965,72007,18429,3432,18,2
5548965,72007,131198,6225,18,2
5548993,39349,42100,7109,23,3
5549058,43337,164283,6800,20,4
5549093,42940,89742,9743,13,4
5549095,34019,19932,2434,15,0
5549158,68648,40917,8430,13,4
5549185,21727,122096,9633,21,2
5549380,45325,82499,2500,18,2
5549410,72637,9165,4166,22,3
5549568,54544,183768,6287,23,3
5549574,61331,67749,5268,18,2
5549922,50350,168282,3315,13,4
5550020,42511,58047,8048,13,4
5550081,46387,130991,3505,24,1
5550147,18784,135038,2578,17,1
5550211,50513,119026,6560,17,1
5550273,70292,6300,8801,1,1
5550273,70292,166836,4385,1,1
5550470,56392,73231,8246,0,0
5550790,73003,197830,5388,23,3
5550882,53614,12075,7078,12,2
5551009,43036,42104,2105,16,0
5551141,40396,63987,3988,24,1
5551204,62722,37534,5044,14,0
5551238,1355,15990,8492,20,4
5551489,35674,70665,5680,23,3
5551745,46780,159461,7007,12,2
5551815,36560,167117,9634,14,0
5552097,63067,61148,3655,24,1
5552098,38404,187227,9746,15,0
5552256,41294,111928,4440,0,0
5552324,71660,28398,8399,12,2
5552324,71660,130075,2589,12,2
5552389,47020,6611,4112,20,4
5552739,49360,132645,5159,19,3
5553155,42079,44148,1661,12,2
5553158,57593,169694,4727,16,0
5553377,72247,197223,9743,13,4
5553473,48254,36169,6170,0,0
5553824,49199,19638,7142,20,4
5553857,21419,82100,2101,18,2
5553920,37918,9236,6737,20,4
5554054,33292,198862,6420,24,1
5554214,31490,160818,3335,20,4
5554275,70931,31884,1885,16,0
5554789,36488,4281,6782,24,1
5554915,26353,116679,9191,13,4
5555041,51886,81724,9249,22,3
5555072,26551,52954,2955,19,3
5555200,46043,81633,9158,22,3
5555203,68632,71996,7011,16,0
5555264,65332,141912,6941,18,2
5555968,72460,11079,6082,23,3
5555970,37835,85967,8476,0,0
5555974,37612,109338,4359,1,1
5555975,40021,99820,4839,23,3
5556069,33137,52201,9717,13,4
5556069,33137,128109,8110,13,4
5556162,69322,81414,8939,21,2
5556419,21526,55574,5575,21,2
5556421,69182,28131,8132,17,1
5556448,33712,193860,6380,16,0
5556544,28792,128078,8079,19,3
5556743,31541,107097,4628,15,0
5556870,44162,92913,2914,21,2
5556900,22696,57752,5268,18,2
5556964,22219,32570,7577,13,4
5557251,21578,109593,2104,16,0
5557344,34426,126550,4087,12,2
5557377,65375,2641,7642,13,4
5557377,65375,30907,8417,13,4
5557506,61271,47444,9949,23,3
5557537,47194,11901,6904,17,1
5557541,26569,126158,3695,12,2
5557605,36289,86297,8806,18,2
5557665,71531,187993,5548,21,2
5557669,24538,136612,1639,15,0
5558119,58528,194404,4405,0,0
5558276,35540,193231,3232,22,3
5558437,66041,109743,9744,24,1
5558465,55805,23613,3614,23,3
5558752,63328,53630,6136,19,3
5559074,20621,34248,1758,12,2
5559301,38134,139011,4038,14,0
5559331,48614,32733,2734,1,1
5559395,22354,40884,8397,1,1
5559489,50041,17337,4841,1,1
5559522,22111,171642,6677,13,4
5559618,32320,164658,4659,19,3
5559745,28838,78324,3339,0,0
5560294,37936,129517,2030,14,0
5560546,51731,122363,7388,1,1
5560579,26656,45983,3496,14,0
5560738,61294,91684,1685,16,0
5560738,61294,119993,9994,16,0
5560738,61294,131030,8570,16,0
5560896,52427,58835,8836,1,1
5561057,45131,10365,5368,23,3
5561059,55882,170785,8337,15,0
5561733,46036,9464,1965,1,1
5561888,53581,12541,7544,16,0
5562048,34415,151902,1903,17,1
5562113,35603,102387,4898,12,2
5562115,63686,62417,9936,16,0
5562151,26761,51638,9154,1,1
5562308,54127,198204,8205,15,0
5562375,67303,35322,2832,13,4
5562375,67303,50487,5498,13,4
5562535,54044,172523,5041,15,0
5562624,66601,114204,1738,15,0
5562625,35347,40763,5772,18,2
5562726,51577,69171,6690,23,3
5562757,19540,58986,8987,17,1
5562785,24040,49080,6593,1,1
5563043,49441,12393,7396,22,3
5563043,49441,62880,7893,22,3
5563142,56747,137827,2854,0,0
5563590,19055,148557,3586,19,3
5563680,22825,59144,1650,18,2
5563812,73397,172050,9602,16,0
5563909,54310,34305,6809,22,3
5564068,50536,79410,4425,23,3
5564289,1660,96628,4156,21,2
5564327,62221,175569,5570,16,0
5564389,74786,130854,8394,20,4
5564483,63082,180639,5676,21,2
5564640,22468,118139,5673,16,0
5564804,31174,74672,9687,24,1
5564839,51370,176456,4008,22,3
5564903,64990,181700,1701,15,0
5564963,28396,101206,8737,21,2
5565157,30343,79012,9013,19,3
5565539,24623,170580,8132,17,1
5565698,47947,70844,5859,22,3
5565766,59939,110683,5706,17,1
5565927,67108,115003,7515,15,0
5565989,42259,93795,6305,13,4
5566339,24427,119589,9590,15,0
5566368,61429,113548,3549,16,0
5566597,43258,154151,9182,21,2
5566918,20743,81362,3871,0,0
5567075,54440,172508,7543,23,3
5567234,66859,7104,4605,1,1
5567360,70157,194210,9249,22,3
5567431,51325,63055,8068,23,3
5567554,41029,194327,6847,13,4
5567555,21379,61007,3514,23,3
5567619,43393,101488,9019,14,0
5567777,35465,19126,1628,14,0
5567846,69013,46964,4477,20,4
5567911,72283,13854,1358,16,0
5568000,59273,191281,3801,16,0
5568032,61523,26975,9478,23,3
5568226,59956,42142,7151,17,1
5568578,48251,187359,7360,22,3
5568805,73193,83280,8297,14,0
5568867,35162,167319,9836,22,3
5568928,36733,19242,4245,0,0
5568931,34351,193344,3345,24,1
5568992,33529,154250,6766,12,2
5569312,59003,97386,2405,21,2
5569312,59003,196734,4292,21,2
5569479,31424,71973,4481,17,1
5569602,55277,96610,4138,17,1
5569766,50993,180680,8235,21,2
5569991,65986,47056,2065,0,0
5570180,73558,144188,6703,23,3
5570243,30151,184375,4376,19,3
5570467,37846,102895,5406,22,3
5570565,51913,91732,6751,18,2
5570566,69040,116211,6212,22,3
5570850,65270,82196,7213,21,2
5571014,65888,186682,9201,17,1
5571045,57014,139756,7296,20,4
5571367,29438,179254,9255,21,2
5571427,37418,170813,8365,22,3
5571489,57856,112316,2317,13,4
5571495,74755,97631,5159,19,3
5571554,69184,87018,2035,13,4
5571591,74297,4898,2399,15,0
5571683,73940,41421,1422,0,0
5571716,47665,154002,4003,21,2
5571810,50732,18443,5947,13,4
5571810,50732,159888,7434,13,4
5571905,29966,43703,6208,22,3
5572069,61795,17439,2442,19,3
5572101,48928,197169,7170,21,2
5572486,36823,190782,5821,12,2
5572615,24494,112514,5026,17,1
5572704,22834,11313,8817,16,0
5572898,67733,163516,3517,20,4
5572935,48928,64702,9715,21,2
5572999,23773,170377,7929,17,1
5573284,48856,67908,7909,20,4
5573345,52190,138787,1301,21,2
5573474,30752,158742,8743,18,2
5573543,34918,66761,9268,20,4
5574081,55051,185632,3187,15,0
5574115,29972,142159,2160,20,4
5574178,65512,20494,2997,15,0
5574179,48239,100503,8034,22,3
5574179,48239,160487,5520,22,3
5574694,73670,184247,6766,12,2
5575109,37738,140352,5381,14,0
5575136,38734,44665,2178,16,0
5575335,44018,84653,7162,21,2
5575587,66088,46899,6900,15,0
5575589,36394,61927,4434,1,1
5575653,74464,70042,2550,21,2
5575654,47369,7497,9998,1,1
5575654,47369,65486,3005,1,1
5575781,50128,156228,8744,22,3
5575872,34351,86561,1578,24,1
5575939,68764,29869,4874,16,0
5575941,34804,174755,4756,1,1
5576035,66316,72702,7717,14,0
5576165,45719,181404,3923,15,0
5576289,46358,36211,3721,23,3
5576707,64600,170897,3415,17,1
5576770,23093,135038,7552,12,2
5576833,24559,37,5038,24,1
5577091,59981,26574,4081,12,2
5577121,72422,52315,2316,1,1
5577347,66046,145844,3387,17,1
5577410,49534,53823,6329,12,2
5577476,44684,119575,9576,12,2
5577511,45241,98790,8791,15,0
5577511,45241,106422,1443,15,0
5577602,23257,59515,2021,18,2
5578086,71662,41688,4193,18,2
5578182,24497,153967,8998,17,1
5578467,30784,35351,2861,18,2
5578534,35821,74407,4408,22,3
5578695,54659,24413,9418,0,0
5578725,53482,109925,9926,15,0
5578916,25519,55851,8357,16,0
5578983,21931,13702,3703,15,0
5579046,74357,145404,7919,15,0
5579046,74357,189182,1701,15,0
5579206,50938,131338,1339,24,1
5579236,61718,56985,4501,20,4
5579495,45226,31890,4394,16,0
5579495,45226,184823,2378,16,0
5579713,62770,69750,2257,23,3
5579777,65231,12820,2821,1,1
5579812,44764,56426,3942,16,0
5579968,52240,2340,4841,1,1
5579972,50969,17054,2057,1,1
5580260,49114,59216,6732,22,3
5580672,68629,17211,7212,1,1
5580711,69127,80647,8172,0,0
5580965,30892,1364,8865,1,1
5581316,41863,171722,4240,15,0
5581408,58231,139164,9165,24,1
5581571,73292,113350,8373,13,4
5581638,53410,196556,6557,12,2
5581697,66808,121904,9441,23,3
5581795,42118,46711,1720,0,0
5581923,64916,81188,8713,20,4
5581957,27829,179660,2178,16,0
5581990,55132,120999,3512,1,1
5582339,34583,41278,6287,23,3
5582400,41557,64323,1842,16,0
5582566,26672,60215,2722,19,3
5582566,26672,125713,5714,19,3
5582784,39895,102308,7329,22,3
5582788,32392,24346,6849,0,0
5582946,72128,39780,4787,24,1
5583109,35542,136411,6412,0,0
5583110,21920,87226,9735,15,0
5583430,74005,67599,2612,1,1
5583589,74293,17461,7462,13,4
5583781,44879,41879,6888,21,2
5583936,56554,48976,8977,16,0
5584292,33385,64011,9024,13,4
5584417,44464,75100,2622,12,2
5584420,60394,118981,1493,0,0
5584480,39733,194510,4511,15,0
5584578,33589,61182,6195,0,0
5584644,48295,25448,7951,18,2
5584899,66118,108580,3601,1,1
5585092,40217,8711,6212,22,3
5585092,40217,31659,6666,22,3
5585186,52796,5960,3461,22,3
5585252,36965,8161,8162,21,2
5585411,19885,181007,6044,24,1
5585414,68801,86430,6431,24,1
5585440,27521,18870,6374,21,2
5585477,41917,74894,4895,24,1
5585568,37282,156632,1663,13,4
5585575,43213,17877,2880,1,1
5585575,43213,138015,8016,1,1
5585921,27596,91721,6740,15,0
5586020,71320,46088,6089,17,1
5586020,71320,128231,8232,17,1
5586082,33671,14839,2343,17,1
5586150,70300,137062,7063,12,2
5586179,26734,41523,6532,12,2
5586278,42388,59210,6726,23,3
5586304,69952,192618,5138,17,1
5586311,43174,131130,6157,17,1
5586565,57493,138851,6391,12,2
5586595,74237,127222,4759,18,2
5586721,42884,167333,9850,20,4
5587042,64369,190157,7715,21,2
5587044,66988,152492,2493,1,1
5587237,54902,9650,4651,18,2
5587489,52579,52064,2065,0,0
5587650,28492,38708,3715,13,4
5587846,29383,188776,8777,12,2
5587970,63415,12331,2332,1,1
5587970,63415,33124,5628,1,1
5588003,63673,89611,4628,15,0
5588199,21988,191077,8635,24,1
5588583,19687,197319,2358,22,3
5588614,68519,101216,3727,20,4
5588897,37213,144190,1733,19,3
5588967,36331,35965,3475,21,2
5588996,73103,78417,3432,18,2
5589189,38623,26005,3512,1,1
5589221,70690,41419,1420,16,0
5589443,57991,8258,5759,1,1
5589443,57991,12460,9964,1,1
5589479,42112,152040,4556,19,3
5589570,59261,85470,5471,19,3
5589574,25669,193590,8629,17,1
5589602,63448,93548,3549,16,0
5589926,64111,44009,4010,12,2
5590113,39890,17164,7165,0,0
5590306,67702,143475,5990,23,3
5590534,27940,196969,2008,17,1
5590758,37088,18342,3345,24,1
5590848,62170,197464,5022,0,0
5590919,28573,62929,7942,18,2
5591110,45226,160345,5378,16,0
5591172,47095,44256,4257,12,2
5591235,65273,126569,4106,12,2
5591426,48964,62142,7155,12,2
5591525,33190,146936,6937,16,0
5592068,40328,156002,3548,20,4
5592101,59609,104518,9539,21,2
5592227,42223,8021,3022,18,2
5592832,27616,29136,1639,15,0
5593093,41582,63322,8335,0,0
5593188,34480,39182,6692,14,0
5593350,36146,74338,4339,21,2
5593479,55285,11408,3910,17,1
5593508,28996,136751,9265,0,0
5593508,28996,164329,1878,0,0
5593510,63769,175339,2891,20,4
5593570,50585,182128,9683,16,0
5593797,28585,63748,6255,18,2
5593895,58997,91683,1684,12,2
5593920,48014,194330,4331,16,0
5594182,74087,67265,7266,18,2
5594375,45710,46935,1944,20,4
5594466,42010,113737,8760,19,3
5594532,37340,122430,7455,13,4
5594663,70456,124898,2435,21,2
5594817,25784,27213,4720,17,1
5595107,54842,115919,3453,1,1
5595110,56476,131558,6585,15,0
5595143,43966,19017,9018,18,2
5595554,32173,30337,7847,20,4
5595651,53525,160036,5069,15,0
5595651,53525,198678,6236,15,0
5595782,54782,153321,8352,0,0
5596256,42205,181829,6866,22,3
5596420,29243,179681,2199,1,1
5596647,71927,22636,5139,0,0
5596704,59297,196565,9085,17,1
5596930,29281,144793,9822,13,4
5597056,35668,30302,2806,23,3
5597063,1648,57884,5400,23,3
5597090,33464,53257,5763,19,3
5597254,51241,196009,6010,19,3
5597383,35794,54664,2180,15,0
5597573,40763,189753,9754,0,0
5597701,31376,145063,7578,19,3
5597732,31576,66520,1533,1,1
5598086,55702,12495,4997,13,4
5598307,48695,99270,6798,16,0
5598309,41897,101861,9392,21,2
5598339,37663,148583,8584,23,3
5598465,39805,106751,9262,16,0
5598470,50599,147115,7116,20,4
5598628,51253,114373,1907,20,4
5598628,51253,138093,8094,20,4
5598822,43531,120804,3317,19,3
5598882,60485,114089,6601,16,0
5599104,26101,178186,8187,18,2
5599297,30866,66014,8521,13,4
5599457,43993,157971,3002,23,3
5599588,36673,32471,2472,14,0
5599783,55373,11858,4360,21,2
5599939,44600,18073,5577,24,1
5600323,30427,131826,6853,13,4
5600962,57722,69035,6554,22,3
5600963,74437,98591,6119,14,0
5601092,49766,4406,1907,20,4
5601127,37324,155789,3335,20,4
5601287,50410,31740,1741,12,2
5601312,26573,38058,8059,19,3
5601313,52904,12083,4585,19,3
5601377,45496,50558,5569,18,2
5601636,68806,33982,3983,18,2
5601762,37378,113782,3783,15,0
5601828,64729,136891,6892,20,4
5601894,56545,74703,4704,12,2
5602019,52312,88912,3929,14,0
5602050,23258,194893,2451,16,0
5602147,24334,11800,1801,13,4
5602183,39043,18957,8958,21,2
5602183,39043,30590,3094,21,2
5602241,45715,54984,7490,23,3
5602276,57556,186328,8847,0,0
5602819,46093,114045,4046,18,2
5603169,19789,175303,5304,20,4
5603200,36613,19503,2005,20,4
5603395,25772,97627,2646,19,3
5603492,23671,128972,3997,0,0
5603494,33676,166074,8591,0,0
5603495,19025,87968,5493,19,3
5603527,68764,46912,9417,16,0
5603527,68764,79804,4819,16,0
5603810,45247,70718,5733,15,0
5603812,69761,48545,3554,1,1
5603905,20242,123310,8335,0,0
5603907,26540,24850,7353,12,2
5604102,46316,163846,6363,0,0
5604129,33781,168761,6310,12,2
5604384,61139,126114,8627,20,4
5604423,57187,26743,6744,0,0
5604551,46598,178650,3685,21,2
5604612,66034,114411,9434,18,2
5604615,74080,17731,7732,19,3
5604679,29560,119299,1811,1,1
5604801,52426,56069,8575,17,1
5604900,52900,67977,7978,14,0
5605191,62468,194951,4952,14,0
5605312,66547,140310,7853,0,0
5605415,69614,62642,2643,21,2
5605473,72032,199109,6667,20,4
5605636,61939,117901,7902,12,2
5605665,70036,93137,3138,14,0
5605957,66451,120410,5435,20,4
5606209,54313,113919,6431,24,1
5606663,46450,145530,3073,24,1
5606787,43517,156679,6680,15,0
5606946,27244,110492,8026,19,3
5607137,63925,179526,4561,15,0
5607138,74771,145751,3294,20,4
5607233,44630,20276,5281,14,0
5607269,38414,106936,1957,1,1
5607296,26525,71519,4027,12,2
5607719,34892,71074,8596,18,2
5607811,1687,108911,3932,23,3
5608327,45365,132336,9876,1,1
5608641,71044,82860,2861,18,2
5608967,38080,12434,2435,21,2
5608997,65824,67956,5475,13,4
5609028,35683,17874,7875,21,2
5609028,35683,17907,2910,21,2
5609154,71462,49462,4471,18,2
5609221,71755,164772,7289,14,0
5609223,28775,126334,6335,23,3
5609282,41215,14472,9475,16,0
5609380,54760,145234,5235,20,4
5609412,51734,144396,4397,13,4
5609474,71626,130071,7611,19,3
5609826,49960,117233,9745,16,0
5609860,29452,177400,2435,21,2
5610019,65488,49513,9514,16,0
5610022,23809,98404,8405,14,0
5610144,49063,183335,5854,18,2
5610149,21013,49684,2189,24,1
5610626,30745,152271,4787,24,1
5610662,24790,59839,2345,22,3
5611014,28214,16799,1802,13,4
5611269,29368,36555,1562,14,0
5611940,33982,159568,7114,21,2
5611975,19123,185985,5986,13,4
5612066,65872,20564,5569,18,2
5612100,45236,104811,4812,16,0
5612388,50509,41057,3562,16,0
5612422,69836,11910,9414,0,0
5612516,44062,36334,3844,13,4
5612546,70169,78686,8687,0,0
5612610,70400,138721,6261,13,4
5612645,69748,44805,4806,13,4
5612710,19715,87088,2105,16,0
5612710,19715,145179,5180,16,0
5612768,56497,145054,2597,24,1
5612869,33029,192962,2963,13,4
5612962,18962,17260,7261,20,4
5612967,49183,141216,8759,22,3
5613089,71656,181580,4099,21,2
5613089,71656,198871,1391,21,2
5613573,67999,15922,3426,1,1
5613600,60586,30486,7996,17,1
5613732,57440,56819,1830,12,2
5613857,23245,121472,6497,20,4
5613921,35455,19064,4067,0,0
5613921,35455,153996,3997,0,0
5613923,55877,89100,9101,14,0
5613925,59831,12147,9651,24,1
5613957,56062,149662,4691,23,3
5614023,40042,117062,4596,13,4
5614083,29111,159369,1885,16,0
5614213,39935,74962,2484,18,2
5614242,74191,71815,9337,20,4
5614308,35824,68012,5531,23,3
5614465,35593,193779,1337,20,4
5614528,39610,14898,4899,16,0
5614624,25063,130653,8193,17,1
5614753,21592,191463,3983,18,2
5614816,50890,49663,2168,12,2
5614823,53311,56707,9213,22,3
5615012,24164,67138,4657,21,2
5615363,66568,102290,7311,13,4
5616039,20018,2087,9588,19,3
5616327,34552,122459,4972,16,0
5616582,50972,27149,7150,0,0
5616737,29815,34465,6969,18,2
5616929,41219,90114,7642,13,4
5616930,65905,111750,9284,18,2
5617125,35539,32212,9722,15,0
5617318,30961,70034,7556,23,3
5617378,53029,74173,1695,13,4
5617444,29752,78930,1438,12,2
5617473,27445,184300,4301,1,1
5617540,49115,98026,5554,17,1
5617541,20809,129368,6905,12,2
5617698,31555,35679,8183,22,3
5617862,37015,105760,5761,15,0
5618084,55261,66784,1797,15,0
5618662,26414,75481,5482,1,1
5619616,71459,129850,2363,18,2
5619779,35959,94396,4397,13,4
5619814,34534,149035,6578,24,1
5620130,29092,96926,9436,20,4
5620163,58894,44222,4223,19,3
5620259,47086,191349,8907,1,1
5620294,36775,42939,5444,13,4
5620294,36775,69532,4545,13,4
5620390,67663,148133,5676,21,2
5620614,40246,49294,4303,20,4
5620673,61079,105310,7821,24,1
5620838,48026,59480,9481,16,0
5620866,36841,81532,6549,16,0
5620870,28501,3808,6309,18,2
5620898,68455,184632,2187,24,1
5621088,47041,177507,5059,1,1
5621091,20270,25719,3226,15,0
5621377,27556,163640,3641,23,3
5621442,44596,128317,5854,18,2
5621763,71924,64410,6917,13,4
5621956,57742,154227,1773,19,3
5622208,30088,67394,4913,21,2
5622339,47086,191271,3791,1,1
5622657,36991,37752,5262,18,2
5622726,57530,182168,9723,13,4
5623207,46163,140877,5906,20,4
5623360,49502,79898,7420,24,1
5623393,74057,182890,2891,20,4
5623910,38797,148647,6190,14,0
5624195,20723,157794,2825,24,1
5624225,28558,185752,3307,13,4
5624258,43108,110090,5113,0,0
5624325,22591,70377,5392,0,0
5624707,61552,84945,2470,22,3
5624932,25118,60977,5990,23,3
5624992,25069,66564,4083,21,2
5624992,25069,161894,1895,21,2
5625063,67702,74682,9697,23,3
5625089,53194,190869,5908,19,3
5625124,29419,29714,4719,17,1
5625124,29419,186614,9133,17,1
5625349,61516,50003,5014,1,1
5625410,68447,12844,2845,23,3
5625575,26491,76844,6845,16,0
5625601,58561,108386,8387,22,3
5625668,42491,150495,5526,22,3
5625700,19450,18313,5817,1,1
5625894,55081,107675,7676,0,0
5626019,40058,102369,9900,13,4
5626115,40313,188771,6326,20,4
5626338,48715,68283,5802,16,0
5626534,44075,59854,9855,20,4
5626597,54445,172992,2993,20,4
5626625,44392,111627,9161,14,0
5626915,21818,147957,7958,13,4
5627015,39046,141345,1346,12,2
5627079,60832,103380,5891,15,0
5627105,31691,154799,7315,22,3
5627169,57433,38112,5622,21,2
5627298,36811,98372,8373,13,4
5627303,29896,73930,6438,18,2
5627333,39067,50277,5288,16,0
5627875,71549,96093,6094,0,0
5628098,32017,153732,8763,1,1
5628193,64357,172198,2199,1,1
5628295,47371,53662,3663,14,0
5628386,65992,111492,1493,0,0
5628736,21853,146700,1729,18,2
5628902,64205,142831,2832,13,4
5629249,38590,111614,4126,19,3
5629249,38590,135452,5453,19,3
5629317,28706,199668,9669,24,1
5629350,31442,134043,6557,12,2
5629479,43198,123259,5772,18,2
5629510,68320,102071,2072,0,0
5629952,66100,154414,6930,13,4
5629954,60196,57412,9918,24,1
5630018,67057,41951,4456,16,0
5630018,67057,53392,3393,16,0
5630019,52765,148389,8390,20,4
5630081,34058,119046,9047,14,0
5630209,33268,70633,3141,15,0
5630209,33268,156303,1334,15,0
5630243,73129,18076,5580,23,3
5630372,73271,42105,7114,21,2
5630402,40484,8823,3824,0,0
5630503,23941,98540,8541,16,0
5630656,21992,2191,4692,13,4
5630919,69094,118546,3569,17,1
5631363,57911,190467,8025,21,2
5631493,20563,64263,9276,22,3
5631809,71959,92882,5392,0,0
5632007,46969,785,8286,1,1
5632162,19225,159093,4124,12,2
5632261,65311,140073,5102,24,1
5632325,49390,64523,2042,19,3
5632481,73579,14488,4489,20,4
5632481,73579,148920,1435,20,4
5632608,57428,164362,9395,16,0
5632838,45260,150584,5615,24,1
5632839,26059,115368,5369,0,0
5632839,26059,189720,2239,0,0
5632933,33305,199838,2358,22,3
5632963,33781,39817,4824,12,2
5632996,46561,71532,6547,20,4
5633286,66716,6578,6579,21,2
5633345,36049,144491,2034,12,2
5633351,48110,64768,2287,14,0
5633376,68659,151505,9051,18,2
5633666,47419,84549,7058,16,0
5633829,31546,28918,3923,15,0
5633895,26606,161592,9141,20,4
5634468,68357,81110,6127,1,1
5634663,63805,24859,9864,23,3
5634756,53632,5040,7541,22,3
5634823,70190,98805,1315,13,4
5634918,33070,62680,5187,12,2
5634978,25669,24544,7047,17,1
5634981,27847,44724,4725,21,2
5635234,33554,41998,7007,12,2
5635429,68131,64134,1653,17,1
5635553,38530,11793,4295,21,2
5635654,52337,3054,5555,15,0
5635812,48328,18111,3114,22,3
5635812,48328,187164,2201,22,3
5635814,65665,37384,4894,17,1
5636549,24544,56640,9146,24,1
5636675,46708,96342,1361,15,0
5636707,66883,18013,3016,17,1
5636999,63487,198860,1380,17,1
5637061,58216,61768,1769,13,4
5637157,21389,139615,7155,12,2
5637600,24631,112591,5103,21,2
5637766,36742,107738,7739,12,2
5637766,36742,186955,4510,12,2
5638209,68060,48275,8276,19,3
5638209,68060,174481,2033,19,3
5638306,63043,67282,2295,15,0
5638369,61558,133842,6356,1,1
5638849,69608,109803,9804,20,4
5638944,72122,57691,5207,22,3
5639074,47755,142095,7124,12,2
5639107,29426,40163,2668,21,2
5639107,29426,89896,2405,21,2
5639302,74594,44048,9057,12,2
5639489,72598,149675,7218,22,3
5639682,67528,197711,2750,16,0
5639809,28394,94435,6945,15,0
5639809,28394,140237,5266,15,0
5639975,35575,167473,5022,0,0
5640036,55799,149346,9347,15,0
5640064,21715,32394,9904,1,1
5640064,21715,113513,8536,1,1
5640098,31925,39015,1519,16,0
5640162,36526,32092,9602,16,0
5640290,40726,44902,4903,19,3
5640290,40726,75613,5614,19,3
5640320,60082,70813,8335,0,0
5640514,30577,54284,1800,0,0
5640516,66358,49034,6547,20,4
5640992,50011,191423,6462,23,3
5641091,47344,190984,6023,13,4
5641122,49306,19567,2069,21,2
5641122,49306,67198,4717,21,2
5641186,25540,184421,6940,24,1
5641219,45781,169059,6608,1,1
5641315,38797,147418,9933,14,0
5641733,40420,97675,7676,0,0
5642016,65545,129003,4028,13,4
5642080,61585,11374,3876,18,2
5642113,28330,195471,5472,21,2
5642498,40604,147244,4787,24,1
5642530,68440,153251,8282,1,1
5642624,65221,166445,1478,17,1
5642788,54898,56467,3983,18,2
5642788,54898,99485,1995,18,2
5642917,36962,100781,5802,16,0
5642917,36962,103491,8512,16,0
5643008,38663,4410,4411,23,3
5643203,31666,188845,1364,14,0
5643361,23899,44534,2047,0,0
5643361,23899,94170,1698,0,0
5643363,72419,132398,7425,19,3
5643424,64111,8988,3989,12,2
5643651,66473,76391,3913,23,3
5643651,66473,126953,6954,23,3
5643782,66478,2614,2615,20,4
5644195,70447,15628,3132,0,0
5644546,24190,21396,6401,1,1
5644583,53644,186021,8540,16,0
5644737,31897,73937,1459,24,1
5644743,28876,97039,7040,16,0
5644743,28876,120355,2868,16,0
5644804,27589,52820,2821,1,1
5645155,32686,159814,9815,20,4
5645185,21404,186562,6563,16,0
5645600,29459,175234,2786,24,1
5645634,21250,70633,3141,15,0
5645638,64453,103557,3558,12,2
5645767,30460,148924,1439,20,4
5645826,74825,48161,3170,16,0
5645830,47395,97820,7821,24,1
5645959,62570,191821,6860,0,0
5645987,55637,112274,4786,20,4
5646112,47134,147431,4974,15,0
5646402,23032,84653,4654,0,0
5646467,40384,102514,2515,1,1
5646533,24553,66168,6169,14,0
5646823,34310,199355,4394,16,0
5646848,34334,45364,2877,16,0
5647009,26726,23421,5924,18,2
5647073,47449,50544,8060,16,0
5647141,37759,112548,5060,23,3
5647170,28822,145369,2912,12,2
5647301,20848,90063,7591,22,3
5647524,62746,173339,3340,18,2
5648195,67811,163628,6145,24,1
5648323,60448,199870,2390,18,2
5648386,27170,100886,8417,13,4
5648389,54397,78654,8655,14,0
5648580,62608,134558,9585,19,3
5648614,41860,189138,1657,16,0
5648832,44027,128069,3094,21,2
5648867,31739,52407,9923,23,3
5649059,60577,175607,3159,13,4
5649154,59491,6725,4226,12,2
5649188,44173,184592,7111,12,2
5649254,45490,69843,2350,21,2
5649636,45088,90176,2686,1,1
5649735,63878,184093,9130,15,0
5650145,60727,58636,3647,0,0
5650208,28127,111278,8812,15,0
5650499,52304,60895,5908,19,3
5650662,63175,51650,9166,23,3
5651009,35029,15147,2651,18,2
5651142,41789,50854,5865,23,3
5651428,67138,100046,5067,19,3
5651430,53974,84439,4440,0,0
5651588,70676,29279,6786,21,2
5651907,69017,31118,8628,21,2
5651973,36437,49663,7176,0,0
5652033,39232,139560,9561,20,4
5652164,74995,78738,8739,20,4
5652421,47021,19397,9398,21,2
5652422,74032,195022,7542,0,0
5652487,42859,149936,4965,24,1
5652512,23905,92744,2745,1,1
5652518,72070,4259,1760,22,3
5652546,71104,155962,5963,1,1
5652673,61231,15267,5268,18,2
5652710,37630,9725,2226,13,4
5652711,34378,77208,2223,17,1
5652768,1576,39224,9225,22,3
5652769,74677,49343,6856,18,2
5652837,66053,134733,9760,14,0
5652995,65302,86800,4325,12,2
5653121,38425,40379,5388,23,3
5653252,62170,130840,5867,0,0
5653347,35680,96996,6997,16,0
5653347,35680,197358,9878,16,0
5653763,31862,97465,2484,18,2
5653798,26401,66672,6673,13,4
5653857,64535,114603,2137,23,3
5653952,65389,30985,8495,21,2
5653985,32086,85427,7936,13,4
5654048,74467,16448,8950,23,3
5654213,33607,75380,2902,23,3
5654311,70777,20378,2881,15,0
5654496,40112,121301,3814,23,3
5654497,57559,14943,2447,0,0
5654596,38405,124094,1631,12,2
5654688,63371,137965,2992,23,3
5654790,18829,90214,7742,23,3
5655143,20317,21022,3525,18,2
5655524,44176,171166,3684,23,3
5655559,26924,118072,8073,21,2
5655683,29926,191365,1366,23,3
5655749,19649,20649,8156,14,0
5655911,57076,55138,5139,0,0
5656002,71395,126968,6969,18,2
5656002,71395,141555,9098,18,2
5656066,71753,176029,8547,19,3
5656165,54377,54209,1725,23,3
5656257,56791,79043,6565,24,1
5656320,41002,189450,1969,0,0
5656391,41798,118160,8161,21,2
5656742,57868,71714,9236,13,4
5657031,39341,107248,9759,1,1
5657060,42082,124033,9058,0,0
5657122,65056,34069,1579,22,3
5657158,23248,112917,2918,16,0
5657282,65513,38253,5763,19,3
5657443,24962,116430,6431,24,1
5657474,66004,8364,5865,23,3
5657479,62336,195840,8360,23,3
5657510,34592,69744,9745,16,0
5658023,71006,87606,2623,23,3
5658023,71006,186058,3613,23,3
5658210,33304,51685,4191,21,2
5658212,36988,125824,8337,15,0
5658277,60074,67183,7184,1,1
5658310,58694,106699,1720,0,0
5658466,31993,58177,5693,1,1
5658563,74335,83409,8426,24,1
5658663,50356,115811,3345,24,1
5658692,66811,2123,4624,17,1
5658723,59938,58790,8791,15,0
5658725,42593,141368,6397,21,2
5658753,58693,171605,9157,22,3
5658947,39970,121510,4023,21,2
5658948,44122,162884,5401,21,2
5659008,35311,62171,7184,1,1
5659460,1756,176175,6176,19,3
5659492,41786,103842,6353,23,3
5659526,47084,91124,3634,22,3
5659557,68822,17112,9614,17,1
5659584,41635,72725,5233,12,2
5659682,70466,131505,6532,12,2
5659683,57604,154600,7116,20,4
5659909,65821,11637,4139,14,0
5660101,70133,71053,8575,17,1
5660164,46876,64255,9268,20,4
5660166,36130,191216,6255,18,2
5660289,66301,164218,9251,17,1
5660321,27664,28884,3889,14,0
5660355,34879,39203,9204,16,0
5660544,24302,161563,9112,0,0
5660642,21238,63146,3147,23,3
5660865,57559,77541,7542,0,0
5661029,26335,152820,2821,1,1
5661088,39227,27430,7431,13,4
5661282,56149,31231,3735,20,4
5661314,27026,11184,3686,14,0
5661476,52546,188643,6198,16,0
5661954,60070,179314,1832,12,2
5661989,37342,154850,2396,22,3
5662022,64330,30108,7618,22,3
5662116,54544,30178,7688,23,3
5662149,38926,99561,2071,21,2
5662208,29641,37288,2295,15,0
5662342,45328,4978,9979,0,0
5662788,59537,47879,2888,21,2
5662820,66778,62196,2197,16,0
5662980,29245,108319,5850,24,1
5663075,28561,42683,2684,20,4
5663106,59351,22695,2696,21,2
5663200,25745,184601,7120,23,3
5663297,66086,184796,7315,22,3
5663329,27310,89400,6925,20,4
5663488,30961,99733,9734,23,3
5663684,69760,7617,2618,21,2
5663782,20155,17805,7806,22,3
5663873,54133,147175,4718,18,2
5663874,55519,77149,9657,18,2
5664066,44614,191005,6044,24,1
5664129,66541,107299,2320,1,1
5664257,23248,199835,4874,16,0
5664641,70796,171531,1532,12,2
5664678,62290,26615,6616,23,3
5665155,28909,63322,3323,19,3
5665314,62132,68003,5522,17,1
5665314,62132,185104,2659,17,1
5665351,34552,167761,5310,16,0
5665665,55924,101853,9384,24,1
5665856,60919,63517,3518,17,1
5666020,70796,89966,4983,12,2
5666021,67291,197465,7466,22,3
5666213,43267,38864,8865,1,1
5666245,53132,3838,6339,22,3
5666272,20434,6368,1369,14,0
5666532,56683,106231,1252,18,2
5666849,70339,32525,7532,20,4
5666886,73958,66355,6356,1,1
5667074,67828,178170,3205,20,4
5667105,22238,85475,3000,21,2
5667328,46751,20406,2909,17,1
5667424,65926,81732,6749,17,1
5667654,50533,15803,3307,13,4
5667872,22427,91377,1378,18,2
5668231,66568,142901,5416,13,4
5668454,23660,119723,2235,14,0
5668481,48157,34902,4903,19,3
5668805,34787,7401,2402,18,2
5668837,53011,17150,7151,17,1
5668839,31912,119589,2101,18,2
5668966,50942,173122,5640,15,0
5669126,45859,125932,8445,15,0
5669378,41141,163327,8360,23,3
5669440,28153,184626,4627,1,1
5669441,60965,80850,5867,0,0
5669472,34654,100673,8204,21,2
5669572,19733,157313,9829,24,1
5669669,61462,118766,3789,1,1
5669795,18940,145366,2909,17,1
5669856,70453,57711,2722,19,3
5669988,61699,180487,8042,1,1
5669990,24649,178132,3167,22,3
5670081,24106,181610,1611,0,0
5670085,65311,131288,8828,24,1
5670085,65311,140399,5428,24,1
5670144,57557,80411,2920,22,3
5670724,31303,125441,2978,20,4
5670791,74923,84559,4560,19,3
5670819,62824,69316,9317,18,2
5670819,62824,140012,7555,18,2
5670918,51313,5742,5743,21,2
5670918,51313,99124,9125,21,2
5670947,61129,152672,2673,16,0
5671076,49240,47791,7792,15,0
5671170,38260,19895,9896,20,4
5671203,24236,146419,8934,17,1
5671296,19772,38620,8621,1,1
5671296,19772,170852,5887,1,1
5671463,74473,37940,7941,24,1
5671523,38056,83029,5538,1,1
5671686,23201,7586,5087,13,4
5671751,54485,90551,5570,16,0
5672006,66970,113212,5724,14,0
5672071,53234,142133,9676,15,0
5672195,72998,73002,5510,24,1
5672615,53756,28358,8359,0,0
5672644,64685,64277,9290,16,0
5672768,33520,5088,2589,12,2
5672832,54076,154085,1631,12,2
5672963,74486,32886,7893,22,3
5672993,74749,79298,6820,12,2
5673031,63676,81297,3806,20,4
5673059,58018,73672,6180,14,0
5673185,29797,99528,2038,14,0
5673250,24034,64398,6905,12,2
5673314,64652,3850,3851,16,0
5673314,64652,14305,6807,16,0
5673350,39917,154918,9949,23,3
5673669,55429,81250,1251,20,4
5674023,25114,195267,2825,24,1
5674116,52066,182318,9873,19,3
5674403,33178,194834,7354,14,0
5674433,30694,193837,8876,20,4
5674534,63739,132674,5188,18,2
5674534,63739,138849,3876,18,2
5674630,71764,61832,1833,16,0
5674660,45637,133524,6038,15,0
5674880,39466,196167,8687,0,0
5674914,35180,150885,8431,22,3
5675266,28019,90275,2785,14,0
5675267,52025,108542,3563,18,2
5675810,51611,89290,6815,19,3
5675877,61867,97056,4584,1,1
5675969,37069,177145,2180,15,0
5676066,62617,14540,2044,12,2
5676231,59083,114800,7312,20,4
5676387,32830,180679,8234,20,4
5676611,40520,155993,3539,0,0
5676710,61219,29640,9641,24,1
5676736,67469,182695,5214,1,1
5676743,32074,143718,8747,0,0
5676834,36061,130828,8368,1,1
5676835,62885,198911,8912,17,1
5676868,61220,89362,1871,13,4
5677059,50500,135711,8225,0,0
5677605,54451,18708,6212,22,3
5677733,51355,76606,9114,21,2
5677958,70135,13501,3502,14,0
5678246,60490,83993,1518,23,3
5678595,33352,188340,5895,18,2
5678663,60442,180588,5625,14,0
5678887,60746,124262,4263,24,1
5679111,34105,44546,7051,12,2
5679169,54178,19748,9749,23,3
5679334,25945,114009,4010,12,2
5679585,32932,152846,5362,21,2
5679874,70757,287,2788,17,1
5679874,70757,14556,4557,17,1
5679974,50320,77300,4822,17,1
5680006,62081,193158,5678,23,3
5680128,63286,194328,6848,18,2
5680421,48079,46580,9085,17,1
5680674,56908,118949,8950,23,3
5680738,67360,124225,4226,12,2
5680994,24655,121828,6853,13,4
5681091,64270,6931,6932,0,0
5681222,31802,36129,3639,19,3
5681255,54392,63802,6309,18,2
5681413,40501,1959,4460,22,3
5681606,19051,88266,8267,22,3
5681829,27937,25152,2659,17,1
5682048,32008,63777,8790,23,3
5682049,54815,105715,3246,14,0
5682080,61538,184752,4753,22,3
5682374,72418,99212,6740,15,0
5682436,40411,120144,2657,24,1
5682464,62611,74642,7150,0,0
5682532,29807,106454,1475,17,1
5682851,64865,117620,2643,21,2
5682950,1414,110751,5774,20,4
5682979,62941,144591,2134,14,0
5683042,58540,114634,2168,12,2
5683076,26558,141746,9289,24,1
5683110,43897,68265,3278,0,0
5683173,33935,110159,7693,1,1
5683430,72166,130053,7593,13,4
5683520,66340,144022,6537,20,4
5683586,44399,124919,9944,1,1
5683685,39040,4678,9679,12,2
5683810,65644,133851,6365,1,1
5683815,65654,146396,6397,21,2
5683840,34469,74172,4173,18,2
5684005,1504,28588,8589,0,0
5684005,1504,61192,3699,0,0
5684483,23231,138611,3638,17,1
5684612,73529,186359,8878,19,3
5684870,46843,190047,5086,12,2
5685286,36074,47198,9703,17,1
5685441,65207,157820,7821,24,1
5685665,34171,109883,9884,21,2
5685795,69169,30417,2921,0,0
5685795,69169,61539,9058,0,0
5685990,30904,24879,7382,20,4
5685991,72829,31297,6304,0,0
5686626,70553,102113,4624,17,1
5686656,41581,3754,3755,24,1
5687015,65038,125209,5210,0,0
5687107,67345,154871,9902,18,2
5687170,50278,48970,6483,12,2
5687171,44878,41619,1620,24,1
5687234,59078,175997,3549,16,0
5687271,37099,183831,6350,22,3
5687334,68851,148035,8036,1,1
5687393,70165,18171,8172,0,0
5687395,69229,12961,5463,16,0
5687493,30757,119548,7082,18,2
5687520,69334,46702,1711,13,4
5687655,24613,127284,7285,23,3
5687748,69823,70457,5472,21,2
5687748,69823,196785,6786,21,2
5687812,72841,79240,1748,19,3
5688039,45088,18480,3483,1,1
5688039,45088,74645,7153,1,1
5688066,47503,146310,3853,0,0
5688195,27290,121124,3637,16,0
5688226,48889,186719,6720,18,2
5688256,67325,193673,6193,1,1
5688258,39875,84758,4759,18,2
5688485,30547,49978,9979,0,0
5688485,30547,178900,1418,0,0
5688551,24727,163638,3639,19,3
5688582,52111,176033,8551,20,4
5688609,66047,6197,6198,16,0
5688609,66047,145377,5378,16,0
5688612,71297,38658,8659,15,0
5688960,33482,33954,6458,0,0
5689120,63311,23529,8534,21,2
5689124,24679,29889,2392,22,3
5689281,27661,17420,2423,16,0
5689506,70183,61752,9271,16,0
5689539,43550,1799,6800,20,4
5689539,43550,121369,6394,20,4
5689539,43550,126086,6087,20,4
5689668,73948,99128,1638,12,2
5689888,42310,14189,6691,24,1
5689987,37630,23649,6152,13,4
5689987,37630,183675,3676,13,4
5690051,29588,59400,4411,23,3
5690113,26800,17652,2655,21,2
5690148,70432,28572,8573,1,1
5690242,37411,190730,3250,24,1
5690310,42320,42243,2244,15,0
5690341,33631,187750,5305,13,4
5690371,59015,129463,9464,16,0
5690470,26449,81126,8651,21,2
5690530,35131,57505,5021,0,0
5690531,29723,85373,2898,13,4
5690786,20233,20517,3020,19,3
5690816,74903,34536,2046,21,2
5691015,60806,6483,3984,16,0
5691138,38092,21762,6767,20,4
5691206,68735,114486,4487,18,2
5691361,65344,161072,8621,1,1
5691812,66112,156322,8838,13,4
5691813,62251,168269,5818,16,0
5691873,65938,108641,3662,17,1
5691875,24650,184708,2263,18,2
5691971,40615,42380,4885,0,0
5692033,54496,177398,9916,13,4
5692071,39940,66950,6951,21,2
5692102,48031,36682,1689,0,0
5692357,45922,98122,8123,13,4
5692512,32075,194964,2522,16,0
5692576,30706,8512,3513,22,3
5692704,27154,112630,7653,22,3
5693058,41989,128160,8161,21,2
5693063,53483,166409,6410,22,3
5693095,40648,113385,8408,19,3
5693253,53417,8841,3842,23,3
5693505,24571,191573,1574,13,4
5693699,20852,190554,5593,18,2
5693925,62002,101148,8679,21,2
5693987,48215,128952,1465,14,0
5693988,39667,197597,7598,1,1
5694180,19075,15963,5964,24,1
5694180,19075,95580,5581,24,1
5694211,67471,74480,4481,17,1
5694562,39055,119591,9592,18,2
5694624,19199,61346,8865,1,1
5694722,32797,9640,2141,13,4
5694788,43924,62399,9918,24,1
5694944,34607,109173,9174,13,4
5695138,31846,194024,4025,16,0
5695168,57671,64173,1692,0,0
5695236,36589,459,5460,12,2
5695303,25396,169265,1782,14,0
5695776,56993,113689,6201,14,0
5695808,72979,14841,7343,23,3
5695872,24874,141803,6832,24,1
5695941,65774,7096,7097,14,0
5696098,74237,17010,2013,18,2
5696103,33823,49882,7395,12,2
5696354,71863,143179,5694,22,3
5696389,37432,46813,1822,0,0
5696547,35308,198867,1387,13,4
5696645,20576,61981,1982,14,0
5696675,31507,7330,4831,20,4
5696707,58720,75443,5444,13,4
5696739,19333,147690,5233,12,2
5696964,57818,144037,4038,14,0
5697027,38486,119322,6856,18,2
5697409,23402,98945,8946,22,3
5697479,23924,6712,1713,12,2
5698150,1183,42362,9875,1,1
5698245,47533,8613,3614,23,3
5698337,19765,97634,7635,17,1
5698469,64240,138384,5924,18,2
5698471,47993,11708,4210,1,1
5698471,47993,149245,6788,1,1
5698884,40435,45245,7750,18,2
5698885,68176,75710,5711,14,0
5699073,55411,141815,9358,0,0
5699074,66097,54963,4964,0,0
5699142,68360,173041,3042,21,2
5699335,30079,27112,4619,22,3
5699361,20455,165751,8268,19,3
5699653,54329,129289,9290,16,0
5699872,70456,36197,3707,21,2
5700097,25297,10460,7964,0,0
5700102,24380,112864,5376,20,4
5700167,35662,62045,9564,20,4
5700711,49952,28768,1271,12,2
5700773,32057,172294,4812,16,0
5700807,21383,84886,7395,12,2
5700903,40540,133669,3670,19,3
5701124,73039,186358,8877,17,1
5701127,36194,139528,9529,22,3
5701152,46778,5405,5406,22,3
5701315,53443,46360,8865,1,1
5701315,53443,60525,5538,1,1
5701383,22360,35188,7692,14,0
5701383,22360,125522,3059,14,0
5701442,53314,16559,1562,14,0
5701442,53314,111443,6466,14,0
5701763,62117,108414,8415,17,1
5701894,54943,199796,4835,23,3
5701923,42910,183385,3386,24,1
5702182,28421,49439,4448,18,2
5702244,19150,41008,3513,22,3
5702370,40330,167040,7041,1,1
5702468,35422,31339,3843,0,0
5702500,38035,114839,4840,20,4
5702560,45421,97518,7519,1,1
5702594,71752,92953,5463,16,0
5702949,29065,78744,1252,18,2
5703045,52741,6570,6571,18,2
5703175,50342,36602,4112,20,4
5703265,51292,131916,9456,23,3
5703520,73972,199025,1545,13,4
5703621,26705,136532,6533,22,3
5703652,44396,196379,8899,16,0
5703717,20063,9514,2015,15,0
5704070,42805,167489,5038,24,1
5704193,73157,169909,2426,19,3
5704226,44518,137153,7154,23,3
5704483,43058,17880,5384,14,0
5704546,50807,109172,4193,18,2
5704675,19249,28177,3182,22,3
5705056,72959,91242,3752,19,3
5705120,56365,181064,3583,20,4
5705127,62084,29213,4218,24,1
5705127,62084,158986,4017,24,1
5705350,50761,3727,8728,14,0
5705479,26656,23066,8071,14,0
5705730,22429,74300,4301,1,1
5705730,22429,149684,2199,1,1
5705860,36820,139321,9322,22,3
5706147,23272,22008,9515,12,2
5706308,23857,120408,2921,0,0
5706757,46493,42383,9896,20,4
5706759,1282,132223,9763,14,0
5706944,71042,77257,9765,23,3
5707041,28318,182160,7197,12,2
5707073,36589,84332,1857,12,2
5707329,31285,109400,6931,13,4
5707493,44281,91063,8591,0,0
5707495,67667,29261,9262,16,0
5707649,48058,78914,3929,14,0
5707751,36472,118272,8273,17,1
5708099,27838,176571,4123,12,2
5708133,57515,36267,3777,20,4
5708226,39703,69542,9543,20,4
5708320,72052,149779,4808,14,0
5708354,67439,83490,5999,0,0
5708390,37811,54515,7021,20,4
5708481,73436,138254,5794,13,4
5708514,30997,118357,8358,19,3
5709220,34636,146292,6293,18,2
5709701,52871,87394,9903,13,4
5710627,24304,137856,7857,14,0
5710727,45739,39651,4658,0,0
5710915,57475,165123,7640,17,1
5710951,39827,90086,2596,20,4
5711552,35957,49713,9714,0,0
5711616,74752,137763,5303,16,0
5711653,42583,97242,2261,21,2
5711905,63760,9928,9929,0,0
5711943,19568,148026,5569,18,2
5711975,55955,162483,2484,18,2
5712005,52523,4934,4935,16,0
5712194,41027,91360,1361,15,0
5712196,66338,162972,5489,0,0
5712199,45892,174585,7103,16,0
5712420,24631,88995,6520,21,2
5712551,44071,103133,5644,1,1
5712801,37690,16530,6531,14,0
5712867,38906,78880,1388,15,0
5713189,57115,28677,6184,15,0
5713472,27742,115355,7867,1,1
5713472,27742,196732,1771,1,1
5713539,32036,87569,2586,19,3
5713572,27830,46911,4424,12,2
5713632,36511,153097,5613,20,4
5713700,46132,25810,8313,19,3
5713732,52984,88361,8362,22,3
5713824,43786,132917,7944,17,1
5713829,58571,127799,2824,14,0
5713956,66472,87974,2991,14,0
5714018,21587,56290,8796,13,4
5714018,21587,99915,9916,13,4
5714213,45898,16072,6073,15,0
5714272,42565,22407,4910,22,3
5714336,23089,92625,5135,22,3
5714531,55919,53963,3964,16,0
5714627,25375,146676,4219,19,3
5714885,56081,174221,6739,22,3
5715074,68666,86926,9435,20,4
5715392,26692,199038,9039,1,1
5715616,44758,149476,9477,16,0
5715654,21667,171864,6899,14,0
5715779,20639,66651,4170,18,2
5715811,41881,64592,9605,22,3
5716003,60538,66859,1872,22,3
5716199,70819,184283,4284,19,3
5716225,38878,137111,2138,15,0
5716321,50020,138962,6502,17,1
5716359,23014,174338,4339,21,2
5716385,64969,70799,5814,18,2
5716385,64969,92336,7355,18,2
5716549,37561,180896,3415,17,1
5716643,69823,35404,2914,21,2
5716707,62308,69207,4220,21,2
5717185,56215,120127,2640,12,2
5717218,20767,53307,5813,15,0
5717220,69928,65469,2988,14,0
5717316,39878,25447,7950,20,4
5717318,69220,116169,8681,17,1
5717664,39406,85208,5209,19,3
5717665,42523,57304,9810,1,1
5717701,35296,91980,9508,17,1
5717831,64462,91781,1782,14,0
5717831,64462,147158,9673,14,0
5717990,69016,196883,9403,21,2
5718082,27286,186147,8666,12,2
5718113,54307,5690,8191,0,0
5718214,21446,47026,4539,20,4
5718244,29333,125280,7793,17,1
5718273,39449,23674,3675,20,4
5718341,26153,31637,6644,13,4
5718533,27527,133824,1364,14,0
5718595,46969,153022,5538,1,1
5718849,33490,36652,4162,14,0
5719619,58264,138786,1300,23,3
5719685,67679,104741,4742,24,1
5719716,48799,182189,4708,24,1
5719749,42262,199077,4116,17,1
5719776,55501,197127,9647,20,4
5719783,45242,175446,7964,0,0
5720134,56386,57103,4619,22,3
5720163,61181,18631,3634,22,3
5720163,61181,196426,8946,22,3
5720481,44846,8694,8695,20,4
5720487,47167,19003,6507,22,3
5720832,31546,185956,8475,15,0
5720869,26140,49525,2030,14,0
5721030,24005,141345,8888,14,0
5721090,72205,52081,9597,0,0
5721185,23425,181490,6527,16,0
5721635,57437,172888,5406,22,3
5721698,19843,85892,3417,23,3
5721729,37322,75700,8208,18,2
5721799,45919,74368,1890,12,2
5721857,43633,51645,4151,14,0
5722180,20743,29249,9250,0,0
5722208,41839,53577,6083,23,3
5722208,41839,97035,2054,23,3
5722211,30488,107927,2948,16,0
5722309,36178,2979,5480,24,1
5722372,52291,63665,6172,16,0
5722594,50261,138054,8055,20,4
5722631,20686,83486,5995,18,2
5722820,53899,65963,5964,24,1
5723046,22364,31740,1741,12,2
5723106,63544,169753,7302,18,2
5723136,70384,131664,1665,20,4
5723428,19435,82660,7677,21,2
5723457,42476,120743,3256,22,3
5723750,35173,23928,3929,14,0
5723908,43243,130274,5301,15,0
5724000,67823,140685,5714,19,3
5724194,27349,104936,2467,16,0
5724197,70817,79278,6800,20,4
5724320,23803,91649,1650,18,2
5724422,35056,169248,1765,19,3
5724452,62599,67215,9722,15,0
5724610,35848,50923,5934,19,3
5724742,39652,113060,5572,21,2
5724771,35810,135764,5765,18,2
5724801,43400,153789,8820,21,2
5725190,43198,185047,7566,18,2
5725250,55168,6411,6412,0,0
5725250,55168,31143,3647,0,0
5725314,59951,148499,8500,12,2
5725408,66812,70142,7664,14,0
5725441,67478,11120,8624,17,1
5725633,24766,15993,5994,14,0
5725797,74707,121258,6283,20,4
5725827,32461,153862,6378,20,4
5725829,63253,82115,4624,17,1
5726017,26722,83513,6022,18,2
5726083,65101,86065,6066,23,3
5726144,74383,187107,9626,21,2
5726401,20702,110416,7950,20,4
5726851,66665,85390,2915,20,4
5726980,52990,81966,6983,14,0
5727012,41740,24550,4551,15,0
5727040,53173,143047,5562,22,3
5727040,53173,192751,7790,22,3
5727106,55498,166831,1864,18,2
5727363,57880,64533,9546,13,4
5727745,31565,43051,8060,16,0
5727941,21443,135245,2785,14,0
5728037,22762,93833,3834,20,4
5728037,22762,175876,8394,20,4
5728038,53629,11763,1764,17,1
5728066,60907,76045,6046,16,0
5728101,22996,54168,9179,20,4
5728416,47152,132725,5239,19,3
5728515,62329,138728,3755,24,1
5728550,49990,8434,8435,22,3
5728676,53779,45723,5724,14,0
5729060,62521,50223,5234,16,0
5729284,70535,129806,9807,15,0
5729284,70535,182397,4916,15,0
5729319,40894,140415,7958,13,4
5729350,72862,131327,3841,1,1
5729541,29015,170842,5877,13,4
5729797,46952,122290,4803,1,1
5729857,41716,98774,6302,12,2
5729857,41716,125039,7552,12,2
5729893,28591,58133,8134,20,4
5730178,25270,79112,4127,21,2
5730208,60490,12901,2902,23,3
5730435,33781,11181,3683,12,2
5730816,58376,133522,3523,18,2
5730884,40217,13884,3885,22,3
5731143,44635,70460,2968,19,3
5731264,50431,148550,8551,20,4
5731457,25970,68665,6184,15,0
5731495,30380,186455,1492,24,1
5731911,40538,8622,6123,14,0
5731971,65267,45694,3207,24,1
5731971,65267,84683,4684,24,1
5732039,69838,51109,3615,16,0
5732067,28501,149807,9808,18,2
5732098,66961,53404,5910,17,1
5732167,46651,85790,3315,13,4
5732197,40702,195059,5060,23,3
5732326,72847,44220,9229,1,1
5732388,28306,25376,2883,1,1
5732416,34228,67360,7361,24,1
5732480,24709,124432,4433,24,1
5732610,36059,165610,3159,13,4
5732672,24559,187527,5082,24,1
5732897,54596,198261,8262,18,2
5732999,68086,150460,2976,21,2
5733184,33955,45297,7802,22,3
5733472,70340,14250,4251,16,0
5733473,47191,148176,3205,20,4
5733542,51796,113073,8096,22,3
5733665,40045,170390,7942,18,2
5733699,59842,138587,3614,23,3
5733761,64106,36947,9451,17,1
5733857,74296,79283,9284,18,2
5733895,51793,185269,7788,22,3
5733984,62938,128855,8856,16,0
5734055,1327,40135,2640,12,2
5734081,72925,10015,2517,16,0
5734084,51772,81480,9005,15,0
5734400,37060,120169,7706,23,3
5734432,65587,86415,3940,24,1
5734626,68896,186113,3668,17,1
5734882,33893,101188,3699,0,0
5734915,68210,126436,8949,23,3
5734949,31396,144038,1581,13,4
5735110,59984,9351,9352,22,3
5735428,43747,60477,7996,17,1
5735649,46796,69902,9903,13,4
5735814,37181,107663,2684,20,4
5735911,22676,105134,2665,17,1
5735940,53003,188422,5977,24,1
5735942,27580,48782,1287,0,0
5735970,35161,170415,5450,12,2
5736037,67123,7818,7819,22,3
5736069,52483,113982,3983,18,2
5736192,52150,6989,9490,19,3
5736194,44812,132089,2090,13,4
5736323,28162,161190,8739,20,4
5736356,51877,79263,6785,21,2
5736805,61636,142939,5454,16,0
5736896,39808,39807,2311,12,2
5736896,39808,66728,1741,12,2
5736930,26525,50832,3338,12,2
5736961,50167,171370,3888,12,2
5736992,70517,76033,3555,21,2
5737026,35576,87929,5454,16,0
5737026,35576,198542,6100,16,0
5737092,54286,113742,6254,21,2
5737216,59942,24811,2318,24,1
5737220,68368,21234,6239,23,3
5737285,19609,108718,6249,18,2
5737345,32722,163742,3743,1,1
5737506,34009,159418,6964,1,1
5737568,59315,118738,6272,19,3
5737670,50044,74773,7281,1,1
5737702,46043,24729,4730,22,3
5737986,59510,29602,7109,23,3
5737989,39491,156644,9160,0,0
5738176,69065,128569,8570,16,0
5738304,53497,4302,6803,17,1
5738340,31429,65807,5808,20,4
5738372,58184,53510,3511,17,1
5738500,26296,118477,3500,13,4
5738567,44399,62981,2982,1,1
5738725,49220,99939,2449,13,4
5738882,29753,126376,1401,23,3
5739009,28561,166919,9436,20,4
5739110,1759,177060,2095,20,4
5739138,24173,59792,2298,0,0
5739299,26023,172207,7242,0,0
5739393,28480,34391,6895,18,2
5739426,52243,58012,3023,22,3
5739744,46117,55781,3297,17,1
5740162,37741,90417,2927,21,2
5740167,65584,103668,8689,23,3
5740293,33451,6685,4186,17,1
5740386,69862,120076,2589,12,2
5740389,38194,75174,2696,21,2
5740644,55099,89075,4092,22,3
5740769,36328,129419,9420,19,3
5741285,25372,108716,8717,22,3
5741569,28196,190774,3294,20,4
5741636,72041,114003,1537,23,3
5741667,48665,130726,8266,12,2
5741670,39604,91907,4417,0,0
5741670,39604,143875,1418,0,0
5741767,26611,171536,6571,18,2
5741989,39301,29914,7421,19,3
5742278,29054,55072,2588,19,3
5742407,51346,146458,4001,13,4
5742560,31405,77667,2682,12,2
5742626,26962,174268,9303,16,0
5742945,63704,194096,9135,17,1
5742951,32725,186794,9313,24,1
5743264,74755,47664,5177,19,3
5743299,53714,190687,3207,24,1
5743365,37271,26518,4025,16,0
5743396,27310,61782,6795,20,4
5743426,64927,151743,9289,24,1
5743649,37783,182167,7204,1,1
5743716,54115,170811,8363,12,2
5744038,40399,34033,4034,24,1
5744324,28564,129879,7416,17,1
5744324,28564,171077,8629,17,1
5744353,37067,172753,7788,22,3
5744385,45943,32643,7650,18,2
5745122,60721,141188,8731,18,2
5745344,28982,32427,4931,14,0
5745345,45400,107610,2631,18,2
5745376,63493,142427,2428,13,4
5745575,62170,101253,8784,0,0
5745605,34423,79947,4962,12,2
5745667,38564,177060,7061,20,4
5745760,1354,115512,8024,13,4
5745796,37654,35789,3299,24,1
5745923,30226,30315,7825,24,1
5745923,30226,91565,1566,24,1
5745956,35848,52111,2112,19,3
5746054,70495,176424,8942,18,2
5746182,74996,79660,2168,12,2
5746308,50158,151968,6999,20,4
5746435,56567,9464,6965,18,2
5746535,24124,22432,2433,22,3
5746560,1789,48581,6094,0,0
5746754,73438,139019,6559,0,0
5746785,40006,129332,4357,0,0
5746913,33865,55022,2538,21,2
5747010,20993,197796,7797,13,4
5747170,65086,144328,9357,19,3
5747201,46378,160371,7920,22,3
5747361,25423,23724,3725,12,2
5747431,34270,142101,9644,1,1
5747620,1393,138253,5793,24,1
5747777,34765,65399,5400,23,3
5747840,68459,68095,5614,19,3
5747909,19085,15075,7577,13,4
5748517,28594,127593,5130,0,0
5748551,22996,50829,3335,20,4
5748644,32750,83577,6086,24,1
5748710,33470,37462,7463,24,1
5748773,42785,46867,9372,16,0
5748902,41204,148875,8876,20,4
5749091,53122,79196,1704,18,2
5749095,42614,91494,6513,22,3
5749095,42614,160348,2865,22,3
5749216,24868,188069,3106,15,0
5749283,31183,95410,7920,22,3
5749542,50285,175403,2955,19,3
5749542,50285,192678,5198,19,3
5749857,68228,61334,6347,13,4
5749922,63434,19758,7262,14,0
5750080,64928,136560,4100,20,4
5750279,34390,46788,1797,15,0
5750501,51688,96570,9080,14,0
5750565,23701,156815,6816,0,0
5750659,24722,145238,7753,12,2
5750786,53788,68276,8277,18,2
5750791,39562,123318,8343,21,2
5750820,27776,19157,6661,12,2
5750855,41278,105103,2634,12,2
5750883,27248,25753,3260,15,0
5750916,74734,41318,1319,16,0
5751204,55318,178026,3061,13,4
5751234,63407,3042,8043,17,1
5751331,34738,23742,3743,1,1
5751367,73765,63706,3707,21,2
5751424,25696,43502,8511,22,3
5751584,33175,51324,1325,14,0
5751589,46703,98054,3073,24,1
5751941,67930,41679,1680,24,1
5752001,31402,39471,6981,0,0
5752035,66041,153912,1458,24,1
5752227,54541,7158,4659,19,3
5752289,72727,96336,3864,22,3
5752608,51064,59295,1801,13,4
5752706,40520,176296,8814,0,0
5752964,47324,69083,4096,16,0
5753315,36970,148474,8475,15,0
5753508,40286,118399,8400,18,2
5753665,65473,78222,8223,1,1
5753730,39667,149542,2057,1,1
5753762,48598,127874,2899,1,1
5753831,34666,1781,1782,14,0
5753860,30949,67201,9708,12,2
5754149,20366,74507,2029,14,0
5754240,48110,31238,6245,14,0
5754375,27359,70181,7703,24,1
5754435,31699,155303,7819,22,3
5754976,35470,34760,9767,1,1
5755174,50917,29940,7447,13,4
5755302,28085,164213,4214,1,1
5755428,33667,5037,2538,21,2
5755428,33667,35767,3277,21,2
5755492,67525,171011,8563,18,2
5755649,74437,199239,9240,14,0
5755844,71402,142721,7750,18,2
5756065,57583,65856,8363,12,2
5756358,67690,66173,8680,17,1
5756453,55535,118777,8778,18,2
5756480,43081,156589,1620,24,1
5756485,24886,22040,7045,21,2
5756640,37243,33270,5774,20,4
5756706,45583,163658,3659,14,0
5756707,43267,141951,4466,1,1
5757153,69700,42004,9517,23,3
5757185,54406,182727,7764,17,1
5757254,45809,75909,3431,22,3
5757285,34499,59376,9377,13,4
5757828,34727,52812,2813,14,0
5758051,38318,198883,3922,22,3
5758211,60452,12386,4888,20,4
5758243,68014,69895,9896,20,4
5758371,63611,171459,3977,24,1
5758503,57796,108036,8037,1,1
5758532,43699,146274,1303,12,2
5758661,43309,38870,6380,16,0
5758886,18898,113160,8183,22,3
5758918,33287,36680,4190,12,2
5759238,67097,45963,8468,21,2
5759394,39325,4690,4691,23,3
5759425,54500,159154,6700,21,2
5759488,24523,139162,4189,1,1
5759682,72961,31711,9221,24,1
5759718,48239,55300,7806,22,3
5759745,56650,102640,2641,24,1
5759751,70156,45697,3210,1,1
5759810,48506,113845,6357,18,2
5760161,20752,61178,6191,14,0
5760162,22385,144536,7051,12,2
5760166,41338,180309,7864,17,1
5760324,22379,85211,2736,18,2
5760416,64582,12028,4530,16,0
5760710,43162,3833,1334,15,0
5760806,67375,71310,1311,0,0
5760928,39721,24363,6866,22,3
5761026,23228,6452,3953,18,2
5761089,31292,64195,6702,14,0
5761186,70771,52677,5183,0,0
5761286,62317,169869,9870,22,3
5761318,26180,95995,5996,14,0
5761319,45205,20497,8004,13,4
5761478,19162,16643,1646,23,3
5761601,74674,126101,6102,1,1
5761638,72397,168738,3771,0,0
5761824,61405,94580,9599,22,3
5762404,54838,12538,5040,0,0
5762597,38795,174749,9784,16,0
5762599,52444,42632,2633,1,1
5762630,73216,78770,6292,23,3
5762854,48586,189944,2463,1,1
5762885,42469,47946,7947,14,0
5763040,31606,99536,2046,21,2
5763364,63356,147512,5055,21,2
5763558,68984,38739,8740,13,4
5763619,48257,21035,6040,0,0
5764165,38728,25155,5156,14,0
5764546,19585,120806,8343,21,2
5764646,44990,57602,2613,15,0
5764673,68491,159001,6547,20,4
5764738,53026,191682,9240,14,0
5764928,52198,196718,9238,18,2
5765317,21595,93920,8939,21,2
5765473,51371,75370,5371,22,3
5765475,56308,14818,7320,18,2
5765475,56308,193361,8400,18,2
5765895,43804,74587,9602,16,0
5766052,54013,62368,7381,20,4
5766119,69182,186614,9133,17,1
5766180,66052,19293,6797,13,4
5766369,71992,184019,9056,22,3
5766372,53047,28819,6326,20,4
5766401,61600,191621,9179,20,4
5766563,31030,198250,5808,20,4
5766597,27712,5356,7857,14,0
5766598,1493,49743,9744,24,1
5766853,32479,19276,4279,22,3
5766914,45388,102183,2184,18,2
5767075,35137,267,7768,24,1
5767173,58147,10907,5910,17,1
5767239,29500,189261,6816,0,0
5767367,52355,179517,2035,13,4
5767621,28810,86684,1701,15,0
5767655,63463,41604,6613,14,0
5767682,55079,138467,8468,21,2
5767717,38462,155938,5939,18,2
5767910,53677,84503,4504,23,3
5767911,42373,79447,6969,18,2
5767971,59743,74889,7397,21,2
5768096,52393,178304,3339,0,0
5768101,64231,79122,6644,13,4
5768132,23752,133500,6014,16,0
5768195,27814,7848,2849,17,1
5768229,64712,48706,3715,13,4
5768353,34549,83086,8103,16,0
5768423,29038,4877,2378,16,0
5768647,20603,115493,3027,0,0
5769057,26413,184681,7200,14,0
5769346,61895,29379,1882,21,2
5769414,53788,131365,3879,18,2
5769474,54808,99001,4020,19,3
5769507,33088,76288,3810,21,2
5769634,61954,39088,6598,20,4
5769734,51364,6842,1843,18,2
5769892,28258,117977,7978,14,0
5769957,30245,109111,4132,18,2
5770050,19739,131690,9230,18,2
5770369,46594,175976,8494,24,1
5770402,36293,151812,4328,21,2
5770498,67831,72381,9903,13,4
5770564,45023,197890,5448,13,4
5770788,31087,174123,1675,23,3
5770791,53224,128026,3051,24,1
5770851,25682,82408,9933,14,0
5770981,20857,170119,2637,17,1
5771074,23278,113063,5575,21,2
5771457,66178,28202,3207,24,1
5771461,55162,169624,4657,21,2
5771490,67576,161316,1317,23,3
5771906,52787,196715,6716,13,4
5772007,20195,7738,7739,12,2
5772197,19598,181874,1875,12,2
5772227,49567,142554,5069,15,0
5772677,51757,71189,8711,16,0
5772935,48032,183060,8097,22,3
5772994,39793,127630,7631,0,0
5773030,63127,36973,4483,17,1
5773057,65438,3593,6094,0,0
5773095,60239,58173,8174,13,4
5773249,53924,110218,5241,0,0
5773249,53924,159987,9988,0,0
5773314,59341,178831,1349,22,3
5773383,61700,35856,3366,13,4
5773575,29312,147797,5340,17,1
5773760,34615,24678,4679,16,0
5773765,66409,25292,5293,23,3
5773858,61093,101316,1317,23,3
5774019,33961,154571,9602,16,0
5774374,19633,30296,5303,16,0
5774432,66859,105097,5098,1,1
5774532,69307,79943,9944,1,1
5774535,28313,139224,4251,16,0
5774593,20291,64396,4397,13,4
5774661,60745,125860,8373,13,4
5774816,32264,165437,5438,16,0
5774822,31415,77687,5209,19,3
5774950,49861,22383,9890,21,2
5774983,46222,171728,1729,18,2
5775042,69307,84079,6588,1,1
5775237,29099,71416,6431,24,1
5775266,41549,149632,4661,19,3
5775269,35044,114956,9979,0,0
5775331,59992,172495,5013,17,1
5775682,35239,120434,2947,0,0
5775747,44200,145532,3075,20,4
5775877,41959,29578,4583,13,4
5776227,18965,108107,3128,24,1
5776389,66799,66207,3726,13,4
5776420,60748,143099,3100,14,0
5776583,23581,144116,6631,14,0
5776640,1373,104269,4270,13,4
5776640,1373,117294,2317,13,4
5776868,57178,143559,8588,0,0
5776931,23947,64802,4803,1,1
5777061,44033,113637,6149,19,3
5777217,39629,171734,1735,12,2
5777381,41147,117965,2988,14,0
5777410,71462,89982,9983,18,2
5777441,44152,61070,6083,23,3
5777475,65572,83520,3521,20,4
5777825,35563,72296,2297,12,2
5778145,32449,94920,2448,0,0
5778183,39065,105802,3333,24,1
5778277,27394,181163,8718,20,4
5778499,43759,135983,5984,13,4
5778691,70058,53294,5800,0,0
5778852,69871,147571,5114,17,1
5778948,40840,24894,7397,21,2
5778948,40840,58909,8910,21,2
5778950,24586,164223,9256,16,0
5779365,55708,29665,7172,16,0
5779489,21347,199489,9490,19,3
5779526,45904,53400,5906,20,4
5779552,42455,147944,5487,17,1
5779652,45223,26659,9162,15,0
5779750,71266,20515,8022,18,2
5779907,50498,13742,3743,1,1
5780001,21529,14054,9057,12,2
5780103,71414,19427,9428,1,1
5780103,71414,72132,4640,1,1
5780229,18950,59295,1801,13,4
5780455,25363,73209,5717,18,2
5780517,29893,58638,3649,24,1
5780549,20383,14244,4245,0,0
5780645,32825,191610,1611,0,0
5780930,49501,44148,1661,12,2
5781029,43795,32333,2334,21,2
5781029,43795,127752,5289,21,2
5781057,62269,5897,8398,20,4
5781120,49381,38770,3777,20,4
5781283,33695,132475,7502,18,2
5781376,1795,181636,1637,21,2
5781603,74549,193477,5997,20,4
5781700,68287,4253,9254,19,3
5781795,66577,46514,4027,12,2
5781991,55321,100010,11,18,2
5782112,19528,24751,2258,0,0
5782114,39866,15242,7744,15,0
5782213,38932,100637,3148,13,4
5782338,30064,79882,7404,17,1
5782338,30064,163345,8378,17,1
5782500,60587,179868,4903,19,3
5782562,62515,175344,7862,17,1
5782662,72367,152560,2561,22,3
5782885,61010,18600,6104,15,0
5782976,27769,50671,8187,18,2
5782978,26423,31599,4103,24,1
5782978,26423,182786,2787,24,1
5782980,61889,144137,1680,24,1
5783396,27205,153958,1504,24,1
5783457,62281,197650,2689,17,1
5783684,55906,68851,1358,16,0
5783843,35878,81434,8959,24,1
5783873,41167,13814,1318,21,2
5783904,28972,72228,9750,21,2
5783940,67474,77143,7144,21,2
5783941,33631,1710,1711,13,4
5783975,43925,27692,2697,18,2
5784096,56122,165759,5760,22,3
5784224,27367,13562,6064,1,1
5784231,69658,127885,2910,21,2
5784260,31069,144662,4663,15,0
5784321,53858,125273,7786,14,0
5784449,55075,85725,3250,24,1
5784487,28364,26902,6903,24,1
5784487,28364,139834,7374,24,1
5784741,67510,40102,2607,13,4
5784836,36473,169928,9929,0,0
5784898,26597,36578,6579,21,2
5785026,43510,151065,3581,1,1
5785030,68836,44051,4052,14,0
5785063,34724,96916,9426,23,3
5785254,38768,180276,5313,15,0
5785348,57694,87269,9778,1,1
5785604,34375,6530,6531,14,0
5785857,23671,188048,5603,0,0
5786278,45784,66174,8681,17,1
5786370,66973,156624,4170,18,2
5786563,51047,139610,4637,0,0
5786695,26776,165496,8013,21,2
5786724,52940,21425,8932,22,3
5786784,36700,41572,6581,15,0
5786883,24430,179688,2206,16,0
5786919,27437,88086,5611,24,1
5787362,32198,32428,2429,1,1
5787940,61033,151542,9088,18,2
5788515,47707,123643,8668,16,0
5788516,43039,195228,2786,24,1
5788547,21607,87001,7002,20,4
5788771,61028,159057,1573,1,1
5788995,55582,78650,3665,19,3
5789024,39875,47012,2021,18,2
5789028,37750,70718,3226,15,0
5789058,42616,169578,7127,20,4
5789091,40013,132553,7580,17,1
5789412,26302,31577,4081,12,2
5789701,26335,72127,2128,1,1
5789730,28385,45104,5105,12,2
5789859,40391,8325,5826,12,2
5789954,44990,66725,1738,15,0
5789958,20875,198020,8021,1,1
5790018,31333,37387,9891,20,4
5790086,53707,20212,5217,23,3
5790882,70585,41411,8924,14,0
5791008,63502,2990,5491,15,0
5791012,23245,108500,3521,20,4
5791268,62251,152981,5497,16,0
5791495,1172,62368,4875,14,0
5791520,40616,48227,3236,16,0
5791617,31330,60235,2742,18,2
5791845,69328,62431,9950,13,4
5791874,26846,190895,3415,17,1
5792199,63058,81723,9248,0,0
5792355,55420,172949,2950,23,3
5792515,54346,151975,1976,18,2
5792546,44258,189731,9732,0,0
5792867,69565,9577,9578,14,0
5793184,53011,6776,6777,17,1
5793188,51751,18973,8974,21,2
5793188,51751,165788,5789,21,2
5793286,49201,169020,4053,1,1
5793509,19930,196577,9097,23,3
5793542,42991,107051,9562,14,0
5793605,46060,36766,6767,20,4
5793732,37784,71928,1929,22,3
5793732,37784,186225,8744,22,3
5793861,37705,64879,2398,19,3
5793861,37705,160590,8139,19,3
5793861,37705,174134,9169,19,3
5793957,31765,172892,7927,17,1
5794022,73178,112329,4841,1,1
5794082,21185,104381,1912,15,0
5794113,42734,75969,8477,15,0
5794279,48254,103789,6300,0,0
5794439,1616,166911,1944,20,4
5794501,66398,132314,2315,18,2
5794534,24424,24459,9464,16,0
5794534,24424,57419,4935,16,0
5794883,65977,49317,1822,0,0
5795040,36701,195843,8363,12,2
5795399,19930,11350,6353,23,3
5795556,29603,66272,6273,18,2
5795590,40565,184976,4977,0,0
5795686,69475,22997,2998,17,1
5796070,47899,60470,2977,1,1
5796199,62521,145867,8382,16,0
5796224,38749,1915,6916,24,1
5796321,61664,147208,4751,15,0
5796644,70720,99841,2351,12,2
5796672,25730,7091,9592,18,2
5796704,61096,52197,7208,15,0
5796803,32086,130471,5498,13,4
5796834,52243,185558,5559,22,3
5797252,59719,47791,5304,20,4
5797509,57154,146642,9157,22,3
5797634,25189,185435,5436,20,4
5797669,42280,17619,7620,15,0
5797731,71128,46884,4397,13,4
5797891,50563,119657,7191,19,3
5797895,55265,4872,4873,20,4
5797895,55265,139153,6693,20,4
5798243,63970,157359,7360,22,3
5798277,28817,161533,9082,14,0
5798305,39776,81301,1302,13,4
5798531,33208,194604,4605,1,1
5798820,29731,85112,5113,0,0
5798852,57262,56065,8571,19,3
5798885,21922,30654,5661,21,2
5798913,46198,131800,4314,19,3
5798946,49562,127707,5244,20,4
5799296,53119,88389,5914,24,1
5799650,50732,8047,8048,13,4
5799810,22609,111634,4146,15,0
5799811,29827,81031,8556,22,3
5799877,26764,68917,3930,24,1
5799942,42247,57526,5042,20,4
5800064,36251,63387,5894,0,0
5800102,1294,60821,5834,23,3
5800199,59684,94243,1771,1,1
5800199,59684,199150,4189,1,1
5800227,44122,118832,1344,21,2
5800455,52615,167829,5378,16,0
5800485,29236,3265,8266,12,2
5800515,25129,121346,3859,1,1
5800519,47212,33675,6179,12,2
5800673,1577,199598,9599,22,3
5801056,69230,139338,1852,24,1
5801216,28730,141312,3827,0,0
5801254,49150,123938,6451,12,2
5801539,48485,158473,6019,22,3
5801540,71969,185158,5159,19,3
5801573,21257,181613,1614,12,2
5801697,47623,139927,9928,14,0
5801794,48190,43129,5634,1,1
5801828,19024,156649,9165,24,1
5801920,22618,27477,7478,23,3
5802050,28078,86138,3663,14,0
5802274,72634,96259,3787,1,1
5802304,39901,112876,5388,23,3
5802659,47396,168252,5801,13,4
5802689,61345,188219,8220,13,4
5802758,65252,115934,8446,19,3
5803010,48499,176937,4489,20,4
5803013,57379,27158,9661,22,3
5803045,49009,142421,9964,1,1
5803141,28223,169410,9411,18,2
5803361,40084,188665,6220,24,1
5803492,41962,30730,8240,24,1
5803525,64553,190076,2596,20,4
5803584,73952,193511,3512,1,1
5803715,65422,65209,2728,24,1
5803715,65422,91785,9313,24,1
5803715,65422,151600,9146,24,1
5803809,23945,180047,5084,18,2
5804065,44371,9006,6507,22,3
5804069,28733,168682,6231,0,0
5804320,38392,106280,1301,21,2
5804483,25630,64566,2085,12,2
5804583,72535,20654,5659,16,0
5804611,21916,49778,4787,24,1
5804614,29893,16773,9275,24,1
5804642,29047,17642,7643,16,0
5804674,72133,158539,6085,19,3
5804869,69130,77887,2902,23,3
5804898,44720,26857,9360,21,2
5804994,74945,93263,3264,14,0
5805026,46987,42233,9746,15,0
5805056,57544,131459,6486,12,2
5805089,41936,11778,9282,14,0
5805091,28246,165356,5357,13,4
5805189,49486,34304,4305,19,3
5805218,46462,101400,3911,14,0
5805345,43663,194934,4935,16,0
5805411,36610,121158,8695,20,4
5805413,52132,45049,2562,18,2
5805668,35567,76563,1578,24,1
5805671,41656,198802,8803,18,2
5805734,30904,25471,2978,20,4
5805793,40297,190175,7733,1,1
5805927,30758,170591,8143,12,2
5806245,38774,101968,4479,12,2
5806273,52921,76587,9095,23,3
5806400,67756,197987,3026,19,3
5806404,68233,34864,7368,14,0
5806624,24478,135670,8184,23,3
5806626,73162,27450,9953,12,2
5806656,68009,94298,9317,18,2
5806753,66122,10872,3374,20,4
5806785,21710,184549,4550,1,1
5806821,43939,100946,5967,21,2
5806880,44515,52227,2228,16,0
5806913,68324,109604,9605,22,3
5806948,39343,35956,5957,12,2
5806983,72322,30364,5371,22,3
5807078,27628,190740,5779,12,2
5807106,29276,17081,4585,19,3
5807106,29276,73120,3121,19,3
5807106,29276,124015,6528,19,3
5807111,31900,27318,2323,20,4
5807303,1702,71244,3752,19,3
5807332,22654,154543,7059,22,3
5807363,71389,83063,5572,21,2
5807393,59263,71743,1744,19,3
5807488,51527,42282,2283,16,0
5807523,19063,23556,8561,19,3
5807523,19063,92042,2043,19,3
5807552,59257,26383,1388,15,0
5807559,73741,73389,3390,19,3
5808097,20803,132505,7532,20,4
5808192,41584,41389,8902,23,3
5808197,65794,39915,7425,19,3
5808357,33112,52042,9558,22,3
5808422,20041,182355,2356,19,3
5808485,36794,146570,6571,18,2
5808550,63361,109814,4835,23,3
5808644,67132,122153,9690,23,3
5808709,42451,146752,9267,15,0
5808897,45826,36125,8629,17,1
5809185,40150,109972,2483,20,4
5809315,63304,43983,3984,16,0
5809315,63304,178882,8883,16,0
5809574,56677,103961,3962,18,2
5809698,63311,1347,6348,21,2
5809761,74680,188309,5864,22,3
5809891,55495,111703,4215,0,0
5809921,32750,78093,5615,24,1
5809986,37298,4435,9436,20,4
5810082,47050,38142,3149,14,0
5810240,21475,11390,6393,1,1
5810278,63541,57141,4657,21,2
5810343,26929,22643,5146,23,3
5810592,35191,47372,2381,15,0
5810629,61453,82804,5313,15,0
5810754,56729,21287,6292,23,3
5810819,22492,177807,5359,23,3
5811585,70910,126486,1511,20,4
5811655,41018,111480,1481,21,2
5811683,70070,104292,1823,1,1
5811842,50930,61168,8687,0,0
5811943,1606,184645,2200,19,3
5811971,49888,18574,8575,17,1
5812064,52139,132664,2665,17,1
5812098,50680,128381,8382,16,0
5812679,74221,112980,8003,23,3
5812704,27161,49654,9655,18,2
5813155,22430,37869,5379,21,2
5813155,22430,120536,8073,21,2
5813378,58472,165282,7799,22,3
5813507,27412,22871,2872,24,1
5813542,20065,42885,2886,1,1
5813671,43031,167195,9712,13,4
5813730,47434,99301,6829,19,3
5814055,69713,17983,7984,14,0
5814149,53186,101361,1362,0,0
5814150,41711,197419,9939,18,2
5814305,51985,175566,8084,13,4
5814309,53870,197922,2961,17,1
5814374,27235,74636,9651,24,1
5814471,49091,47016,2025,20,4
5814471,49091,187070,4625,20,4
5814598,67393,187163,2200,19,3
5814981,25714,123929,1466,18,2
5815104,56861,170530,8082,0,0
5815207,37376,170815,3333,24,1
5815233,23434,96982,4510,12,2
5815459,62752,44846,2359,1,1
5815522,24031,182942,2943,13,4
5815524,50506,146564,6565,24,1
5815680,70619,74933,7441,20,4
5815719,32633,197725,7726,13,4
5815841,61877,139625,7165,0,0
5816038,50350,185759,8278,13,4
5816611,21416,112947,2948,16,0
5816672,53200,28912,6419,14,0
5816672,53200,110479,2991,14,0
5816705,65294,108367,8368,1,1
5816705,65294,122885,2886,1,1
5816839,48772,171232,8784,0,0
5817024,41252,114108,4109,20,4
5817282,32714,32476,7483,17,1
5817415,27908,49851,2356,19,3
5817572,58123,59636,9637,12,2
5817703,63322,157905,5451,23,3
5817792,41749,166701,6702,14,0
5817856,49766,157884,2915,20,4
5817925,26746,12053,2054,23,3
5817925,26746,109408,4429,23,3
5817959,24592,46813,1822,0,0
5818182,71458,35375,2885,12,2
5818215,37354,67818,5337,22,3
5818279,67201,98791,1301,21,2
5818279,67201,149508,9509,21,2
5818401,1498,73546,8561,19,3
5818529,72716,177117,7118,1,1
5818531,62689,102179,7200,14,0
5818594,27682,80193,7718,16,0
5818656,56582,178397,3432,18,2
5818660,52213,22885,5388,23,3
5818880,61013,108896,3917,13,4
5818883,25015,2879,2880,1,1
5819271,33970,89149,4166,22,3
5819493,53644,162020,9569,16,0
5819943,19675,69706,4719,17,1
5819968,48152,73425,3426,1,1
5820032,24820,183881,8918,19,3
5820132,38483,113500,6012,12,2
5820192,59842,158462,8463,23,3
5820421,64534,137496,10,24,1
5820704,74116,160665,3182,22,3
5820832,46682,139469,7009,14,0
5820903,58219,481,5482,1,1
5821028,41605,132272,4786,20,4
5821221,35731,41480,6489,21,2
5821440,52586,174662,4663,15,0
5821572,30358,144126,1669,16,0
5821602,41759,52858,7869,14,0
5821703,43189,99295,4314,19,3
5821760,34114,97614,2633,1,1
5821799,73808,196321,1360,1,1
5822400,61276,43875,3876,18,2
5822405,29260,82597,2598,13,4
5822471,73969,69722,9723,13,4
5822560,40052,47068,4581,1,1
5822881,38896,41295,6304,0,0
5823201,57214,28434,8435,22,3
5823300,36733,49426,9427,0,0
5823398,47057,53778,6284,14,0
5823523,34150,9614,4615,14,0
5823556,72931,14460,9463,15,0
5823879,36517,45101,5102,24,1
5823939,36997,49999,5008,18,2
5824099,67267,78145,3160,15,0
5824260,20809,39110,1614,12,2
5824294,70187,47156,7157,16,0
5824387,54983,167304,2337,17,1
5824612,20380,69498,2005,20,4
5824672,62605,117700,5234,16,0
5824737,54832,13446,5948,0,0
5824737,54832,94001,4002,0,0
5824807,62621,27156,4663,15,0
5824807,62621,97341,4869,15,0
5824928,71386,159418,9419,17,1
5825057,63566,110478,8012,18,2
5825254,27676,20781,3284,12,2
5825506,73043,67332,9839,18,2
5825506,73043,68440,8441,18,2
5825537,60835,78679,8680,17,1
5825537,60835,195397,5398,17,1
5825733,25519,116778,9290,16,0
5825921,50573,780,3281,13,4
5825954,37258,106275,3806,20,4
5825984,56224,40278,5287,13,4
5826787,34966,34059,6563,16,0
5826822,55294,155037,2583,13,4
5827239,56633,59618,7134,17,1
5827239,56633,181407,6444,17,1
5827461,66037,122519,7544,16,0
5827559,57119,70966,3474,23,3
5827653,42466,96388,6389,0,0
5827713,42523,198091,8092,1,1
5827814,67804,179591,7143,24,1
5827908,38498,113846,8869,22,3
5827968,19358,46381,1390,20,4
5828134,26860,86822,6823,13,4
5828322,45310,4283,9284,18,2
5828391,42310,123187,8212,24,1
5828418,26491,166740,6741,16,0
5828450,24565,87069,2086,23,3
5828480,66862,193028,8067,17,1
5828581,22019,177685,2720,17,1
5828609,71398,6179,3680,12,2
5828711,20764,42051,4556,19,3
5828832,71515,11207,8711,16,0
5828834,71681,101734,1735,12,2
5828961,32509,20137,5142,24,1
5828994,35470,76726,4248,1,1
5829061,55837,111281,6304,0,0
5829062,23833,108681,6212,22,3
5829223,72446,67753,7754,16,0
5829282,43858,197224,2263,18,2
5829445,21475,34150,1660,1,1
5829700,47075,99660,4679,16,0
5829729,57916,7858,7859,16,0
5829729,57916,89681,4698,16,0
5829730,43538,68635,6154,22,3
5830242,40333,120429,5454,16,0
5830276,64354,91321,8849,23,3
5830279,56288,195275,7795,14,0
5830438,70801,147397,2426,19,3
5830752,38320,182010,7047,17,1
5831079,49294,83341,5850,24,1
5831169,38899,32646,7653,22,3
5831233,52606,91447,6466,14,0
5831233,52606,130749,3263,14,0
5831392,54355,31664,9174,13,4
5831521,68312,136978,4518,17,1
5831586,50503,3890,6391,12,2
5831686,47675,151776,6807,16,0
5831749,67162,128413,5950,24,1
5831780,37642,93910,1438,12,2
5831910,45383,163381,3382,17,1
5831938,31160,27841,2846,20,4
5831938,31160,46197,8702,20,4
5832197,45002,78882,8883,16,0
5832390,35527,76142,3664,18,2
5832417,65044,62270,2271,24,1
5832483,51244,105638,8149,23,3
5832612,51451,101029,8560,14,0
5832737,39980,166558,9075,0,0
5833312,28723,33786,3787,1,1
5833315,39082,95059,5060,23,3
5833351,19160,97392,4920,19,3
5833380,31721,135597,3137,0,0
5833511,70576,153748,1294,15,0
5833633,60361,17959,7960,17,1
5833633,60361,65521,5522,17,1
5833638,42094,24760,7263,21,2
5833638,42094,49364,1869,21,2
5833825,20546,173682,8717,22,3
5833861,68968,140539,5568,20,4
5833893,31309,189452,1971,14,0
5834112,22648,24905,9910,17,1
5834145,66466,12860,5362,21,2
5834145,66466,44103,4104,21,2
5834240,27235,19156,4159,24,1
5834596,74374,90509,8037,1,1
5834599,60122,34138,4139,14,0
5834599,60122,144183,6698,14,0
5834657,39163,139456,4483,17,1
5834663,52388,104014,6525,23,3
5834690,21904,170593,3111,24,1
5835015,60751,92592,5102,24,1
5835205,27850,199618,9619,21,2
5835235,45301,95249,5250,23,3
5835268,23561,161580,6613,14,0
5835939,70036,34967,2477,14,0
5836641,68470,11325,1326,0,0
5836641,68470,153578,6094,0,0
5836741,57065,6348,8849,23,3
5836803,1435,129831,2344,20,4
5836832,54541,168012,3045,19,3
5837285,43703,28266,3271,14,0
5837446,33829,43648,8657,12,2
5837446,33829,174323,1875,12,2
5837447,60406,45407,7912,16,0
5837537,24347,111196,8730,22,3
5837569,70330,74083,1605,13,4
5837632,50261,19463,6967,20,4
5837796,35095,23138,3139,24,1
5837796,35095,62334,2335,24,1
5837863,39367,143847,8876,20,4
5837924,67099,34941,9948,1,1
5837986,64883,133889,8916,18,2
5838242,50275,68467,3480,13,4
5838242,50275,123186,5699,13,4
5838400,72580,54351,1867,22,3
5838497,39470,84338,9355,17,1
5838503,41417,185212,2767,0,0
5838659,64042,185790,8309,21,2
5838848,42755,190763,3283,20,4
5839015,22064,88060,3077,12,2
5839169,57640,93062,5572,21,2
5839552,52441,141599,6628,13,4
5839813,30308,90411,7939,21,2
5839815,72215,64022,9035,12,2
5839843,72785,75525,5526,22,3
5840161,72010,35167,2677,21,2
5840321,64802,27362,9865,21,2
5840357,43928,115821,5822,22,3
5840577,49978,23178,3179,22,3
5840672,45880,178460,6012,12,2
5840705,30848,45715,8220,13,4
5840741,22489,46292,3805,21,2
5841024,22328,23756,8761,22,3
5841024,22328,73507,8522,22,3
5841251,31579,172935,7970,19,3
5841382,68066,40123,5132,1,1
5841538,66865,80618,3127,24,1
5841664,45007,69154,6673,13,4
5841734,65117,33330,5834,23,3
5841861,70889,137738,5278,19,3
5841927,42067,5400,5401,21,2
5842306,58945,147764,2793,18,2
5842368,56800,102539,2540,20,4
5842496,43837,122541,7566,18,2
5842785,55609,88343,5868,16,0
5842820,65191,38707,3714,23,3
5842854,65858,154859,4860,17,1
5842855,19834,50755,8271,13,4
5843139,53836,146753,9268,20,4
5843266,45025,161481,6514,12,2
5843424,71086,55759,5760,22,3
5843458,69604,158545,3576,16,0
5843458,69604,186898,9417,16,0
5843460,28153,22711,5214,1,1
5843524,69200,41006,6015,18,2
5843524,69200,98064,3083,18,2
5843682,37891,146768,4311,22,3
5843878,74306,176689,6690,23,3
5843906,71237,176730,4282,1,1
5844099,48739,32849,7856,12,2
5844256,20926,148996,6539,18,2
5844291,68069,6637,6638,0,0
5844320,18856,25370,2877,16,0
5844353,1838,16739,1742,21,2
5844420,25595,31461,6468,22,3
5844676,47086,110964,5987,1,1
5844706,34204,70992,3500,13,4
5844706,34204,194027,4028,13,4
5844929,49795,12234,2235,14,0
5845318,27490,127648,2673,16,0
5845346,38800,33445,3446,16,0
5845440,32881,40216,7729,24,1
5845442,35440,122829,2830,14,0
5845603,64661,157047,4593,1,1
5845637,73687,158801,3832,14,0
5845826,65134,74147,9162,15,0
5845953,33959,66481,6482,12,2
5845984,60589,7374,2375,18,2
5845991,52384,118211,8212,24,1
5846080,20567,9912,4913,21,2
5846080,20567,183937,8974,21,2
5846341,21340,121570,4083,21,2
5846373,19099,110365,2877,16,0
5846470,37097,199139,9140,22,3
5846496,32005,27862,5369,0,0
5846503,45082,53058,5564,1,1
5846503,45082,142518,2519,1,1
5846566,25033,122647,5160,15,0
5846592,51256,21148,8655,14,0
5846630,43078,139720,7260,1,1
5846658,40954,136425,1452,20,4
5846823,64522,139209,6749,17,1
5846947,40417,26279,3786,0,0
5847200,52399,77211,7212,1,1
5847271,52504,31464,8974,21,2
5847298,71398,47067,7068,12,2
5847457,21283,24174,6677,13,4
5847457,21283,77592,2607,13,4
5847463,18875,183801,6320,22,3
5847521,64381,26192,8695,20,4
5847588,49874,96530,1549,0,0
5847621,36460,62023,9542,22,3
5847683,1177,56465,6466,14,0
5847714,55063,134127,9154,1,1
5848096,41635,124500,2037,12,2
5848133,63824,69462,9463,15,0
5848260,34601,30181,5188,18,2
5848386,55043,13320,5822,22,3
5848453,23393,96347,3875,14,0
5848484,71170,183321,3322,19,3
5848900,44071,140910,8453,1,1
5849025,45691,118873,1385,13,4
5849792,31516,78652,3667,19,3
5849888,26351,13534,6036,15,0
5849890,33671,15366,2870,17,1
5849924,58007,171595,6630,12,2
5850082,37939,73734,6242,15,0
5850119,74926,197801,5359,23,3
5850177,47899,77281,4803,1,1
5850372,65092,51786,1787,24,1
5850502,60277,9542,2043,19,3
5850688,47941,61636,1637,21,2
5850722,37150,106731,6732,22,3
5850791,21226,163762,6279,23,3
5850821,41596,56145,8651,21,2
5850882,30062,182171,2172,13,4
5850944,19843,78940,6462,23,3
5851015,39604,190016,7574,0,0
5851203,68191,112582,5094,0,0
5851301,66173,7792,7793,17,1
5851395,49747,5945,8446,19,3
5851424,41252,62321,2322,20,4
5851588,74746,82991,2992,23,3
5851620,34681,71623,6638,0,0
5851716,34168,169594,7143,24,1
5851809,56341,99141,4160,13,4
5851809,56341,134159,6673,13,4
5852193,72593,73353,3354,16,0
5852422,46664,42147,2148,24,1
5852738,26731,169051,6600,1,1
5852738,26731,182351,7388,1,1
5852901,70237,98798,6326,20,4
5852928,66040,22747,5250,23,3
5852966,61688,162037,9586,19,3
5853025,48244,150914,3430,15,0
5853026,59083,193047,3048,20,4
5853219,26713,184382,4383,23,3
5853280,36946,24667,2174,1,1
5853508,46408,138308,5848,20,4
5853761,26737,179896,4931,14,0
5853831,52373,61025,8544,22,3
5853888,56368,6531,6532,12,2
5853923,49744,48662,8663,12,2
5854144,56107,53793,3794,23,3
5854144,56107,135755,8269,23,3
5854241,33907,169708,2225,20,4
5854245,23485,187774,7775,16,0
5854306,51343,156400,3946,15,0
5854406,20851,9954,7455,13,4
5854594,61600,179838,4873,20,4
5854754,35278,182392,2393,18,2
5854913,59833,136456,6457,18,2
5854949,52090,147624,5167,15,0
5854976,45145,71906,4414,13,4
5855201,62411,181627,9182,21,2
5855266,35287,24714,7217,0,0
5855334,48095,15418,2922,23,3
5855523,22375,32826,2827,0,0
5855682,25987,74684,2206,16,0
5855687,25241,100050,2561,22,3
5855749,57985,12317,4819,16,0
5855907,49610,128755,8756,19,3
5856006,68656,136242,8756,19,3
5856229,45373,126630,9143,0,0
5856834,69322,189067,4104,21,2
5857056,64625,142898,2899,1,1
5857447,53149,117786,7787,12,2
5857505,71969,148025,8026,19,3
5857508,29243,128407,5944,1,1
5857667,35803,26609,1614,12,2
5857700,31033,126969,9482,14,0
5857831,46304,150904,5935,24,1
5857920,67612,149261,9262,16,0
5858048,20108,54795,4796,21,2
5858081,33514,82350,2351,12,2
5858213,44302,90400,7928,0,0
5858278,23386,11498,1499,12,2
5858279,35206,88923,6448,16,0
5858661,48328,151619,6650,22,3
5858693,56726,119348,1860,18,2
5858818,51169,138374,8375,23,3
5858819,22603,135358,2898,13,4
5858819,22603,157284,9800,13,4
5858849,37648,105633,3164,15,0
5859009,43882,152289,4805,24,1
5859302,20065,109192,4213,1,1
5859394,68995,126482,6483,12,2
5859427,30211,139878,2392,22,3
5859652,52201,122865,5378,16,0
5859906,25825,66507,1520,19,3
5860038,40195,185880,8399,12,2
5860166,58762,51353,8869,22,3
5860357,35155,114320,1854,1,1
5860484,52282,22757,7762,16,0
5860608,28165,31239,3743,1,1
5860614,48979,7521,2522,16,0
5860614,48979,11598,6601,16,0
5860837,22477,151726,6757,20,4
5861060,48986,137289,7290,20,4
5861124,22603,83097,8114,13,4
5861125,69001,63228,3229,17,1
5861539,38152,12256,9760,14,0
5861858,48862,193947,1505,18,2
5861893,67210,99124,4143,19,3
5861958,51403,20738,8245,14,0
5862081,58756,187215,7216,16,0
5862211,69829,135452,5453,19,3
5862405,57896,190994,3514,23,3
5862471,21976,121124,6149,19,3
5862595,69676,106501,6502,17,1
5862630,27094,55417,7923,16,0
5862692,32674,53728,8739,20,4
5862726,66865,71521,1522,24,1
5862887,21622,7928,2929,13,4
5862981,64673,76184,6185,16,0
5862983,73052,136754,6755,15,0
5863044,69139,96513,1532,12,2
5863078,28843,60401,5414,22,3
5863078,28843,150551,5582,22,3
5863175,47941,28072,5579,21,2
5863335,72718,71573,6588,1,1
5863398,25100,197881,2920,22,3
5863493,73694,152948,2949,20,4
5863493,73694,183792,1347,20,4
5863745,33382,11959,9463,15,0
5863781,56371,80912,8437,22,3
5863878,29830,72228,2229,22,3
5864039,68404,189639,2158,24,1
5864550,46606,146535,6536,22,3
5864614,20152,83126,8143,12,2
5864647,50866,99689,4708,24,1
5864647,50866,173827,8862,24,1
5864896,44632,73093,8108,19,3
5865060,1607,13309,3310,23,3
5865253,37702,184245,1800,0,0
5865383,48118,134808,9835,20,4
5865444,37831,76211,8719,12,2
5865475,25097,69604,9605,22,3
5865538,66160,65475,2994,18,2
5865859,51064,159927,4958,13,4
5866019,47464,45870,8375,23,3
5866051,73186,4804,2305,23,3
5866533,72295,40405,5414,22,3
5866881,65186,188909,3946,15,0
5866944,45844,36306,3816,1,1
5867168,44977,138980,6520,21,2
5867169,55883,193550,3551,18,2
5867526,34472,73236,5744,12,2
5867557,74596,141918,4433,24,1
5867591,23464,108861,8862,24,1
5867684,36455,196635,9155,17,1
5867782,39334,67003,9510,15,0
5867843,35942,108593,3614,23,3
5867974,33130,78757,8758,24,1
5868007,67012,139707,9708,12,2
5868134,41971,110018,7552,12,2
5868323,21002,159598,2114,18,2
5868640,37121,150194,5225,24,1
5868928,42118,42176,2177,0,0
5869058,64990,26149,8652,15,0
5869186,54992,143772,3773,21,2
5869601,48724,109583,7114,21,2
5869633,24694,98540,6068,22,3
5869698,25324,182286,2287,14,0
5869795,71246,162914,7947,14,0
5870470,39179,98881,1391,21,2
5870626,69553,161961,6994,19,3
5870631,72506,16706,1709,15,0
5870690,31744,94828,2356,19,3
5870757,59503,105350,2881,15,0
5870816,47992,104364,4365,18,2
5870880,37568,151178,8724,16,0
5871142,23548,28713,3718,0,0
5871203,31315,1479,3980,23,3
5871459,63799,91981,1982,14,0
5871746,45533,74054,4055,12,2
5871971,21262,100107,5128,16,0
5872226,23200,100482,2993,20,4
5872227,45782,59873,2379,17,1
5872256,45088,197727,7728,1,1
5872357,59443,62235,4742,24,1
5872611,58402,185963,8482,12,2
5872770,31138,32812,5316,20,4
5872864,63565,38724,3731,23,3
5872928,58309,90707,8235,21,2
5872999,71102,131745,4259,0,0
5873189,35420,108651,6182,17,1
5873221,56966,164677,4678,22,3
5873284,48802,193454,3455,19,3
5873505,50833,134653,7167,0,0
5873702,55315,164066,4067,0,0
5874085,52453,64964,4965,24,1
5874115,46687,186839,1876,18,2
5874115,46687,197059,2098,18,2
5874208,36542,159113,4144,12,2
5874213,43795,127902,2927,21,2
5874310,34051,9167,6668,14,0
5874402,31844,62104,2105,16,0
5874567,58400,56342,3858,12,2
5874596,42619,59222,4233,24,1
5874630,71642,105288,5289,21,2
5874758,59581,33793,3794,23,3
5874916,20716,24851,7354,14,0
5875072,48200,159862,4893,0,0
5875078,73867,18885,6389,0,0
5875168,28690,80949,3458,15,0
5875205,51958,95146,7656,20,4
5875301,20840,154818,4819,16,0
5875431,21196,89713,9714,0,0
5875559,48373,118480,3503,14,0
5875648,43018,41942,1943,13,4
5875942,48248,194350,4351,0,0
5876259,74284,27063,2068,18,2
5876576,39679,146415,1444,12,2
5876645,57916,154431,6947,16,0
5877027,28078,118651,3674,14,0
5877127,43451,120524,8061,17,1
5877152,72343,107013,2034,12,2
5877186,44141,39885,9886,16,0
5877347,57772,150058,7604,18,2
5877446,22052,131974,4488,14,0
5877859,34519,134323,1863,17,1
5877955,28405,82114,9639,16,0
5877956,73583,106667,4198,1,1
5877985,28936,181874,1875,12,2
5878023,58096,12812,5314,1,1
5878084,39634,142648,5163,19,3
5878341,64030,181828,9383,24,1
5878438,65983,2094,7095,22,3
5878656,49282,139405,6945,15,0
5878656,49282,194750,4751,15,0
5878791,53953,199807,4846,24,1
5878914,21326,104968,9989,0,0
5879043,65048,123826,6339,22,3
5879330,35377,195363,2921,0,0
5879332,65474,199093,6651,0,0
5879398,35578,119096,4119,16,0
5879456,27985,105897,8408,19,3
5879525,38489,166485,6486,12,2
5879585,59039,36653,1660,1,1
5879590,40084,139501,4528,24,1
5879622,35626,73798,6306,22,3
5879653,43429,24830,9835,20,4
5879655,74248,139034,9035,12,2
5879879,33092,166192,6193,1,1
5880100,41132,115023,2557,19,3
5880327,42722,64625,2144,14,0
5880646,48070,69947,7466,22,3
5880836,35923,157608,5154,17,1
5881379,36490,174000,4001,13,4
5881443,68320,62463,4970,0,0
5881443,68320,169931,2448,0,0
5881698,73535,137474,5014,1,1
5881766,35048,104626,9647,20,4
5881895,34922,14582,2086,23,3
5881925,59113,136789,9303,16,0
5881959,27928,33921,3922,22,3
5882182,70393,136491,9005,15,0
5882246,32173,74253,9268,20,4
5882275,36550,109372,6903,24,1
5882336,30610,28935,3940,24,1
5882434,54920,143039,8068,23,3
5882561,26075,64581,9594,21,2
5883042,67072,193152,5672,17,1
5883170,62564,124207,6720,18,2
5883175,32839,96623,4151,14,0
5883206,47977,171014,6049,1,1
5883366,58168,174249,6767,20,4
5883367,51628,41752,1753,23,3
5883461,65171,2440,7441,20,4
5883585,24997,118436,8437,22,3
5883588,72632,63102,5609,23,3
5883648,45688,97050,2069,21,2
5883655,59767,154340,6856,18,2
5883719,33029,59446,1952,13,4
5884229,70001,126625,6626,16,0
5884294,47335,33625,8632,19,3
5884578,42022,3138,3139,24,1
5884609,19723,16387,1390,20,4
5884645,73109,82427,2428,13,4
5884801,26800,114406,1940,21,2
5885094,46741,36602,4112,20,4
5885254,24670,37319,7320,18,2
5885284,33430,17860,7861,14,0
5885824,40750,123216,5729,18,2
5886084,74861,11253,6256,13,4
5886338,70276,112165,2166,24,1
5886341,41965,83478,5987,1,1
5886371,54349,137749,5289,21,2
5886563,32569,87530,5055,21,2
5886822,47032,130408,2922,23,3
5886849,59248,77451,9959,23,3
5887170,46396,26246,8749,12,2
5887172,42920,149068,9069,17,1
5887523,21494,127879,7880,20,4
5887523,21494,140346,7889,20,4
5887524,33308,34722,4723,23,3
5887524,33308,109726,7257,23,3
5887584,61087,29488,1991,1,1
5887591,54950,61882,4389,16,0
5887623,22201,52713,2714,12,2
5888070,29122,187515,7516,24,1
5888199,24427,119653,7187,15,0
5888258,22366,19075,9076,19,3
5888352,71921,116987,2010,0,0
5888547,62419,83955,3956,17,1
5888547,62419,114508,9531,17,1
5888611,43042,185356,5357,13,4
5888673,22396,7818,7819,22,3
5889028,59758,2032,2033,19,3
5889154,26090,94197,6707,13,4
5889250,64522,46344,3857,17,1
5889479,1516,76534,9042,14,0
5889573,69004,174683,4684,24,1
5889575,51277,97167,9677,17,1
5889575,51277,126156,6157,17,1
5889860,42232,75942,8450,24,1
5890054,71240,99721,9722,15,0
5890086,55837,109417,9418,0,0
5890145,45832,107639,5170,17,1
5890209,33154,2212,7213,21,2
5890241,51910,182735,7772,23,3
5890278,22918,116692,6693,20,4
5890304,39118,61760,6773,24,1
5890535,48851,186437,8956,22,3
5890657,35420,151441,8987,17,1
5890660,22574,76792,6793,18,2
5890660,22574,188460,6015,18,2
5890689,64205,49135,1640,13,4
5890919,43205,78337,3352,19,3
5891141,60104,106702,9213,22,3
5891171,51328,23845,3846,21,2
5891462,62986,170874,3392,18,2
5891621,57212,170334,5369,0,0
5891622,52639,53792,6298,23,3
5891686,73969,673,8174,13,4
5891748,60281,182532,7569,16,0
5892038,43534,35699,3209,1,1
5892038,43534,178645,6197,1,1
5892130,53419,67435,9942,12,2
5892130,53419,148018,5561,12,2
5892131,41317,53191,8202,13,4
5892327,21568,34435,1945,16,0
5892358,39814,11761,4263,24,1
5892384,24859,188787,8788,16,0
5892487,68666,122877,5390,20,4
5892773,28318,23716,6219,12,2
5892935,51215,169597,9598,21,2
5892963,58507,72067,7082,18,2
5893091,56428,86037,6038,15,0
5893091,56428,149313,1828,15,0
5893125,39814,171612,6647,24,1
5893319,67903,96643,4171,22,3
5893696,65858,139154,9155,17,1
5893798,53809,56576,4092,22,3
5893893,69245,158458,6004,16,0
5893926,31216,168839,1356,20,4
5893955,30916,154740,4741,24,1
5893984,45458,151464,9010,22,3
5894247,1336,71375,3883,16,0
5894817,64757,192408,7447,13,4
5894913,36962,163859,1408,16,0
5895010,38308,136475,4015,13,4
5895013,30541,39901,7411,18,2
5895171,62104,86359,6360,15,0
5895175,34585,53983,1499,12,2
5895367,36035,77309,4831,20,4
5895367,36035,94382,6892,20,4
5895777,43043,114213,4214,1,1
5895812,61642,11200,8704,21,2
5895846,48964,22997,5500,12,2
5896036,41503,164663,7180,17,1
5896096,40996,190399,2919,17,1
5896132,26786,118232,3255,22,3
5896163,59920,33869,3870,23,3
5896549,34589,149354,9355,17,1
5896609,27331,7663,2664,18,2
5896611,69332,166967,9484,19,3
5896992,56410,86405,1422,0,0
5897154,55756,175275,7793,17,1
5897632,28096,96136,3664,18,2
5897860,57388,102219,4730,22,3
5897990,74344,111295,8829,21,2
5898244,53206,148900,3929,14,0
5898304,65422,169103,1620,24,1
5898336,67831,107089,2110,13,4
5898406,34234,33973,8980,23,3
5898532,69799,61868,4375,21,2
5898626,27853,88561,6086,24,1
5898820,46378,81333,6350,22,3
5899140,67696,59109,6625,24,1
5899168,32971,4812,9813,24,1
5899172,23204,12970,7973,19,3
5899204,39395,188655,8656,18,2
5899269,69785,103777,6288,24,1
5899396,30409,174922,4923,24,1
5899459,68851,192646,7685,1,1
5899459,68851,193004,3005,1,1
5899523,67399,86928,1945,16,0
5899622,66811,21630,6635,17,1
5900417,47356,864,5865,23,3
5900423,57028,135565,8079,19,3
5901319,44635,142531,7560,19,3
5901345,40952,116156,3690,12,2
5901511,64106,126856,6857,17,1
5901731,36094,97379,2398,19,3
5901764,70702,112666,2667,18,2
5902054,62917,44132,1645,13,4
5902054,62917,82962,2963,13,4
5902054,62917,168682,3715,13,4
5902310,47672,81040,3549,16,0
5902661,67165,103046,8067,17,1
5902913,40976,190313,5352,13,4
5903137,60098,59959,4970,0,0
5903137,60098,130051,5078,0,0
5903139,62359,145761,5762,21,2
5903395,57125,16625,1628,14,0
5903687,74218,145076,7591,22,3
5903873,69262,181835,4354,14,0
5903936,41200,73988,1510,14,0
5903974,74894,13837,3838,16,0
5904071,66532,102355,2356,19,3
5904256,58612,22714,2715,18,2
5904256,58612,139452,6992,18,2
5905028,32521,162183,4700,19,3
5905156,32689,177430,9948,1,1
5905217,51241,175575,8093,19,3
5905286,54050,116906,9418,0,0
5905474,68804,103049,3050,15,0
5905537,36499,178379,8380,1,1
5905568,70676,145198,5199,21,2
5905925,66073,121837,4350,1,1
5906209,54602,92369,2370,20,4
5906756,71230,170530,8082,0,0
5906819,60794,61533,1534,20,4
5907046,37670,52300,7311,13,4
5907073,69565,36350,3860,14,0
5907078,51370,43860,8869,22,3
5907267,65629,138819,8820,21,2
5907911,65801,124697,4698,16,0
5907975,30412,185370,5371,22,3
5908039,54451,68437,3450,22,3
5908260,48166,117742,7743,15,0
5908519,60874,157625,7626,20,4
5908675,63895,181198,6235,19,3
5908770,60043,136580,4120,0,0
5908931,42094,92667,2668,21,2
5909120,65629,43855,1368,21,2
5909125,64291,43598,8607,22,3
5909217,66046,165861,8378,17,1
5909376,46729,56301,6302,12,2
5909447,70195,56149,6150,16,0
5909700,62101,107107,7108,14,0
5909861,60248,4872,9873,19,3
5909861,60248,70210,7732,19,3
5910273,66196,165816,8333,20,4
5910401,41129,135295,2835,17,1
5910661,70181,40574,3079,19,3
5910688,72110,142089,7118,1,1
5910790,57569,122234,2235,14,0
5910816,1336,160310,7859,16,0
5910882,32489,163117,5634,1,1
5910882,32489,169156,4189,1,1
5910883,42442,34887,4888,20,4
5910980,60907,40399,7912,16,0
5911011,74276,190544,8102,0,0
5911492,33175,103650,6161,14,0
5911588,21706,109988,7519,1,1
5911621,32026,187562,7563,16,0
5911713,38612,88372,8373,13,4
5911846,1537,89724,7249,15,0
5911941,36073,61713,6726,23,3
5912002,22036,191281,8839,12,2
5912034,55099,138528,6068,22,3
5912038,39781,136374,8888,14,0
5912102,59488,107980,3001,24,1
5912130,57481,197594,2633,1,1
5912259,70112,196512,6513,22,3
5912387,47956,2987,2988,14,0
5912420,70813,7342,9843,13,4
5912487,40807,18425,5929,14,0
5912711,47102,177094,7095,22,3
5912740,21634,47430,7431,13,4
5912835,44974,84375,6884,24,1
5912929,34124,5430,5431,24,1
5912996,53459,98274,3293,0,0
5912998,58033,32401,9911,0,0
5912998,58033,84656,7165,0,0
5913190,58453,167289,4838,23,3
5913312,29599,73542,6050,18,2
5913543,67270,194229,1787,24,1
5913606,74159,68949,1456,20,4
5913632,63268,46165,3678,14,0
5913760,39442,145597,8112,22,3
5913894,47758,124217,4218,24,1
5914086,60539,2490,9991,13,4
5914086,60539,29265,4270,13,4
5914212,35593,129059,6596,20,4
5914343,37099,82073,4582,22,3
5914469,42625,145399,5400,23,3
5914533,30290,147110,4653,15,0
5914912,66557,29799,9800,13,4
5914977,36961,159632,7178,15,0
5915111,32653,191011,3531,15,0
5915264,54863,63443,8456,19,3
5915364,26213,82212,7229,21,2
5915366,49721,155448,7964,0,0
5915397,54055,105494,8005,13,4
5915430,23902,60089,2596,20,4
5915845,34273,148973,4002,0,0
5915874,27421,104376,6887,18,2
5915876,65638,121256,6281,20,4
5915879,22135,151755,4271,18,2
5915907,54859,109081,6612,24,1
5916034,53216,138968,1482,23,3
5916101,39103,167879,5428,24,1
5916133,29986,33144,8151,1,1
5916199,41104,26959,1964,14,0
5916263,38197,182450,2451,16,0
5916387,27668,139416,4443,12,2
5916387,27668,141831,1832,12,2
5916416,20204,189632,9633,21,2
5916420,56687,37140,7141,17,1
5916612,53836,24762,2269,20,4
5916675,71065,122100,4613,23,3
5916967,50968,156832,1863,17,1
5917089,35596,29055,1558,16,0
5917345,53855,43150,5655,15,0
5917347,68800,117851,2874,23,3
5917601,64318,194380,6900,15,0
5917667,35905,134108,9135,17,1
5917892,30355,56744,9250,0,0
5918050,31946,7754,7755,22,3
5918343,32918,125521,5522,17,1
5918368,49624,31744,9254,19,3
5918372,30316,85426,5427,18,2
5918372,30316,167460,9977,18,2
5918917,39032,6241,3742,14,0
5919074,31103,141282,6311,22,3
5919074,31103,142402,2403,22,3
5919136,28468,90630,8158,24,1
5919367,61088,37363,2370,20,4
5919459,71399,192523,2524,24,1
5919461,28138,66358,6359,21,2
5919553,20068,192260,9818,0,0
5919557,50128,31249,8759,22,3
5919719,50986,116872,1895,21,2
5920068,70481,81195,3704,24,1
5920420,30868,6329,3830,19,3
5920449,55244,170153,7705,17,1
5920513,72560,96710,1729,18,2
5920708,33967,75488,7996,17,1
5920774,66569,180379,2898,13,4
5920834,61210,158002,3033,13,4
5921317,62029,40851,5860,1,1
5921441,74585,113160,8183,22,3
5921569,44560,139710,7250,21,2
5921636,40834,65683,5684,0,0
5921732,45461,43681,8690,19,3
5921764,36280,41523,4028,13,4
5921764,36280,68180,5699,13,4
5921796,60172,123982,6495,24,1
5921824,48968,89209,1718,21,2
5921858,53839,75002,2524,24,1
5922018,42709,78619,3634,22,3
5922119,22531,80848,5865,23,3
5922276,30250,83523,6032,21,2
5922369,71062,144766,9795,13,4
5922404,69556,172476,2477,14,0
5922592,52852,10284,5287,13,4
5922631,26405,10178,5181,14,0
5922688,57670,89085,9086,24,1
5922848,39299,39425,9426,23,3
5923074,28787,89938,9939,18,2
5923137,59110,59661,4672,0,0
5923137,59110,124911,2448,0,0
5923719,31459,130180,2694,15,0
5923840,35783,14528,9531,17,1
5923847,49264,179507,2025,20,4
5923905,41908,20883,8390,20,4
5923905,41908,173378,5896,20,4
5924066,74755,164280,1829,19,3
5924103,45155,37350,2357,20,4
5924194,71128,8376,5877,13,4
5924577,60853,121810,6835,23,3
5925056,47183,160674,8223,1,1
5925190,69248,44268,6773,24,1
5925376,61261,89862,7387,20,4
5925602,60589,132649,2650,18,2
5925664,64387,35102,2612,1,1
5925701,31931,94755,7265,12,2
5925701,31931,138930,1444,12,2
5925767,61285,37182,2189,24,1
5925795,54602,49831,4840,20,4
5926084,37366,174252,4253,22,3
5926117,19381,172772,7807,22,3
5926149,49378,118563,3586,19,3
5926149,49378,134069,4070,19,3
5926151,35191,13193,8196,15,0
5926466,23230,18498,8499,12,2
5926663,47350,161514,6547,20,4
5926663,47350,175435,5436,20,4
5926789,49813,81685,9210,24,1
5926850,62617,88665,8666,12,2
5926854,55216,7415,9916,13,4
5926918,68486,6039,8540,16,0
5927044,68869,56886,6887,18,2
5927207,71249,159995,7541,22,3
5927493,54757,36761,4271,18,2
5927525,37213,121570,9107,19,3
5927654,70100,112080,9614,17,1
5927875,38501,198080,5638,1,1
5927941,64127,54260,9271,16,0
5928195,25630,146602,1631,12,2
5928290,35014,189590,4627,1,1
5928419,65185,47995,7996,17,1
5928455,74411,51180,8696,24,1
5928609,39920,1930,4431,18,2
5928742,47987,167170,4719,17,1
5929093,35762,9668,9669,24,1
5929121,74029,140843,8386,21,2
5929380,23308,109608,9609,21,2
5929607,53614,171856,1857,12,2
5930053,24497,14875,2379,17,1
5930053,24497,195767,8287,17,1
5930080,70285,162707,2708,12,2
5930147,28024,160926,5959,17,1
5930179,29326,144033,6548,21,2
5930179,29326,149380,9381,21,2
5930241,51283,43600,6105,18,2
5930241,51283,118939,3962,18,2
5930535,34150,176583,9101,14,0
5930624,67438,182756,7793,17,1
5930816,25490,77070,7071,15,0
5931170,31339,52933,7944,17,1
5931234,49564,43965,1478,17,1
5931430,56056,150888,8434,13,4
5931430,56056,162034,9583,13,4
5931490,35018,189981,9982,15,0
5931648,72727,187212,2249,22,3
5931681,42226,10392,7896,20,4
5931751,39899,149124,6667,20,4
5932000,36434,101526,1527,21,2
5932133,30907,10467,5470,19,3
5932420,74842,44588,4589,16,0
5932518,59179,197041,2080,17,1
5932704,36898,85878,8387,22,3
5932736,59503,179340,1858,15,0
5932743,55537,122545,7570,19,3
5932774,44321,151766,1767,16,0
5933188,61327,6841,1842,16,0
5933510,57715,103494,3495,1,1
5933633,25270,174480,6998,21,2
5933760,58123,180700,8255,12,2
5933861,51856,110215,5238,21,2
5933891,25484,32217,4721,17,1
5934209,32708,109201,9202,12,2
5934243,41257,48631,8632,19,3
5934337,61903,72025,7040,16,0
5934340,51722,21803,1804,0,0
5934470,19450,125301,7814,1,1
5934497,19316,187419,7420,24,1
5934529,23341,110096,2608,24,1
5934594,34852,97077,7078,12,2
5934851,36251,65799,5800,0,0
5934851,36251,72733,5241,0,0
5934919,47855,179431,6983,14,0
5935013,64600,103133,3134,17,1
5935269,19753,2058,7059,22,3
5935426,48356,19947,9948,1,1
5935616,57799,155991,3537,19,3
5935618,40174,145936,3479,15,0
5935781,32617,183864,8901,24,1
5935906,46198,186196,3751,19,3
5935972,46778,101515,6536,22,3
5936038,45056,119510,4533,19,3
5936039,43268,65502,5503,16,0
5936100,57997,24153,6656,18,2
5936453,39487,19483,9484,19,3
5936641,64780,26738,1743,1,1
5936643,54406,87140,2157,17,1
5936774,48796,142036,4551,15,0
5936931,24655,97068,4596,13,4
5937058,66149,19825,7329,22,3
5937187,39229,9694,9695,17,1
5937188,59296,88213,5738,1,1
5937188,59296,186693,4248,1,1
5937350,62566,43731,6236,15,0
5937413,28351,42750,2751,13,4
5937414,71284,86066,8575,17,1
5937414,71284,100815,8346,17,1
5937414,71284,105215,5216,17,1
5937604,62240,131866,9406,0,0
5937703,38509,159214,4245,0,0
5937767,33862,155624,3170,16,0
5937856,51205,23488,8493,15,0
5937857,39530,67697,7698,1,1
5937862,70237,191345,6384,20,4
5937927,70021,102104,7125,19,3
5938144,23764,180527,5564,1,1
5938564,61867,169569,9570,1,1
5938627,26197,30958,8468,21,2
5938656,31594,154225,9256,16,0
5938691,58720,127391,2416,13,4
5938694,58042,185541,3096,0,0
5938822,26285,70214,2722,19,3
5938948,47134,110258,7792,15,0
5939010,52517,29316,6823,13,4
5939046,60220,43150,5655,15,0
5939393,36616,139668,7208,15,0
5939457,44821,29967,2470,22,3
5939460,24434,41380,6389,0,0
5939584,19481,102663,2664,18,2
5939584,19481,134750,2290,18,2
5939815,43939,137228,7229,21,2
5939879,41899,1396,8897,1,1
5940100,63175,54741,2257,23,3
5940130,27979,102054,2055,22,3
5940163,22090,49052,4061,19,3
5940230,34762,111442,6465,23,3
5940519,52336,167016,2049,14,0
5940577,20686,42219,4724,18,2
5940613,66970,190824,5863,14,0
5940803,19894,104603,7114,21,2
5940836,46954,14796,4797,15,0
5940994,50660,179452,4487,18,2
5941251,30418,146048,6049,1,1
5941282,41293,55876,5877,13,4
5941285,23594,65616,8123,13,4
5941314,63898,163461,8494,24,1
5941314,63898,179822,7374,24,1
5941510,60685,178691,3726,13,4
5941703,57040,36348,3858,12,2
5941891,25009,84359,4360,21,2
5942022,25705,48664,8665,15,0
5942339,69952,147959,5502,17,1
5942403,24467,101059,8590,24,1
5942438,55628,144961,2504,19,3
5942848,61967,154120,4121,24,1
5942980,36071,90544,8072,1,1
5943204,71603,8032,5533,16,0
5943296,66245,182535,2536,23,3
5943430,34915,18429,3432,18,2
5943460,23356,149823,9824,19,3
5943495,37699,170914,3432,18,2
5943526,27031,40969,8482,12,2
5943904,39884,104938,2469,13,4
5943911,37786,82298,9823,13,4
5944002,69068,197066,7067,23,3
5944167,25406,77353,4875,14,0
5944260,38047,150617,8163,22,3
5944548,65824,195625,5626,13,4
5944580,67199,126345,1370,22,3
5944833,29059,184758,9795,13,4
5944928,38758,16521,1524,12,2
5944928,38758,21192,3695,12,2
5945025,51241,19478,6982,19,3
5945060,44122,113834,1368,21,2
5945318,51124,142175,7204,1,1
5945414,45541,128819,1332,16,0
5945665,58094,172130,7165,0,0
5945699,70129,65289,5290,14,0
5945924,44735,196039,6040,0,0
5945990,26620,159248,9249,22,3
5946336,28585,127426,9939,18,2
5946433,19315,14428,4429,23,3
5946436,50923,30384,2888,21,2
5946531,20249,87109,7110,22,3
5946724,50272,109182,9183,12,2
5946754,74756,191804,9362,14,0
5946821,26279,125468,3005,1,1
5946947,27566,198869,3908,23,3
5947012,54707,170852,5887,1,1
5947046,40226,108329,5860,1,1
5947046,40226,179483,7035,1,1
5947302,29542,168718,8719,12,2
5947329,55033,66864,9371,16,0
5947490,73831,19118,4121,24,1
5947616,50834,76401,3923,15,0
5948291,70469,197279,2318,24,1
5948320,38179,78060,3075,20,4
5948390,56557,189733,7288,12,2
5948643,62332,181619,9174,13,4
5948672,62711,65688,8195,14,0
5948998,55372,159172,9173,16,0
5949248,32404,123274,5787,23,3
5949345,59761,140204,7747,14,0
5949509,23674,42401,9914,1,1
5949536,60688,47418,9923,23,3
5949634,41000,9895,2396,22,3
5950114,20152,121388,3901,12,2
5950212,37940,112592,2593,14,0
5950402,50911,162607,7640,17,1
5950470,27974,141375,3890,14,0
5950565,69800,164307,9340,14,0
5950594,27526,69020,9021,12,2
5950631,38578,15452,2956,13,4
5950656,65665,80423,7948,17,1
5950659,66107,89586,2095,20,4
5950695,60958,196086,6087,20,4
5950757,41257,75948,8456,19,3
5950979,25513,31511,4015,13,4
5951171,60788,85427,7936,13,4
5951238,29999,89240,4257,12,2
5951299,67576,18899,1401,23,3
5951527,65167,132575,7602,20,4
5951652,22139,57892,5408,24,1
5951943,36118,68914,3927,23,3
5951943,36118,147119,7120,23,3
5952099,61891,39820,7330,17,1
5952261,66883,83115,8132,17,1
5952327,73721,34906,9913,0,0
5952514,74686,192964,2965,19,3
5952614,41380,177221,4773,1,1
5952771,28435,118161,5695,18,2
5952773,43693,11885,1886,12,2
5952834,61568,103014,5525,14,0
5953248,45349,14398,1902,1,1
5953254,1643,132428,7455,13,4
5953313,21664,111740,9274,23,3
5953603,38950,113833,8856,16,0
5953734,30233,135415,5416,13,4
5954311,43717,24954,4955,16,0
5954626,43093,40673,3178,15,0
5954688,51319,161788,4305,19,3
5954691,51470,147015,2044,12,2
5955076,72559,161716,1717,0,0
5955172,52328,34931,7435,1,1
5955235,34646,14474,6976,23,3
5955719,73426,64498,2017,1,1
5955808,42709,158961,6507,22,3
5955846,51074,100561,5582,22,3
5956039,60097,123790,6303,21,2
5956098,20467,109159,1670,14,0
5956162,26761,30965,5972,1,1
5956293,27863,45141,2654,17,1
5956293,27863,64679,7186,17,1
5956388,23104,173645,6163,12,2
5956453,45119,54693,9704,19,3
5956551,69398,53028,5534,19,3
5956802,58651,169636,7185,16,0
5957351,43526,124192,4193,18,2
5957539,54241,175644,8162,21,2
5957569,25514,102076,7097,14,0
5957761,36653,134343,6857,17,1
5958023,47713,166570,4119,16,0
5958147,64640,7209,9710,12,2
5958336,30844,173457,3458,15,0
5958369,52715,144487,9516,19,3
5958564,68386,71643,6658,23,3
5958629,53311,137499,2526,22,3
5958725,33497,40580,8093,19,3
5958915,67903,181721,9276,22,3
5959269,36217,127921,2946,0,0
5959553,67621,157495,7496,15,0
5959559,67448,14100,9103,14,0
5959655,37642,184142,6661,12,2
5959776,51239,195275,7795,14,0
5959844,34468,164853,7370,20,4
5960038,52288,31170,8680,17,1
5960199,20863,102607,2608,24,1
5960422,35878,6825,1826,24,1
5960422,35878,101604,6625,24,1
5960451,43078,69235,4248,1,1
5960547,23125,105354,2885,12,2
5960769,37828,131888,9428,1,1
5960960,66895,51966,9482,14,0
5961570,46435,157439,9955,16,0
5961572,53179,112485,7508,15,0
5961671,67817,86767,9276,22,3
5961671,67817,163387,5904,22,3
5961922,53755,55698,8204,21,2
5961922,53755,149203,1718,21,2
5961924,69370,91867,9395,16,0
5962020,30325,122166,7191,19,3
5962086,35053,105762,5763,19,3
5962180,52546,68710,8711,16,0
5962371,26555,75836,8344,14,0
5962439,59107,178643,6195,0,0
5962502,21332,183876,6395,12,2
5962596,46510,27217,7218,22,3
5962944,21673,30937,5944,1,1
5963107,64483,139432,6972,18,2
5963169,22403,140790,5819,17,1
5963298,21445,126659,4196,13,4
5963335,70640,73722,8737,21,2
5963463,58043,199262,4301,1,1
5963713,31372,26910,1915,13,4
5963783,48110,169115,1632,14,0
5963842,62945,7558,7559,21,2
5963875,59179,99424,6952,17,1
5964038,50819,124335,1872,22,3
5964199,22673,6947,1948,24,1
5964260,62564,4363,1864,18,2
5964356,36419,21951,1952,13,4
5964518,39343,151345,1346,12,2
5964545,28723,183847,1402,1,1
5964705,34903,64864,4865,14,0
5965025,37217,47860,2869,20,4
5965154,62122,82215,2216,12,2
5965159,45341,179885,2403,22,3
5965731,59738,115778,8290,21,2
5965760,53884,111710,9244,1,1
5965760,53884,199349,9350,1,1
5965762,27266,24562,7065,15,0
5965764,70241,151024,3540,23,3
5965862,30280,44714,7219,21,2
5965925,40780,10004,5007,12,2
5965956,62984,177881,2916,22,3
5966022,67996,106073,8584,23,3
5966048,41443,38080,5590,24,1
5966401,37282,72962,2963,13,4
5966405,58661,137322,9836,22,3
5966500,21001,194284,1842,16,0
5967044,52732,74273,9288,21,2
5967044,52732,151328,6359,21,2
5967045,64618,97886,5414,22,3
5967079,52270,44855,4856,19,3
5967140,37459,185705,5706,17,1
5967172,28930,49397,1902,1,1
5967431,68050,142787,5302,0,0
5967490,31114,173520,6038,15,0
5967618,69685,56764,1775,12,2
5967814,60932,25462,5463,16,0
5968036,57106,113885,1419,22,3
5968096,40274,88524,8525,12,2
5968096,40274,184441,4442,12,2
5968194,37279,36793,4303,20,4
5968256,70039,189038,1557,18,2
5968259,58400,61454,1455,12,2
5968705,66881,180609,3128,24,1
5968709,45787,157141,2172,13,4
5968769,44074,194244,4245,0,0
5969031,37186,150329,7875,21,2
5969123,26569,162702,5219,12,2
5969446,70021,8982,8983,19,3
5969538,27349,67092,2105,16,0
5969697,38734,76518,9026,16,0
5970112,25411,179810,4845,16,0
5970465,21766,122164,7189,19,3
5970596,63889,167067,9584,21,2
5970599,38524,177619,2654,17,1
5970626,44923,105466,2997,15,0
5970752,58460,87562,5087,13,4
5970817,49174,55657,3173,15,0
5970849,54313,83818,1343,24,1
5970916,57851,107166,7167,0,0
5970918,64543,29731,9732,0,0
5970951,33394,51568,9084,0,0
5971043,63682,143762,3763,18,2
5971200,60890,137135,9649,15,0
5971206,64174,130072,7612,17,1
5971207,67061,47865,5378,16,0
5971207,67061,55930,3446,16,0
5971330,44618,185022,7541,22,3
5971493,23548,119979,9980,0,0
5971586,66256,136634,9148,1,1
5971717,55165,76545,4067,0,0
5971745,73645,1490,6491,15,0
5971840,35191,119881,9882,15,0
5972259,53833,6925,9426,23,3
5972421,50320,54635,7141,17,1
5972451,73309,67998,3011,21,2
5972484,54445,139081,1595,20,4
5972613,23188,9191,6692,14,0
5972837,67213,107737,2758,14,0
5972928,31306,10903,5906,20,4
5973122,68824,22326,2327,17,1
5973152,27679,50657,5668,21,2
5973153,21340,111783,4295,21,2
5973313,47428,122562,5075,15,0
5973440,51365,78730,3745,22,3
5973536,19633,2403,4904,16,0
5973569,20707,151593,1594,23,3
5973634,57095,58837,1343,24,1
5973764,20611,70475,5490,13,4
5973860,42106,57587,5103,21,2
5973955,26522,171670,9222,18,2
5974023,69115,78455,8456,19,3
5974406,50425,24223,6726,23,3
5974791,20728,127029,2054,23,3
5974819,56806,2914,2915,20,4
5974848,40112,149086,9087,23,3
5975013,67628,48083,8084,13,4
5975042,39424,87184,7185,16,0
5975170,45754,80450,5467,0,0
5975266,43615,19996,4999,18,2
5975392,48556,157067,9583,13,4
5975393,60752,56513,6514,12,2
5975713,20875,100417,2928,1,1
5975713,20875,195078,7598,1,1
5975840,57316,28625,6132,1,1
5975874,56780,5487,2988,14,0
5975874,56780,71525,9047,14,0
5975911,49871,70366,2874,23,3
5976071,59431,79618,4633,24,1
5976419,19673,59178,1684,12,2
5976675,56341,197672,5230,13,4
5976678,42283,24002,6505,20,4
5976896,67717,66271,8778,18,2
5976928,36277,198422,5980,19,3
5977024,69523,184722,4723,23,3
5977031,38059,128053,8054,21,2
5977189,34916,107300,4831,20,4
5977380,38605,172465,4983,12,2
5977476,38765,20374,5379,21,2
5977538,60106,163958,8991,24,1
5977572,19634,160962,3479,15,0
5977574,20704,73588,6096,18,2
5977794,25837,45076,5077,0,0
5977888,51313,131263,6290,21,2
5978115,71398,18816,3819,12,2
5978119,25334,182125,7162,21,2
5978242,67165,120168,7705,17,1
5978848,59686,34408,6912,24,1
5978886,26824,37957,7958,13,4
5979045,57641,15294,5295,17,1
5979046,57559,40068,5077,0,0
5979332,57835,169627,2144,14,0
5979392,66641,17127,2130,13,4
5979392,66641,30244,5251,13,4
5979395,72389,161877,6910,19,3
5979398,48689,109840,4861,22,3
5979620,42232,131809,6836,24,1
5980033,70178,21357,3860,14,0
5980097,51856,21511,6516,21,2
5980160,41554,12148,2149,24,1
5980324,36874,61178,3685,21,2
5980390,41282,154665,2211,16,0
5980513,40708,7264,7265,12,2
5980615,67642,187606,2643,21,2
5980742,41455,117983,3006,1,1
5980775,67037,111750,4262,16,0
5980800,37568,188213,5768,16,0
5980833,72067,198312,3351,1,1
5980996,47711,66477,3996,21,2
5981056,59945,68863,3876,18,2
5981094,45442,158522,6068,22,3
5981223,60194,890,5891,15,0
5981443,44632,143393,5908,19,3
5981573,63346,195886,8406,22,3
5981697,71714,127936,2961,17,1
5981730,30533,57181,2192,24,1
5981926,59557,13682,6184,15,0
5981953,53053,78477,8478,21,2
5982117,49142,89321,9322,22,3
5982343,43823,178763,6315,22,3
5982437,67204,144230,6745,12,2
5982498,44492,187048,4603,23,3
5982562,50152,139619,4646,1,1
5982659,60400,166841,1874,16,0
5982690,47764,40563,3068,18,2
5982880,72419,104662,2193,19,3
5983040,57424,145023,7538,16,0
5983104,22819,85310,7819,22,3
5983239,53501,134044,1584,21,2
5983330,73357,196912,1951,20,4
5983367,71692,196938,9458,12,2
5983459,72745,141679,4194,13,4
5983718,40240,70070,2578,17,1
5983744,69556,99383,1893,14,0
5983744,69556,129517,2030,14,0
5983811,58510,197782,5340,17,1
5983872,19220,1207,6208,22,3
5983872,19220,142288,2289,22,3
5983872,19220,187395,7396,22,3
5984419,54716,44815,4816,13,4
5984450,32143,194140,1698,0,0
5984581,36875,57711,5227,12,2
5984645,52172,46528,9033,17,1
5984710,39773,191282,1283,21,2
5984994,71480,97455,4983,12,2
5984994,71480,196948,1987,12,2
5985029,41339,174657,4658,0,0
5985090,74690,145558,5559,22,3
5985475,26959,127664,2689,17,1
5985636,73417,113730,3731,23,3
5985728,23435,166804,9321,13,4
5985798,63341,199456,9457,22,3
5985830,22027,103941,3942,16,0
5985891,22538,179115,6667,20,4
5985892,43463,159725,4756,1,1
5986336,67189,149382,9383,24,1
5986533,55670,4169,9170,23,3
5986690,72790,96965,9475,16,0
5986756,26974,125542,5543,12,2
5986978,22630,79433,4448,18,2
5987141,37900,106380,6381,20,4
5987207,19648,113143,3144,0,0
5987236,58790,158698,3729,24,1
5987362,60694,159253,9254,19,3
5987456,35965,153627,6143,16,0
5987459,25549,45412,7917,12,2
5987463,47413,107062,7063,12,2
5987526,44263,44536,9545,23,3
5987846,71515,177211,9729,16,0
5987907,59837,138304,8305,12,2
5988099,52474,95748,3276,19,3
5988163,28984,143983,1526,22,3
5988226,45421,54251,4252,1,1
5988290,68923,9083,9084,0,0
5988450,54955,81981,4490,15,0
5988646,61327,23000,5503,16,0
5988741,74251,64597,7104,17,1
5988864,50107,94122,6632,19,3
5988996,37792,1193,6194,14,0
5988997,44195,63079,8092,1,1
5989093,56603,10432,7936,13,4
5989155,73373,26709,9212,24,1
5989155,73373,104016,4017,24,1
5989248,33797,57314,9820,21,2
5989285,57280,163708,6225,18,2
5989351,47572,77713,2728,24,1
5989506,42760,183913,8950,23,3
5989573,49528,5602,8103,16,0
5989575,66848,153320,3321,1,1
5989762,74509,150497,5528,12,2
5989767,41107,74644,4645,18,2
5989825,61931,159642,9643,20,4
5989959,44914,178951,1469,16,0
5989986,26839,62722,2723,23,3
5990023,65318,147771,5314,1,1
5990051,59851,138815,1329,24,1
5990087,30709,68294,5813,15,0
5990144,61655,57983,2994,18,2
5990144,61655,176014,6015,18,2
5990208,53119,188359,5914,24,1
5990277,24752,162058,7091,15,0
5990468,1864,90569,8097,22,3
5990790,71450,74467,9482,14,0
5990915,27389,134290,4291,19,3
5990918,69004,62753,7766,24,1
5990918,69004,114664,9687,24,1
5991108,29809,87836,5361,15,0
5991207,61429,193567,8606,16,0
5991233,53998,174899,7417,20,4
5991394,47498,21289,3792,12,2
5991394,47498,151808,4324,12,2
5991585,64091,4076,6577,24,1
5991587,60400,133076,8103,16,0
5991649,54073,197886,7887,19,3
5991943,45464,80928,8453,1,1
5992071,20851,99116,6644,13,4
5992261,20117,124938,4939,18,2
5992519,52006,6211,6212,22,3
5992710,50317,73487,3488,22,3
5992737,61003,122996,8021,1,1
5992869,44653,27546,5053,15,0
5993030,19651,182606,7643,16,0
5993152,1306,194745,7265,12,2
5993156,50225,45832,3345,24,1
5993478,46684,73128,5636,16,0
5993507,70453,73426,5934,19,3
5993538,72811,85290,5291,13,4
5993760,58649,25007,7510,1,1
5993861,32245,39209,1713,12,2
5993861,32245,172740,2741,12,2
5993922,35204,1495,8996,20,4
5993956,23860,21490,1491,21,2
5994081,56624,99314,1824,13,4
5994306,64571,135892,3432,18,2
5994786,61664,89928,2437,15,0
5994944,50159,23948,8953,22,3
5995136,47873,52435,4941,22,3
5995136,47873,82244,4753,22,3
5995205,54346,166641,1674,18,2
5995330,33763,176579,9097,23,3
5995334,37865,12812,5314,1,1
5995429,60559,53412,3413,17,1
5995522,59800,116444,1467,17,1
5995556,53137,85936,8445,15,0
5995556,53137,128182,5719,15,0
5995622,60983,72310,2311,12,2
5995622,60983,109870,4891,12,2
5995653,70228,175489,5490,13,4
5995939,19715,54279,9290,16,0
5996100,58700,92095,9623,1,1
5996102,19339,11395,3897,0,0
5996452,20890,100744,5765,18,2
5996454,74360,47173,7174,24,1
5996673,73492,63800,8813,19,3
5996674,64949,145569,5570,16,0
5996806,34684,96983,6984,24,1
5997347,68968,178701,8702,20,4
5997409,22279,151491,9037,19,3
5997701,70501,132004,9544,17,1
5997859,70742,152247,4763,21,2
5997991,37097,198510,6068,22,3
5998116,70456,173836,3837,21,2
5998119,39554,176289,3841,1,1
5998183,27937,84768,7277,17,1
5998215,49775,79056,9057,12,2
5998630,48683,21040,3543,22,3
5998849,44902,115658,3192,15,0
5998852,31609,48062,5575,21,2
5998919,24827,199637,2157,17,1
5998945,36121,62959,7972,21,2
5999206,51442,22290,2291,1,1
5999264,54538,106828,4359,1,1
5999268,24691,144515,7030,16,0
5999298,34256,56638,4154,18,2
5999457,23917,98937,6465,23,3
5999911,53767,163524,8557,17,1
5999911,53767,165215,5216,17,1
303180374 microseconds
